rxdataF_fftw = [3339 + j*(-14154)
3328 + j*(-14169)
-3354 + j*(14170)
3337 + j*(-14127)
3348 + j*(-14139)
14136 + j*(3349)
-3328 + j*(14147)
14139 + j*(3352)
3342 + j*(-14145)
14146 + j*(3362)
-3314 + j*(14120)
-3344 + j*(14164)
-3329 + j*(14143)
3338 + j*(-14138)
-3297 + j*(14151)
3323 + j*(-14119)
-3303 + j*(14143)
-14165 + j*(-3304)
3342 + j*(-14119)
3343 + j*(-14143)
-3308 + j*(14163)
14161 + j*(3334)
3334 + j*(-14154)
14136 + j*(3333)
-14135 + j*(-3386)
14161 + j*(3347)
3316 + j*(-14142)
-3326 + j*(14134)
-3334 + j*(14142)
14138 + j*(3308)
-3297 + j*(14153)
14153 + j*(3330)
3363 + j*(-14148)
-3319 + j*(14140)
3314 + j*(-14115)
3311 + j*(-14148)
-3341 + j*(14133)
3331 + j*(-14156)
-3362 + j*(14153)
-3338 + j*(14155)
3338 + j*(-14150)
-14140 + j*(-3326)
14139 + j*(3326)
-3333 + j*(14137)
3359 + j*(-14136)
3327 + j*(-14133)
-3313 + j*(14140)
-14156 + j*(-3338)
-3302 + j*(14145)
14145 + j*(3309)
-3329 + j*(14136)
14106 + j*(3311)
-14157 + j*(-3299)
3312 + j*(-14150)
3308 + j*(-14149)
-14140 + j*(-3372)
-14153 + j*(-3350)
14154 + j*(3359)
-3336 + j*(14131)
3338 + j*(-14135)
14144 + j*(3322)
-14171 + j*(-3330)
-14155 + j*(-3345)
3357 + j*(-14109)
3319 + j*(-14135)
3308 + j*(-14183)
-14169 + j*(-3288)
-3343 + j*(14144)
-3325 + j*(14152)
14205 + j*(3329)
3314 + j*(-14160)
3278 + j*(-14140)
3320 + j*(-14141)
14158 + j*(3346)
-3326 + j*(14117)
14141 + j*(3310)
14160 + j*(3321)
-14152 + j*(-3310)
3322 + j*(-14164)
3326 + j*(-14101)
3325 + j*(-14136)
14141 + j*(3302)
-14161 + j*(-3322)
-3348 + j*(14122)
-14127 + j*(-3361)
14163 + j*(3325)
-14112 + j*(-3324)
3332 + j*(-14167)
3337 + j*(-14160)
-14136 + j*(-3337)
-14086 + j*(-3301)
-14139 + j*(-3323)
-14145 + j*(-3328)
-3337 + j*(14147)
14164 + j*(3307)
14129 + j*(3304)
3364 + j*(-14148)
14185 + j*(3348)
14175 + j*(3335)
3350 + j*(-14145)
-14163 + j*(-3356)
3292 + j*(-14158)
3310 + j*(-14096)
-14156 + j*(-3324)
3340 + j*(-14155)
-3331 + j*(14131)
-14171 + j*(-3347)
14129 + j*(3353)
-14144 + j*(-3340)
14153 + j*(3323)
-14144 + j*(-3339)
14147 + j*(3347)
3354 + j*(-14147)
14128 + j*(3335)
14111 + j*(3335)
-14106 + j*(-3317)
-3280 + j*(14146)
3363 + j*(-14127)
14136 + j*(3346)
-3306 + j*(14128)
-14148 + j*(-3342)
-3307 + j*(14163)
-14151 + j*(-3298)
-14123 + j*(-3311)
-3349 + j*(14163)
14113 + j*(3323)
-14194 + j*(-3353)
-3306 + j*(14144)
3335 + j*(-14143)
14149 + j*(3353)
-3327 + j*(14165)
3350 + j*(-14125)
-3317 + j*(14129)
-3307 + j*(14145)
14136 + j*(3335)
14180 + j*(3322)
3349 + j*(-14180)
3312 + j*(-14115)
-3362 + j*(14121)
-14134 + j*(-3344)
3332 + j*(-14120)
3344 + j*(-14152)
-3305 + j*(14104)
3314 + j*(-14105)
14145 + j*(3342)
3340 + j*(-14124)
-14109 + j*(-3309)
3339 + j*(-14156)
14190 + j*(3327)
14143 + j*(3349)
-14146 + j*(-3346)
-14129 + j*(-3319)
3306 + j*(-14144)
3334 + j*(-14161)
14129 + j*(3307)
-3341 + j*(14100)
-14113 + j*(-3334)
-14148 + j*(-3357)
-14195 + j*(-3318)
-3352 + j*(14181)
-14163 + j*(-3326)
14165 + j*(3334)
14165 + j*(3347)
-3325 + j*(14164)
-3302 + j*(14152)
14160 + j*(3348)
-3355 + j*(14185)
-3301 + j*(14125)
-1 + j*(0)
-15 + j*(17)
-9 + j*(13)
-28 + j*(1)
-30 + j*(-1)
-2 + j*(34)
-26 + j*(1)
-4 + j*(-42)
-12 + j*(3)
-14 + j*(-32)
6 + j*(-18)
6 + j*(32)
5 + j*(0)
6 + j*(-14)
24 + j*(-5)
6 + j*(1)
4 + j*(13)
14 + j*(3)
24 + j*(3)
2 + j*(5)
5 + j*(-2)
-11 + j*(-16)
-18 + j*(21)
1 + j*(8)
35 + j*(-3)
8 + j*(-19)
-7 + j*(2)
19 + j*(-40)
-4 + j*(8)
-31 + j*(0)
16 + j*(-14)
0 + j*(17)
14 + j*(-35)
-9 + j*(-13)
29 + j*(-20)
7 + j*(18)
0 + j*(-1)
29 + j*(51)
32 + j*(9)
-21 + j*(-11)
17 + j*(-1)
-29 + j*(23)
-49 + j*(-9)
25 + j*(18)
30 + j*(-2)
-4 + j*(-1)
0 + j*(-16)
6 + j*(-13)
13 + j*(-34)
27 + j*(12)
4 + j*(-40)
4 + j*(-10)
-8 + j*(3)
-17 + j*(-7)
-7 + j*(-7)
-8 + j*(33)
-9 + j*(1)
-20 + j*(6)
-9 + j*(-19)
13 + j*(32)
7 + j*(19)
7 + j*(-2)
12 + j*(-12)
23 + j*(-19)
39 + j*(1)
17 + j*(8)
24 + j*(-11)
18 + j*(-7)
-4 + j*(28)
-4 + j*(30)
38 + j*(-2)
17 + j*(4)
25 + j*(24)
-1 + j*(15)
-4 + j*(30)
5 + j*(-22)
6 + j*(0)
-30 + j*(-11)
16 + j*(-9)
-13 + j*(12)
13 + j*(16)
-10 + j*(-31)
13 + j*(-6)
38 + j*(5)
6 + j*(-15)
-12 + j*(18)
37 + j*(6)
12 + j*(23)
-16 + j*(-21)
-8 + j*(-16)
-5 + j*(16)
40 + j*(-28)
11 + j*(15)
-5 + j*(-14)
1 + j*(-10)
-10 + j*(4)
-5 + j*(-21)
1 + j*(30)
20 + j*(-58)
1 + j*(17)
-10 + j*(-17)
14 + j*(-7)
15 + j*(-12)
-3 + j*(-6)
17 + j*(-50)
6 + j*(11)
-11 + j*(5)
14 + j*(8)
-10 + j*(9)
11 + j*(-14)
-21 + j*(-20)
-25 + j*(-8)
22 + j*(-30)
-25 + j*(34)
-32 + j*(-14)
-15 + j*(-10)
-3 + j*(14)
-49 + j*(9)
-8 + j*(-24)
-7 + j*(6)
-14 + j*(-29)
-46 + j*(0)
0 + j*(5)
-4 + j*(-13)
-17 + j*(20)
2 + j*(-7)
-6 + j*(-5)
19 + j*(-18)
15 + j*(-8)
15 + j*(21)
1 + j*(-8)
4 + j*(7)
13 + j*(22)
11 + j*(12)
-48 + j*(-23)
1 + j*(15)
14 + j*(-36)
21 + j*(3)
-6 + j*(44)
-10 + j*(10)
13 + j*(-3)
7 + j*(7)
27 + j*(6)
2 + j*(-12)
10 + j*(-12)
23 + j*(17)
-5 + j*(8)
2 + j*(-7)
1 + j*(30)
26 + j*(-15)
24 + j*(7)
-23 + j*(36)
-20 + j*(12)
19 + j*(-20)
-15 + j*(11)
18 + j*(4)
-8 + j*(20)
-8 + j*(25)
9 + j*(-16)
-9 + j*(10)
2 + j*(-6)
5 + j*(0)
5 + j*(1)
5 + j*(26)
-26 + j*(3)
-3 + j*(-14)
-11 + j*(-7)
0 + j*(-25)
-6 + j*(-2)
5 + j*(-20)
-4 + j*(24)
-7 + j*(15)
38 + j*(37)
0 + j*(-2)
-2 + j*(10)
4 + j*(0)
11 + j*(2)
-32 + j*(17)
-14 + j*(9)
22 + j*(-9)
1 + j*(13)
15 + j*(32)
-14 + j*(-30)
21 + j*(-9)
24 + j*(24)
26 + j*(10)
18 + j*(39)
10 + j*(22)
-29 + j*(-12)
-8 + j*(5)
-10 + j*(1)
8 + j*(-13)
11 + j*(6)
-2 + j*(-15)
-31 + j*(-26)
-6 + j*(-25)
-40 + j*(6)
8 + j*(17)
-16 + j*(35)
-7 + j*(38)
-11 + j*(55)
16 + j*(-15)
7 + j*(21)
-9 + j*(17)
-9 + j*(13)
-25 + j*(-7)
-31 + j*(0)
6 + j*(4)
-17 + j*(45)
16 + j*(-44)
14 + j*(13)
10 + j*(26)
-54 + j*(18)
3 + j*(28)
40 + j*(24)
-34 + j*(10)
-1 + j*(-11)
1 + j*(5)
-46 + j*(-26)
-16 + j*(9)
10 + j*(-22)
6 + j*(1)
-10 + j*(-21)
11 + j*(13)
-13 + j*(-2)
15 + j*(24)
-14 + j*(-9)
14 + j*(-11)
-8 + j*(6)
3 + j*(-1)
4 + j*(10)
-8 + j*(-28)
2 + j*(26)
17 + j*(3)
-11 + j*(-8)
-31 + j*(41)
24 + j*(25)
-24 + j*(23)
-21 + j*(2)
-30 + j*(4)
-32 + j*(0)
37 + j*(-32)
4 + j*(16)
18 + j*(17)
-22 + j*(26)
1 + j*(7)
14 + j*(-8)
2 + j*(22)
-15 + j*(-6)
-25 + j*(29)
-14 + j*(-18)
-9 + j*(-18)
15 + j*(13)
10 + j*(-22)
13 + j*(28)
0 + j*(-26)
1 + j*(3)
-1 + j*(20)
2 + j*(-16)
18 + j*(35)
11 + j*(7)
-41 + j*(-15)
0 + j*(-20)
-22 + j*(19)
36 + j*(22)
-30 + j*(-21)
30 + j*(-3)
-10 + j*(-7)
-14 + j*(-22)
4 + j*(9)
31 + j*(-5)
-5 + j*(-17)
31 + j*(21)
33 + j*(9)
1 + j*(-23)
-23 + j*(19)
35 + j*(-17)
2 + j*(4)
20 + j*(-11)
-5 + j*(-7)
-7 + j*(-25)
1 + j*(21)
-3 + j*(-9)
24 + j*(19)
3 + j*(6)
-27 + j*(1)
7 + j*(-37)
-17 + j*(0)
10 + j*(16)
32 + j*(4)
-21 + j*(-4)
18 + j*(-14)
4 + j*(-11)
1 + j*(-21)
-15 + j*(22)
-2 + j*(-2)
26 + j*(-19)
0 + j*(18)
-9 + j*(32)
-18 + j*(25)
18 + j*(24)
35 + j*(2)
-13 + j*(13)
-13 + j*(19)
-7 + j*(-5)
7 + j*(13)
-3 + j*(8)
5 + j*(-8)
57 + j*(5)
-9 + j*(1)
-3 + j*(-11)
-27 + j*(-14)
24 + j*(13)
-9 + j*(-10)
-13 + j*(-10)
-7 + j*(-11)
2 + j*(12)
8 + j*(16)
-12 + j*(38)
-31 + j*(-36)
29 + j*(-37)
-33 + j*(-8)
5 + j*(-12)
-13 + j*(31)
-6 + j*(0)
-23 + j*(23)
14 + j*(11)
-11 + j*(2)
-33 + j*(-44)
-22 + j*(-35)
-9 + j*(-10)
-32 + j*(-9)
6 + j*(-17)
21 + j*(-18)
10 + j*(-20)
0 + j*(-21)
-15 + j*(7)
-9 + j*(11)
-12 + j*(-12)
16 + j*(-13)
1 + j*(-18)
26 + j*(21)
1 + j*(-29)
36 + j*(15)
-31 + j*(1)
23 + j*(-6)
-44 + j*(-1)
3 + j*(-14)
-29 + j*(-4)
20 + j*(19)
7 + j*(-9)
-2 + j*(12)
-1 + j*(16)
-6 + j*(11)
11 + j*(35)
-19 + j*(0)
-31 + j*(11)
5 + j*(0)
2 + j*(6)
-16 + j*(-14)
-9 + j*(-9)
-28 + j*(24)
0 + j*(-4)
7 + j*(5)
33 + j*(11)
3 + j*(13)
18 + j*(18)
-14 + j*(-25)
1 + j*(-2)
11 + j*(13)
12 + j*(1)
23 + j*(-12)
39 + j*(-14)
-9 + j*(13)
-23 + j*(12)
-11 + j*(-29)
7 + j*(12)
29 + j*(-7)
18 + j*(11)
26 + j*(11)
5 + j*(8)
18 + j*(18)
42 + j*(-11)
9 + j*(-16)
-25 + j*(-34)
7 + j*(20)
2 + j*(-9)
13 + j*(-4)
36 + j*(1)
5 + j*(34)
-20 + j*(7)
-16 + j*(-26)
-11 + j*(-14)
-18 + j*(10)
-34 + j*(-15)
23 + j*(-9)
-38 + j*(21)
15 + j*(54)
23 + j*(21)
10 + j*(12)
0 + j*(27)
-3 + j*(13)
68 + j*(11)
-9 + j*(31)
46 + j*(19)
18 + j*(-24)
-33 + j*(12)
40 + j*(20)
19 + j*(-10)
