rxdataF_fftw = [11286 + j*(-20355)
10 + j*(0)
11296 + j*(-20354)
-1 + j*(0)
-20318 + j*(-11282)
0 + j*(0)
20342 + j*(11277)
5 + j*(-2)
11239 + j*(-20376)
1 + j*(5)
-20329 + j*(-11265)
0 + j*(2)
20311 + j*(11298)
-3 + j*(6)
-20316 + j*(-11256)
0 + j*(1)
-20399 + j*(-11319)
-1 + j*(6)
-20341 + j*(-11231)
11 + j*(-3)
-20345 + j*(-11294)
-6 + j*(6)
11326 + j*(-20332)
-3 + j*(-1)
20364 + j*(11304)
-3 + j*(6)
11277 + j*(-20338)
-5 + j*(-2)
20357 + j*(11255)
7 + j*(3)
11273 + j*(-20318)
4 + j*(4)
-11242 + j*(20388)
-1 + j*(0)
11228 + j*(-20329)
-2 + j*(0)
11248 + j*(-20345)
-5 + j*(8)
-11260 + j*(20329)
7 + j*(10)
20361 + j*(11293)
0 + j*(-2)
20369 + j*(11312)
-1 + j*(4)
-20325 + j*(-11250)
0 + j*(1)
20321 + j*(11257)
-3 + j*(-5)
-20362 + j*(-11258)
4 + j*(-4)
-20342 + j*(-11305)
-7 + j*(-3)
-11294 + j*(20338)
-5 + j*(15)
11265 + j*(-20350)
11 + j*(0)
11283 + j*(-20333)
-8 + j*(-5)
-20379 + j*(-11221)
-1 + j*(5)
-11288 + j*(20356)
-2 + j*(6)
20358 + j*(11347)
4 + j*(-5)
11263 + j*(-20377)
4 + j*(0)
-11272 + j*(20351)
3 + j*(3)
-20303 + j*(-11252)
0 + j*(3)
20357 + j*(11273)
0 + j*(2)
-11256 + j*(20335)
0 + j*(-3)
11287 + j*(-20350)
-3 + j*(0)
-20372 + j*(-11228)
5 + j*(-2)
-20395 + j*(-11249)
-6 + j*(2)
11281 + j*(-20346)
2 + j*(0)
-11258 + j*(20361)
4 + j*(2)
-11281 + j*(20342)
-4 + j*(2)
-11351 + j*(20320)
4 + j*(6)
11253 + j*(-20300)
2 + j*(4)
11238 + j*(-20397)
-10 + j*(3)
-11316 + j*(20354)
6 + j*(1)
-20345 + j*(-11235)
-5 + j*(12)
11285 + j*(-20347)
-4 + j*(2)
20357 + j*(11264)
7 + j*(5)
-20339 + j*(-11309)
1 + j*(10)
-11224 + j*(20333)
7 + j*(6)
-11313 + j*(20320)
-7 + j*(-7)
20349 + j*(11241)
5 + j*(-8)
20334 + j*(11259)
-2 + j*(-4)
-20319 + j*(-11254)
0 + j*(6)
20350 + j*(11256)
-3 + j*(2)
-11269 + j*(20314)
2 + j*(5)
-11263 + j*(20402)
-3 + j*(-5)
11285 + j*(-20337)
5 + j*(-4)
-20421 + j*(-11246)
-1 + j*(9)
20358 + j*(11283)
1 + j*(0)
20361 + j*(11239)
5 + j*(-2)
11278 + j*(-20327)
0 + j*(-2)
-20308 + j*(-11283)
-1 + j*(-5)
11303 + j*(-20380)
-7 + j*(-3)
20302 + j*(11280)
1 + j*(8)
11266 + j*(-20292)
9 + j*(3)
20348 + j*(11260)
-5 + j*(-3)
-20320 + j*(-11257)
-2 + j*(1)
-20353 + j*(-11255)
0 + j*(-6)
-20307 + j*(-11260)
-7 + j*(2)
-20320 + j*(-11257)
1 + j*(1)
-20350 + j*(-11262)
0 + j*(0)
11266 + j*(-20377)
0 + j*(4)
-20331 + j*(-11265)
-1 + j*(-3)
-20307 + j*(-11273)
0 + j*(1)
20345 + j*(11278)
-1 + j*(-2)
-11297 + j*(20319)
0 + j*(2)
20312 + j*(11271)
-3 + j*(3)
20381 + j*(11310)
0 + j*(-2)
20331 + j*(11268)
8 + j*(-1)
11250 + j*(-20345)
4 + j*(14)
11317 + j*(-20329)
1 + j*(-3)
-23 + j*(35)
0 + j*(6)
13 + j*(4)
8 + j*(4)
-10 + j*(33)
-1 + j*(7)
-28 + j*(-29)
-1 + j*(4)
1 + j*(-30)
2 + j*(0)
33 + j*(-14)
2 + j*(1)
-8 + j*(-22)
7 + j*(2)
-4 + j*(-30)
1 + j*(-5)
-20 + j*(-22)
3 + j*(-1)
2 + j*(-12)
5 + j*(6)
-3 + j*(-43)
6 + j*(10)
2 + j*(-30)
4 + j*(0)
-34 + j*(6)
-8 + j*(6)
-23 + j*(35)
5 + j*(4)
10 + j*(24)
-2 + j*(-3)
40 + j*(23)
-12 + j*(9)
48 + j*(-23)
7 + j*(5)
10 + j*(3)
-9 + j*(2)
38 + j*(-13)
6 + j*(3)
-48 + j*(5)
0 + j*(6)
15 + j*(13)
0 + j*(6)
-17 + j*(-7)
-3 + j*(-4)
17 + j*(27)
1 + j*(5)
-4 + j*(-8)
3 + j*(-5)
38 + j*(-25)
-2 + j*(9)
-2 + j*(29)
-5 + j*(6)
49 + j*(8)
-3 + j*(1)
-13 + j*(51)
1 + j*(0)
-43 + j*(-14)
0 + j*(0)
-2 + j*(-27)
1 + j*(2)
5 + j*(15)
2 + j*(-1)
-53 + j*(20)
3 + j*(-4)
6 + j*(-32)
-4 + j*(0)
-15 + j*(17)
0 + j*(3)
0 + j*(42)
-3 + j*(6)
-22 + j*(-14)
2 + j*(6)
-27 + j*(21)
4 + j*(2)
-12 + j*(19)
2 + j*(4)
19 + j*(6)
3 + j*(1)
-27 + j*(-13)
-3 + j*(4)
-39 + j*(-32)
3 + j*(-2)
-2 + j*(-19)
-9 + j*(0)
-23 + j*(3)
-8 + j*(0)
-25 + j*(21)
-5 + j*(-2)
-27 + j*(-48)
1 + j*(7)
21 + j*(0)
2 + j*(3)
-11 + j*(-15)
5 + j*(4)
-20 + j*(29)
1 + j*(2)
-24 + j*(0)
3 + j*(-1)
19 + j*(-4)
4 + j*(-2)
-11 + j*(-5)
5 + j*(4)
-20 + j*(-2)
2 + j*(5)
-4 + j*(66)
1 + j*(2)
-20 + j*(-42)
1 + j*(0)
-16 + j*(-6)
4 + j*(4)
4 + j*(-3)
-6 + j*(-3)
-33 + j*(-33)
0 + j*(6)
14 + j*(-15)
0 + j*(-2)
-18 + j*(37)
0 + j*(3)
12 + j*(8)
0 + j*(3)
20 + j*(-3)
-1 + j*(5)
-20 + j*(49)
-6 + j*(0)
15 + j*(6)
1 + j*(3)
-21 + j*(1)
5 + j*(3)
-11 + j*(-29)
0 + j*(1)
15 + j*(38)
-1 + j*(4)
-25 + j*(-7)
1 + j*(-2)
10 + j*(29)
-4 + j*(2)
-20 + j*(16)
1 + j*(2)
-28 + j*(-34)
-6 + j*(0)
-19 + j*(36)
-1 + j*(0)
-5 + j*(30)
-2 + j*(5)
11 + j*(15)
-2 + j*(1)
35 + j*(-28)
1 + j*(6)
-21 + j*(-3)
0 + j*(0)
-9 + j*(-40)
-2 + j*(0)
-18 + j*(22)
-1 + j*(1)
27 + j*(-20)
3 + j*(3)
-2 + j*(33)
1 + j*(-2)
33 + j*(27)
0 + j*(0)
0 + j*(-29)
-2 + j*(-1)
4 + j*(25)
-1 + j*(0)
35 + j*(-34)
-1 + j*(2)
-28 + j*(13)
-1 + j*(0)
26 + j*(-16)
-2 + j*(3)
-2 + j*(-43)
2 + j*(3)
9 + j*(53)
0 + j*(0)
5 + j*(-18)
0 + j*(-1)
24 + j*(47)
-5 + j*(3)
-17 + j*(-11)
-1 + j*(4)
-18 + j*(23)
-1 + j*(1)
10 + j*(28)
0 + j*(0)
-14 + j*(23)
0 + j*(3)
-7 + j*(26)
-1 + j*(4)
-49 + j*(4)
-1 + j*(2)
33 + j*(-47)
0 + j*(1)
-6 + j*(-36)
4 + j*(0)
-2 + j*(23)
0 + j*(4)
25 + j*(11)
0 + j*(3)
27 + j*(11)
0 + j*(2)
-3 + j*(10)
0 + j*(3)
-33 + j*(-10)
0 + j*(0)
-23 + j*(-35)
0 + j*(2)
19 + j*(10)
1 + j*(1)
4 + j*(20)
0 + j*(-1)
4 + j*(-31)
1 + j*(0)
-22 + j*(-22)
-4 + j*(0)
-15 + j*(-14)
1 + j*(2)
-54 + j*(49)
0 + j*(2)
22 + j*(24)
0 + j*(0)
8 + j*(9)
-2 + j*(2)
-15 + j*(16)
0 + j*(3)
-10 + j*(16)
1 + j*(0)
-6 + j*(-18)
-4 + j*(2)
23 + j*(15)
0 + j*(0)
-3 + j*(-6)
-2 + j*(4)
7 + j*(-7)
1 + j*(1)
-21 + j*(61)
-2 + j*(-2)
3 + j*(9)
-1 + j*(0)
-22 + j*(-1)
0 + j*(4)
11 + j*(-16)
0 + j*(5)
-6 + j*(-26)
-1 + j*(0)
-3 + j*(8)
0 + j*(2)
-11 + j*(-5)
3 + j*(3)
22 + j*(14)
-3 + j*(2)
25 + j*(36)
0 + j*(-1)
-50 + j*(36)
0 + j*(1)
38 + j*(9)
-1 + j*(-1)
-42 + j*(8)
1 + j*(2)
-6 + j*(-29)
-2 + j*(3)
-7 + j*(-6)
-2 + j*(5)
-2 + j*(-17)
4 + j*(6)
25 + j*(6)
1 + j*(6)
15 + j*(-19)
-6 + j*(-3)
4 + j*(-48)
-2 + j*(3)
-2 + j*(-7)
-10 + j*(7)
-5 + j*(44)
-4 + j*(3)
-22 + j*(-6)
1 + j*(7)
-15 + j*(-14)
9 + j*(-3)
-12 + j*(11)
-3 + j*(3)
-7 + j*(-17)
0 + j*(3)
-13 + j*(55)
-4 + j*(-3)
-11 + j*(-20)
1 + j*(0)
4 + j*(10)
1 + j*(0)
-18 + j*(-1)
-4 + j*(2)
1 + j*(23)
10 + j*(1)
-5 + j*(-9)
-3 + j*(7)
-10 + j*(-20)
3 + j*(4)
35 + j*(1)
5 + j*(1)
2 + j*(-6)
6 + j*(9)
-44 + j*(-6)
4 + j*(2)
-31 + j*(-11)
4 + j*(1)
-7 + j*(31)
-2 + j*(8)
-30 + j*(-22)
2 + j*(-6)
26 + j*(25)
-12 + j*(-5)
-15 + j*(-40)
0 + j*(0)
-33 + j*(5)
-12 + j*(1)
48 + j*(-54)
3 + j*(-4)
0 + j*(-15)
0 + j*(3)
-4 + j*(41)
9 + j*(16)
-3 + j*(-50)
-14 + j*(-5)
-75 + j*(58)
-9 + j*(-7)
26 + j*(-60)
-2 + j*(0)
10 + j*(-24)
-9 + j*(-1)
27 + j*(-3)
13 + j*(-9)
-14 + j*(-9)
-5 + j*(12)
-28 + j*(-27)
0 + j*(3)
-21 + j*(3)
6 + j*(2)
26 + j*(24)
0 + j*(0)
-18 + j*(-47)
2 + j*(-3)
22 + j*(-22)
-12 + j*(0)
-1 + j*(-17)
0 + j*(-8)
5 + j*(0)
-2 + j*(8)
35 + j*(-6)
-2 + j*(6)
39 + j*(-15)
-18 + j*(19)
31 + j*(-18)
-9 + j*(4)
28 + j*(-6)
1 + j*(-3)
31 + j*(14)
3 + j*(3)
-14 + j*(26)
1 + j*(15)
-4 + j*(-7)
1 + j*(-1)
-24 + j*(0)
-1 + j*(-1)
34 + j*(46)
-8 + j*(18)
13 + j*(0)
2 + j*(-6)
-1 + j*(11)
6 + j*(-5)
22 + j*(-25)
17 + j*(2)
-12 + j*(34)
-11 + j*(16)
-25 + j*(-21)
-9 + j*(8)
-43 + j*(54)
8 + j*(-12)
-2 + j*(-25)
1 + j*(-3)
-20 + j*(-85)
-7 + j*(17)
17 + j*(-16)
16 + j*(6)
11 + j*(33)
-12 + j*(9)
45 + j*(10)
24 + j*(4)
-17 + j*(28)
24 + j*(-15)
-19 + j*(28)
-20 + j*(-11)
-8 + j*(-10)
-7 + j*(3)
24 + j*(-25)
9 + j*(-27)
-27 + j*(54)
-8 + j*(5)
-5 + j*(4)
13 + j*(27)
-2 + j*(-33)
-13 + j*(-3)
-58 + j*(-6)
-4 + j*(1)
-21 + j*(-15)
9 + j*(-13)
-44 + j*(-7)
-13 + j*(-3)
-18 + j*(18)
10 + j*(0)
0 + j*(-5)
13 + j*(15)
49 + j*(13)
0 + j*(5)
16 + j*(-28)
35 + j*(10)
-32 + j*(-20)
20 + j*(8)
46 + j*(-1)
-3 + j*(-26)
30 + j*(-34)
-5 + j*(18)
40 + j*(27)
34 + j*(-3)
12 + j*(13)
14 + j*(-30)
-39 + j*(-22)
2 + j*(5)
-13 + j*(-40)
17 + j*(10)
-62 + j*(-38)
3 + j*(23)
-2 + j*(-8)
0 + j*(6)
0 + j*(-18)
0 + j*(7)
-1 + j*(35)
10 + j*(8)
27 + j*(17)
21 + j*(11)
-81 + j*(57)
27 + j*(-4)
57 + j*(0)
20 + j*(0)
-35 + j*(4)
10 + j*(-14)
46 + j*(-22)
-27 + j*(-18)
12 + j*(36)
4 + j*(-1)
-11 + j*(-2)
-17 + j*(-13)
41 + j*(41)
-18 + j*(-4)
-9 + j*(-59)
-2 + j*(17)
-20 + j*(0)
-29 + j*(10)
-32 + j*(-7)
-35 + j*(8)
-31 + j*(12)
27 + j*(2)
73 + j*(-22)
-35 + j*(-22)
-50 + j*(32)
0 + j*(-27)
13 + j*(5)
-23 + j*(13)
