rxdataF_fftw = [-28262 + j*(22724)
-22679 + j*(-28276)
28287 + j*(-22727)
-22684 + j*(-28242)
-28251 + j*(22710)
22656 + j*(28272)
28247 + j*(-22691)
28272 + j*(-22687)
-28302 + j*(22640)
28275 + j*(-22678)
28310 + j*(-22707)
28257 + j*(-22697)
-22697 + j*(-28267)
-22722 + j*(-28270)
-22699 + j*(-28276)
28279 + j*(-22705)
-22701 + j*(-28238)
22694 + j*(28243)
-22690 + j*(-28272)
22703 + j*(28263)
-28283 + j*(22705)
22725 + j*(28313)
22676 + j*(28301)
22724 + j*(28246)
28257 + j*(-22715)
28291 + j*(-22721)
-28298 + j*(22701)
28301 + j*(-22687)
-28260 + j*(22707)
28233 + j*(-22661)
22683 + j*(28294)
-28247 + j*(22694)
-22719 + j*(-28298)
28276 + j*(-22678)
-28265 + j*(22706)
28311 + j*(-22709)
-28281 + j*(22703)
22695 + j*(28271)
22682 + j*(28293)
28250 + j*(-22699)
28315 + j*(-22659)
-22708 + j*(-28249)
-28254 + j*(22707)
28274 + j*(-22729)
-28241 + j*(22674)
-22671 + j*(-28270)
-22664 + j*(-28235)
-22689 + j*(-28278)
22689 + j*(28275)
28266 + j*(-22702)
28267 + j*(-22672)
-28236 + j*(22728)
-28308 + j*(22703)
-22666 + j*(-28247)
22689 + j*(28260)
28288 + j*(-22708)
-22697 + j*(-28302)
-28269 + j*(22671)
22734 + j*(28280)
28279 + j*(-22674)
-28272 + j*(22695)
-22688 + j*(-28286)
22708 + j*(28311)
-22720 + j*(-28286)
28288 + j*(-22680)
28281 + j*(-22706)
-22699 + j*(-28266)
22692 + j*(28304)
-22683 + j*(-28261)
-22732 + j*(-28269)
-22710 + j*(-28266)
-22698 + j*(-28304)
28289 + j*(-22688)
-22703 + j*(-28280)
22690 + j*(28275)
-28302 + j*(22670)
28271 + j*(-22690)
22689 + j*(28262)
22699 + j*(28305)
-22724 + j*(-28266)
28298 + j*(-22685)
28315 + j*(-22701)
-28285 + j*(22686)
-28233 + j*(22676)
-28286 + j*(22690)
-28252 + j*(22696)
-22688 + j*(-28250)
-28266 + j*(22658)
22695 + j*(28252)
22684 + j*(28283)
28265 + j*(-22680)
-28263 + j*(22701)
22680 + j*(28252)
28247 + j*(-22697)
28275 + j*(-22666)
22664 + j*(28256)
-22693 + j*(-28283)
-22681 + j*(-28306)
22666 + j*(28278)
-22717 + j*(-28261)
28272 + j*(-22677)
-28258 + j*(22698)
28273 + j*(-22664)
28260 + j*(-22714)
-22698 + j*(-28277)
28258 + j*(-22698)
-28289 + j*(22709)
-22666 + j*(-28278)
-22677 + j*(-28275)
-28275 + j*(22702)
22700 + j*(28263)
-28273 + j*(22683)
22657 + j*(28254)
28272 + j*(-22673)
22704 + j*(28261)
-22672 + j*(-28263)
28295 + j*(-22733)
-22669 + j*(-28255)
22699 + j*(28276)
-28260 + j*(22678)
-28277 + j*(22688)
22726 + j*(28282)
22696 + j*(28280)
28270 + j*(-22700)
-22699 + j*(-28277)
22710 + j*(28245)
22707 + j*(28277)
-28285 + j*(22688)
-28260 + j*(22711)
-22680 + j*(-28292)
22706 + j*(28248)
-22688 + j*(-28270)
-28278 + j*(22679)
-28302 + j*(22704)
22671 + j*(28321)
22703 + j*(28296)
22673 + j*(28274)
-28266 + j*(22691)
28294 + j*(-22708)
-22686 + j*(-28283)
22714 + j*(28308)
-28291 + j*(22680)
-22683 + j*(-28259)
-22717 + j*(-28273)
28246 + j*(-22675)
-22656 + j*(-28297)
-28259 + j*(22674)
-28258 + j*(22688)
22688 + j*(28296)
22756 + j*(28256)
28289 + j*(-22689)
-22684 + j*(-28267)
28266 + j*(-22675)
22687 + j*(28282)
-28247 + j*(22717)
28252 + j*(-22711)
-22719 + j*(-28286)
-22704 + j*(-28287)
28257 + j*(-22693)
-28294 + j*(22681)
-22741 + j*(-28285)
22706 + j*(28275)
-28285 + j*(22724)
22691 + j*(28272)
-28277 + j*(22715)
-22710 + j*(-28236)
-28272 + j*(22698)
-22723 + j*(-28259)
-22 + j*(-6)
-2 + j*(27)
-12 + j*(10)
-40 + j*(-4)
9 + j*(-23)
14 + j*(15)
-21 + j*(0)
-21 + j*(-33)
14 + j*(29)
-22 + j*(-17)
26 + j*(-12)
18 + j*(-12)
21 + j*(-15)
15 + j*(-7)
1 + j*(8)
44 + j*(30)
29 + j*(-5)
26 + j*(-12)
24 + j*(20)
-10 + j*(7)
26 + j*(7)
-11 + j*(-8)
10 + j*(-23)
16 + j*(-8)
-7 + j*(1)
-12 + j*(-10)
17 + j*(27)
11 + j*(24)
-2 + j*(-41)
7 + j*(2)
-7 + j*(11)
-25 + j*(-40)
7 + j*(0)
-5 + j*(11)
-14 + j*(26)
10 + j*(11)
-6 + j*(-8)
7 + j*(-9)
9 + j*(11)
19 + j*(-40)
-24 + j*(13)
-8 + j*(-20)
-20 + j*(-38)
-6 + j*(1)
2 + j*(9)
-7 + j*(7)
-3 + j*(-14)
-10 + j*(27)
-21 + j*(-29)
13 + j*(-14)
41 + j*(46)
0 + j*(19)
43 + j*(33)
-15 + j*(-33)
-3 + j*(-3)
26 + j*(10)
-10 + j*(10)
0 + j*(19)
-7 + j*(-6)
-21 + j*(24)
-18 + j*(18)
-28 + j*(-3)
59 + j*(45)
66 + j*(-32)
-6 + j*(19)
19 + j*(14)
-5 + j*(2)
15 + j*(-5)
6 + j*(-42)
16 + j*(25)
-27 + j*(8)
23 + j*(12)
-6 + j*(23)
-6 + j*(-5)
21 + j*(1)
-30 + j*(28)
15 + j*(-21)
-15 + j*(0)
7 + j*(-6)
0 + j*(26)
-31 + j*(14)
-8 + j*(0)
-11 + j*(-8)
-22 + j*(10)
31 + j*(14)
-3 + j*(14)
-25 + j*(22)
6 + j*(17)
32 + j*(0)
12 + j*(6)
-15 + j*(9)
-2 + j*(-29)
2 + j*(0)
20 + j*(8)
-2 + j*(-10)
-1 + j*(5)
-5 + j*(-23)
30 + j*(-4)
-10 + j*(5)
-9 + j*(22)
0 + j*(-26)
9 + j*(29)
-42 + j*(-24)
24 + j*(10)
0 + j*(-18)
5 + j*(3)
20 + j*(-3)
21 + j*(-28)
6 + j*(12)
6 + j*(-16)
3 + j*(3)
-63 + j*(10)
-26 + j*(-30)
-5 + j*(17)
-5 + j*(8)
-26 + j*(73)
2 + j*(24)
-3 + j*(-17)
-4 + j*(-21)
-5 + j*(-33)
21 + j*(10)
-18 + j*(-4)
17 + j*(19)
-17 + j*(-32)
40 + j*(8)
22 + j*(10)
8 + j*(8)
-32 + j*(-26)
25 + j*(-33)
6 + j*(-16)
2 + j*(20)
-3 + j*(12)
-21 + j*(-37)
-4 + j*(33)
-27 + j*(1)
28 + j*(15)
3 + j*(-1)
-11 + j*(5)
-27 + j*(-25)
11 + j*(8)
4 + j*(-11)
13 + j*(15)
-24 + j*(15)
2 + j*(13)
-6 + j*(-1)
-14 + j*(-11)
6 + j*(-18)
3 + j*(8)
-37 + j*(10)
30 + j*(-6)
23 + j*(-22)
9 + j*(-4)
-26 + j*(-12)
-5 + j*(8)
0 + j*(2)
-17 + j*(-3)
-18 + j*(5)
-5 + j*(11)
-41 + j*(-1)
28 + j*(-2)
14 + j*(-1)
26 + j*(2)
8 + j*(3)
7 + j*(30)
5 + j*(-7)
32 + j*(-3)
-70 + j*(0)
4 + j*(-19)
-6 + j*(0)
-10 + j*(-1)
2 + j*(20)
0 + j*(-23)
-2 + j*(-20)
26 + j*(-15)
-14 + j*(-31)
5 + j*(-12)
14 + j*(-20)
-19 + j*(-1)
1 + j*(14)
2 + j*(-6)
-10 + j*(12)
11 + j*(8)
2 + j*(-2)
-2 + j*(5)
7 + j*(6)
-2 + j*(-38)
-5 + j*(12)
6 + j*(6)
15 + j*(18)
1 + j*(32)
-6 + j*(2)
9 + j*(-1)
13 + j*(16)
5 + j*(1)
-2 + j*(-4)
-23 + j*(11)
24 + j*(-8)
12 + j*(1)
17 + j*(-14)
11 + j*(-15)
-12 + j*(-10)
3 + j*(0)
-12 + j*(-33)
18 + j*(-9)
-2 + j*(17)
24 + j*(-20)
29 + j*(19)
-20 + j*(-14)
18 + j*(13)
-13 + j*(9)
12 + j*(12)
-13 + j*(0)
1 + j*(37)
5 + j*(18)
2 + j*(-11)
-19 + j*(1)
-2 + j*(-16)
39 + j*(27)
-5 + j*(19)
-13 + j*(6)
33 + j*(-4)
-8 + j*(-11)
20 + j*(-12)
12 + j*(17)
18 + j*(17)
3 + j*(8)
24 + j*(8)
1 + j*(-5)
-12 + j*(-1)
24 + j*(-20)
34 + j*(-36)
-33 + j*(-13)
-9 + j*(15)
-11 + j*(26)
-5 + j*(-4)
-11 + j*(13)
5 + j*(-26)
46 + j*(7)
22 + j*(7)
6 + j*(11)
13 + j*(-2)
9 + j*(-26)
16 + j*(-17)
-18 + j*(-11)
7 + j*(-17)
23 + j*(5)
9 + j*(-3)
-41 + j*(21)
-17 + j*(0)
20 + j*(23)
40 + j*(19)
-29 + j*(-3)
3 + j*(24)
-18 + j*(12)
-8 + j*(37)
8 + j*(-16)
-21 + j*(21)
-11 + j*(8)
-17 + j*(-11)
0 + j*(10)
-39 + j*(-22)
-3 + j*(-7)
-26 + j*(-4)
24 + j*(4)
19 + j*(20)
-28 + j*(23)
-9 + j*(19)
-10 + j*(-2)
-25 + j*(24)
2 + j*(-5)
-2 + j*(5)
-5 + j*(0)
-30 + j*(-7)
-21 + j*(22)
-25 + j*(-27)
-16 + j*(16)
-32 + j*(-3)
-5 + j*(-9)
-18 + j*(-7)
-4 + j*(-35)
28 + j*(20)
-12 + j*(-28)
-1 + j*(-10)
25 + j*(15)
12 + j*(5)
-1 + j*(-8)
-11 + j*(33)
-11 + j*(-24)
40 + j*(-5)
0 + j*(35)
14 + j*(5)
44 + j*(-14)
0 + j*(17)
-6 + j*(16)
-12 + j*(-5)
-9 + j*(22)
20 + j*(11)
-34 + j*(-10)
29 + j*(6)
-2 + j*(23)
19 + j*(5)
12 + j*(-17)
34 + j*(-23)
24 + j*(21)
27 + j*(-2)
6 + j*(34)
0 + j*(7)
2 + j*(38)
1 + j*(7)
5 + j*(0)
14 + j*(-13)
-17 + j*(0)
24 + j*(56)
-27 + j*(-2)
-24 + j*(21)
14 + j*(13)
-22 + j*(27)
28 + j*(-12)
-15 + j*(2)
-14 + j*(13)
-33 + j*(18)
5 + j*(-32)
-16 + j*(0)
-23 + j*(-33)
-24 + j*(-13)
9 + j*(12)
0 + j*(4)
34 + j*(5)
-18 + j*(12)
30 + j*(42)
2 + j*(8)
-33 + j*(28)
1 + j*(14)
16 + j*(38)
-7 + j*(-50)
9 + j*(30)
-8 + j*(-15)
-18 + j*(3)
-5 + j*(5)
2 + j*(-9)
10 + j*(5)
13 + j*(26)
-12 + j*(-26)
-17 + j*(-8)
-17 + j*(-9)
-7 + j*(-14)
-17 + j*(-35)
-7 + j*(-30)
-30 + j*(-4)
1 + j*(-24)
3 + j*(-14)
18 + j*(-42)
31 + j*(5)
-17 + j*(24)
-12 + j*(-11)
23 + j*(-6)
-30 + j*(11)
27 + j*(13)
11 + j*(3)
-2 + j*(32)
19 + j*(13)
0 + j*(-8)
-5 + j*(-31)
-14 + j*(-34)
26 + j*(-9)
-3 + j*(-46)
12 + j*(5)
2 + j*(11)
-44 + j*(-9)
-3 + j*(-21)
35 + j*(5)
-12 + j*(38)
-50 + j*(-18)
-21 + j*(-6)
0 + j*(16)
-18 + j*(-16)
10 + j*(-4)
48 + j*(35)
8 + j*(-22)
-8 + j*(0)
-5 + j*(-17)
-13 + j*(3)
6 + j*(16)
2 + j*(-41)
-14 + j*(-21)
7 + j*(-10)
-12 + j*(7)
-60 + j*(8)
11 + j*(17)
38 + j*(2)
6 + j*(-22)
-8 + j*(32)
-6 + j*(17)
-35 + j*(-25)
