rxdataF_fftw = [28484 + j*(3069)
-3017 + j*(28489)
3068 + j*(-28500)
3081 + j*(-28459)
28489 + j*(3090)
-3075 + j*(28467)
-3040 + j*(28474)
28497 + j*(3035)
28461 + j*(3065)
-28466 + j*(-3059)
3068 + j*(-28473)
-28446 + j*(-3046)
-28492 + j*(-3014)
28487 + j*(3046)
-3040 + j*(28496)
3062 + j*(-28490)
28490 + j*(3084)
28434 + j*(3047)
-28459 + j*(-3021)
-28481 + j*(-3013)
-28490 + j*(-3046)
28447 + j*(3034)
-3013 + j*(28482)
-3053 + j*(28448)
3037 + j*(-28486)
28497 + j*(3035)
-28482 + j*(-3036)
-3055 + j*(28453)
3041 + j*(-28456)
3050 + j*(-28469)
28467 + j*(3067)
3028 + j*(-28449)
-28451 + j*(-3051)
28516 + j*(3018)
-28488 + j*(-3040)
3024 + j*(-28475)
-28455 + j*(-3018)
3055 + j*(-28471)
-28472 + j*(-3016)
-28489 + j*(-3064)
28479 + j*(3037)
28499 + j*(3032)
28521 + j*(3061)
3019 + j*(-28445)
-3011 + j*(28444)
-3042 + j*(28483)
-3062 + j*(28453)
-3035 + j*(28462)
3017 + j*(-28477)
3047 + j*(-28504)
3097 + j*(-28437)
-3036 + j*(28469)
-28472 + j*(-3037)
3053 + j*(-28459)
3050 + j*(-28465)
-3057 + j*(28499)
-3043 + j*(28473)
28496 + j*(3030)
28452 + j*(3064)
28445 + j*(3087)
3045 + j*(-28460)
-28436 + j*(-3041)
28458 + j*(3032)
-3033 + j*(28514)
28472 + j*(3045)
-28522 + j*(-3063)
-28497 + j*(-3014)
3037 + j*(-28453)
3047 + j*(-28502)
3033 + j*(-28470)
-3031 + j*(28511)
28504 + j*(3066)
3057 + j*(-28482)
3088 + j*(-28469)
-3051 + j*(28475)
-3109 + j*(28475)
-28443 + j*(-3052)
28474 + j*(3031)
3051 + j*(-28440)
-3075 + j*(28443)
3053 + j*(-28474)
3075 + j*(-28475)
28504 + j*(3063)
-28441 + j*(-3038)
-3071 + j*(28445)
-28474 + j*(-3041)
28476 + j*(3017)
3027 + j*(-28486)
28491 + j*(3091)
3041 + j*(-28481)
3071 + j*(-28496)
-3030 + j*(28475)
-3027 + j*(28474)
3034 + j*(-28458)
-3034 + j*(28470)
28479 + j*(3036)
3073 + j*(-28497)
-3061 + j*(28459)
-3062 + j*(28475)
-28470 + j*(-3039)
-28505 + j*(-3039)
-28469 + j*(-3004)
-3035 + j*(28472)
-28475 + j*(-3034)
28479 + j*(3022)
-28456 + j*(-3030)
28470 + j*(3009)
-3070 + j*(28448)
28465 + j*(3048)
3057 + j*(-28466)
28466 + j*(3094)
-3042 + j*(28515)
28456 + j*(3035)
-3062 + j*(28523)
3062 + j*(-28476)
28512 + j*(3059)
3054 + j*(-28485)
-28462 + j*(-3035)
-2998 + j*(28445)
3050 + j*(-28461)
-28503 + j*(-3035)
-28485 + j*(-3029)
3061 + j*(-28478)
28481 + j*(3009)
28496 + j*(3057)
3044 + j*(-28430)
-3066 + j*(28493)
3016 + j*(-28480)
-28483 + j*(-3021)
-28461 + j*(-3049)
-3060 + j*(28461)
-3046 + j*(28460)
-3026 + j*(28434)
-28506 + j*(-3053)
28474 + j*(3038)
-28495 + j*(-3026)
28455 + j*(3034)
28491 + j*(3029)
3036 + j*(-28467)
3045 + j*(-28450)
28499 + j*(3045)
3022 + j*(-28460)
-28455 + j*(-3042)
-28429 + j*(-3028)
-28469 + j*(-3055)
-3055 + j*(28477)
-3021 + j*(28487)
-28470 + j*(-3033)
28500 + j*(3058)
-28488 + j*(-3063)
-3030 + j*(28489)
28490 + j*(3044)
28509 + j*(3036)
-28466 + j*(-3044)
-3067 + j*(28476)
28499 + j*(3045)
-28459 + j*(-3031)
28469 + j*(3018)
3046 + j*(-28449)
3016 + j*(-28449)
-28472 + j*(-3037)
-3053 + j*(28498)
-3059 + j*(28514)
-28469 + j*(-3045)
-3053 + j*(28473)
-28438 + j*(-3061)
28482 + j*(3059)
-28493 + j*(-3045)
11 + j*(-11)
19 + j*(-17)
-14 + j*(29)
-4 + j*(-28)
7 + j*(1)
4 + j*(-24)
-30 + j*(16)
3 + j*(-17)
28 + j*(-29)
-22 + j*(39)
21 + j*(7)
38 + j*(-18)
11 + j*(0)
27 + j*(-24)
0 + j*(1)
9 + j*(38)
4 + j*(-25)
-6 + j*(-22)
28 + j*(-31)
8 + j*(0)
-29 + j*(-20)
14 + j*(39)
-22 + j*(20)
-39 + j*(30)
-7 + j*(4)
-11 + j*(-2)
-24 + j*(-29)
3 + j*(10)
41 + j*(2)
-20 + j*(11)
-26 + j*(7)
-20 + j*(13)
6 + j*(-7)
11 + j*(-4)
17 + j*(19)
44 + j*(-17)
20 + j*(3)
21 + j*(-8)
9 + j*(-3)
5 + j*(-21)
-12 + j*(10)
0 + j*(-18)
-9 + j*(0)
4 + j*(5)
32 + j*(-5)
16 + j*(-5)
18 + j*(16)
-30 + j*(33)
-22 + j*(-6)
-35 + j*(-10)
-12 + j*(-12)
-10 + j*(-21)
6 + j*(-13)
-6 + j*(-11)
3 + j*(48)
-2 + j*(6)
11 + j*(66)
13 + j*(13)
4 + j*(-27)
-13 + j*(-15)
3 + j*(42)
-5 + j*(-9)
-17 + j*(26)
9 + j*(-24)
-12 + j*(27)
28 + j*(-18)
-11 + j*(23)
-22 + j*(-11)
4 + j*(-10)
-15 + j*(8)
-7 + j*(44)
10 + j*(-23)
-3 + j*(-28)
-3 + j*(-36)
3 + j*(-3)
-31 + j*(-19)
-7 + j*(4)
15 + j*(-15)
0 + j*(-5)
-29 + j*(-3)
8 + j*(7)
-13 + j*(33)
0 + j*(15)
-18 + j*(-27)
-26 + j*(5)
6 + j*(-24)
-9 + j*(23)
25 + j*(-14)
-7 + j*(0)
-3 + j*(18)
-8 + j*(33)
-1 + j*(0)
11 + j*(8)
20 + j*(33)
14 + j*(1)
-23 + j*(-42)
-19 + j*(5)
32 + j*(-15)
23 + j*(0)
-51 + j*(-4)
-13 + j*(-15)
14 + j*(-3)
7 + j*(-8)
6 + j*(47)
3 + j*(17)
1 + j*(10)
-20 + j*(-30)
-3 + j*(-27)
-37 + j*(11)
17 + j*(-7)
8 + j*(1)
-17 + j*(28)
9 + j*(1)
3 + j*(8)
1 + j*(-13)
27 + j*(-19)
2 + j*(12)
-2 + j*(-4)
-6 + j*(-10)
0 + j*(-3)
-2 + j*(-31)
20 + j*(-21)
20 + j*(13)
-19 + j*(-30)
24 + j*(11)
3 + j*(12)
1 + j*(-40)
27 + j*(-18)
16 + j*(16)
9 + j*(-10)
-8 + j*(7)
-13 + j*(2)
-33 + j*(2)
4 + j*(15)
-22 + j*(8)
-29 + j*(2)
35 + j*(-13)
36 + j*(-6)
39 + j*(30)
6 + j*(-4)
12 + j*(20)
-31 + j*(3)
-42 + j*(2)
1 + j*(0)
4 + j*(-26)
0 + j*(-33)
26 + j*(31)
8 + j*(15)
12 + j*(-8)
51 + j*(-36)
-17 + j*(-27)
-65 + j*(23)
-22 + j*(-6)
-3 + j*(-16)
-7 + j*(-10)
-7 + j*(43)
-3 + j*(22)
-7 + j*(0)
-6 + j*(-2)
-2 + j*(-19)
-3 + j*(-24)
2 + j*(14)
9 + j*(-14)
-7 + j*(19)
-34 + j*(-6)
-10 + j*(-20)
7 + j*(4)
2 + j*(2)
11 + j*(36)
22 + j*(15)
-2 + j*(-11)
23 + j*(14)
-5 + j*(7)
11 + j*(16)
13 + j*(-6)
24 + j*(-1)
19 + j*(-1)
0 + j*(3)
0 + j*(-14)
1 + j*(12)
1 + j*(33)
-1 + j*(-8)
5 + j*(16)
-3 + j*(13)
-14 + j*(-1)
-22 + j*(9)
13 + j*(-18)
-19 + j*(26)
-11 + j*(6)
15 + j*(-6)
-1 + j*(18)
26 + j*(25)
-8 + j*(-15)
-8 + j*(-34)
-10 + j*(14)
-7 + j*(-5)
-1 + j*(14)
10 + j*(-13)
-6 + j*(-17)
-20 + j*(-6)
-6 + j*(-17)
6 + j*(2)
-24 + j*(-2)
-23 + j*(-10)
3 + j*(11)
20 + j*(-8)
2 + j*(-9)
2 + j*(-1)
-24 + j*(4)
-15 + j*(-2)
-7 + j*(13)
-5 + j*(21)
7 + j*(12)
-5 + j*(7)
-24 + j*(-26)
-43 + j*(17)
-1 + j*(2)
-4 + j*(4)
16 + j*(-1)
31 + j*(22)
-6 + j*(20)
-16 + j*(3)
22 + j*(-17)
32 + j*(7)
-21 + j*(-25)
-2 + j*(-5)
0 + j*(-13)
18 + j*(-28)
-18 + j*(28)
-11 + j*(13)
-9 + j*(-5)
2 + j*(-18)
-12 + j*(-17)
17 + j*(-12)
1 + j*(30)
9 + j*(26)
44 + j*(1)
15 + j*(-5)
-4 + j*(23)
-20 + j*(-33)
19 + j*(12)
2 + j*(14)
-18 + j*(-15)
-16 + j*(-32)
-8 + j*(-8)
-6 + j*(-1)
25 + j*(-10)
52 + j*(-28)
39 + j*(-3)
6 + j*(32)
6 + j*(12)
28 + j*(-23)
-2 + j*(18)
4 + j*(1)
-12 + j*(30)
11 + j*(21)
2 + j*(-19)
-12 + j*(15)
10 + j*(-13)
5 + j*(-6)
-17 + j*(-21)
11 + j*(-25)
-2 + j*(5)
18 + j*(1)
-14 + j*(3)
14 + j*(9)
3 + j*(-26)
-10 + j*(7)
-49 + j*(2)
-5 + j*(-1)
8 + j*(4)
18 + j*(5)
-3 + j*(6)
2 + j*(-12)
14 + j*(11)
19 + j*(25)
39 + j*(30)
2 + j*(-17)
28 + j*(6)
-5 + j*(6)
7 + j*(-3)
-29 + j*(32)
30 + j*(38)
-7 + j*(-14)
4 + j*(-5)
16 + j*(24)
7 + j*(-9)
-19 + j*(-32)
-27 + j*(33)
-13 + j*(-20)
-5 + j*(7)
52 + j*(16)
-17 + j*(0)
26 + j*(22)
-27 + j*(17)
1 + j*(-4)
-6 + j*(-23)
5 + j*(-2)
53 + j*(12)
-6 + j*(-25)
0 + j*(4)
-6 + j*(-15)
-3 + j*(15)
1 + j*(-28)
35 + j*(2)
15 + j*(-6)
2 + j*(-18)
2 + j*(6)
34 + j*(-20)
13 + j*(2)
-28 + j*(-9)
-16 + j*(0)
29 + j*(5)
23 + j*(-1)
-8 + j*(-38)
-20 + j*(-17)
-56 + j*(30)
-7 + j*(1)
-16 + j*(-11)
35 + j*(-22)
-6 + j*(19)
-4 + j*(-4)
31 + j*(10)
43 + j*(17)
-1 + j*(11)
20 + j*(11)
12 + j*(-6)
8 + j*(-3)
-38 + j*(38)
45 + j*(-16)
24 + j*(1)
-11 + j*(-19)
-15 + j*(-2)
29 + j*(-26)
-4 + j*(-4)
11 + j*(0)
-37 + j*(-31)
9 + j*(-43)
22 + j*(-25)
5 + j*(-5)
22 + j*(-34)
3 + j*(-11)
-17 + j*(18)
-12 + j*(5)
-22 + j*(6)
37 + j*(-14)
-24 + j*(-19)
-16 + j*(-9)
0 + j*(33)
28 + j*(16)
-15 + j*(-5)
16 + j*(-11)
-22 + j*(-16)
-12 + j*(21)
-3 + j*(-16)
6 + j*(3)
0 + j*(17)
-57 + j*(-4)
48 + j*(0)
18 + j*(18)
-36 + j*(-3)
-20 + j*(25)
-31 + j*(-21)
10 + j*(-17)
-16 + j*(0)
-20 + j*(-19)
1 + j*(-15)
-5 + j*(-41)
15 + j*(35)
-30 + j*(0)
23 + j*(27)
-36 + j*(-15)
35 + j*(10)
34 + j*(29)
-4 + j*(-21)
7 + j*(25)
-12 + j*(-23)
-13 + j*(37)
-37 + j*(-17)
0 + j*(11)
-7 + j*(8)
32 + j*(-5)
-19 + j*(10)
-5 + j*(7)
19 + j*(-4)
-59 + j*(-11)
-7 + j*(31)
-21 + j*(-30)
32 + j*(-26)
-27 + j*(20)
0 + j*(-18)
35 + j*(-24)
7 + j*(-12)
-3 + j*(0)
6 + j*(-19)
-10 + j*(21)
21 + j*(-27)
14 + j*(-5)
-5 + j*(0)
8 + j*(-9)
20 + j*(27)
0 + j*(-7)
-16 + j*(16)
19 + j*(13)
67 + j*(-20)
-8 + j*(-27)
-27 + j*(29)
