rxdataF_fftw = [9376 + j*(9402)
-9380 + j*(-9369)
9397 + j*(9374)
9411 + j*(9375)
9390 + j*(9356)
9391 + j*(-9394)
-9372 + j*(9372)
-9391 + j*(-9381)
-9399 + j*(-9381)
9334 + j*(-9446)
-9354 + j*(9397)
-9410 + j*(-9348)
9343 + j*(-9400)
-9402 + j*(-9375)
-9353 + j*(9409)
9398 + j*(9333)
9363 + j*(-9402)
9364 + j*(-9358)
9358 + j*(-9392)
9361 + j*(-9397)
-9411 + j*(-9396)
9415 + j*(9379)
-9369 + j*(9397)
-9440 + j*(-9407)
9361 + j*(-9407)
-9425 + j*(-9336)
-9388 + j*(-9400)
9368 + j*(-9389)
-9401 + j*(9393)
-9377 + j*(9366)
-9420 + j*(-9378)
-9342 + j*(9409)
-9364 + j*(9409)
9375 + j*(-9420)
9384 + j*(-9396)
9345 + j*(-9392)
9381 + j*(9345)
-9407 + j*(-9372)
-9368 + j*(-9366)
9367 + j*(-9411)
9349 + j*(-9405)
-9396 + j*(-9371)
9388 + j*(9366)
9420 + j*(9343)
-9392 + j*(-9399)
9381 + j*(9380)
9414 + j*(9344)
-9334 + j*(9382)
-9391 + j*(9401)
-9381 + j*(-9390)
9361 + j*(9381)
9404 + j*(9391)
9421 + j*(9402)
9376 + j*(-9391)
-9382 + j*(9410)
9394 + j*(9409)
9460 + j*(9358)
9357 + j*(-9423)
9423 + j*(9304)
9405 + j*(9379)
-9391 + j*(9383)
9355 + j*(-9363)
9361 + j*(-9403)
-9323 + j*(-9368)
9397 + j*(9351)
-9337 + j*(9380)
-9427 + j*(-9352)
-9371 + j*(9409)
9369 + j*(-9390)
9397 + j*(-9385)
-9387 + j*(-9362)
9389 + j*(9387)
-9369 + j*(9404)
-9390 + j*(-9347)
9344 + j*(-9426)
-9364 + j*(9397)
-9369 + j*(9360)
9360 + j*(-9413)
-9412 + j*(-9327)
-9389 + j*(-9344)
9373 + j*(-9389)
9356 + j*(-9410)
-9374 + j*(9406)
-9382 + j*(-9360)
9386 + j*(9370)
-9384 + j*(-9358)
-9365 + j*(9392)
-9372 + j*(-9382)
-9412 + j*(-9348)
9418 + j*(9367)
-9398 + j*(-9368)
-9401 + j*(-9367)
-9347 + j*(9391)
-9384 + j*(9392)
9416 + j*(9357)
-9373 + j*(9357)
9331 + j*(-9358)
9383 + j*(-9390)
-9400 + j*(-9374)
9377 + j*(-9423)
-9382 + j*(9418)
9373 + j*(-9385)
9368 + j*(9371)
-9372 + j*(9413)
-9376 + j*(9427)
-9368 + j*(9373)
9349 + j*(-9369)
9386 + j*(9351)
9415 + j*(-9383)
9348 + j*(-9422)
-9385 + j*(-9393)
-9360 + j*(9373)
-9358 + j*(9397)
-9385 + j*(-9352)
9402 + j*(9382)
9380 + j*(-9380)
9383 + j*(-9383)
9394 + j*(9377)
9385 + j*(9358)
-9425 + j*(-9372)
-9385 + j*(9400)
9350 + j*(-9368)
9375 + j*(9375)
-9357 + j*(9400)
9337 + j*(-9413)
-9334 + j*(9404)
-9394 + j*(-9339)
9403 + j*(9363)
-9367 + j*(9416)
9411 + j*(9380)
9438 + j*(9371)
9374 + j*(-9398)
-9381 + j*(9423)
-9411 + j*(-9368)
9361 + j*(-9379)
-9412 + j*(9420)
9365 + j*(-9385)
-9392 + j*(9380)
9378 + j*(-9343)
9459 + j*(9354)
-9407 + j*(-9382)
9373 + j*(-9391)
9363 + j*(-9402)
-9418 + j*(-9359)
9429 + j*(9394)
9362 + j*(-9370)
-9366 + j*(9434)
9358 + j*(-9421)
9398 + j*(9370)
9346 + j*(-9433)
-9383 + j*(-9349)
-9318 + j*(9405)
-9341 + j*(9390)
-9407 + j*(-9399)
-9391 + j*(-9350)
-9387 + j*(9372)
9333 + j*(-9405)
-9357 + j*(9392)
-9342 + j*(9398)
-9365 + j*(9431)
-9352 + j*(9393)
-9378 + j*(9394)
9412 + j*(9362)
9352 + j*(-9391)
9391 + j*(-9385)
9414 + j*(9360)
-9407 + j*(-9341)
9401 + j*(9377)
-17 + j*(31)
-7 + j*(20)
27 + j*(-13)
1 + j*(5)
6 + j*(17)
18 + j*(1)
0 + j*(34)
12 + j*(11)
25 + j*(-19)
60 + j*(-46)
33 + j*(-33)
9 + j*(6)
2 + j*(-26)
7 + j*(32)
-1 + j*(-8)
-27 + j*(-8)
14 + j*(33)
-13 + j*(-28)
36 + j*(-2)
-24 + j*(-5)
21 + j*(45)
-7 + j*(8)
12 + j*(13)
22 + j*(-24)
8 + j*(11)
10 + j*(-18)
-24 + j*(-15)
13 + j*(-3)
-10 + j*(-23)
-29 + j*(18)
11 + j*(9)
37 + j*(-8)
37 + j*(-3)
8 + j*(-2)
20 + j*(10)
17 + j*(13)
-9 + j*(10)
-24 + j*(-3)
3 + j*(-11)
0 + j*(-4)
-4 + j*(6)
9 + j*(-7)
24 + j*(-2)
-1 + j*(-9)
7 + j*(17)
4 + j*(-10)
-8 + j*(13)
-8 + j*(14)
6 + j*(-18)
-12 + j*(8)
-3 + j*(34)
-1 + j*(-34)
-31 + j*(-19)
15 + j*(-12)
11 + j*(8)
-34 + j*(-5)
0 + j*(16)
40 + j*(1)
-13 + j*(18)
43 + j*(5)
-16 + j*(0)
34 + j*(16)
-18 + j*(11)
-16 + j*(-1)
28 + j*(14)
-9 + j*(37)
56 + j*(-29)
-34 + j*(-17)
-20 + j*(-5)
15 + j*(-16)
-3 + j*(5)
-30 + j*(-3)
0 + j*(-11)
-4 + j*(-12)
21 + j*(-3)
-9 + j*(-6)
-20 + j*(13)
21 + j*(-9)
31 + j*(2)
18 + j*(-5)
-24 + j*(-22)
21 + j*(-21)
6 + j*(0)
7 + j*(8)
-8 + j*(-23)
5 + j*(10)
9 + j*(-8)
7 + j*(26)
2 + j*(15)
-9 + j*(-8)
18 + j*(13)
-12 + j*(16)
-30 + j*(-11)
51 + j*(-1)
-12 + j*(-6)
9 + j*(-6)
-41 + j*(40)
11 + j*(18)
-6 + j*(9)
19 + j*(13)
11 + j*(2)
-17 + j*(-32)
7 + j*(-24)
31 + j*(-2)
3 + j*(5)
-30 + j*(2)
11 + j*(-19)
-1 + j*(26)
-17 + j*(0)
2 + j*(15)
35 + j*(-19)
11 + j*(43)
16 + j*(-11)
2 + j*(19)
23 + j*(14)
37 + j*(24)
4 + j*(-5)
-13 + j*(-29)
6 + j*(4)
2 + j*(25)
38 + j*(18)
-14 + j*(19)
16 + j*(37)
-3 + j*(-21)
18 + j*(3)
5 + j*(-6)
24 + j*(12)
34 + j*(-6)
12 + j*(-27)
13 + j*(-22)
10 + j*(6)
37 + j*(-23)
-17 + j*(-17)
-7 + j*(-25)
2 + j*(5)
12 + j*(0)
20 + j*(-13)
-24 + j*(21)
-1 + j*(-12)
-10 + j*(-18)
28 + j*(-2)
-6 + j*(22)
-19 + j*(-15)
21 + j*(15)
-22 + j*(1)
-12 + j*(3)
34 + j*(20)
-16 + j*(-44)
1 + j*(15)
30 + j*(-23)
11 + j*(7)
13 + j*(21)
10 + j*(-18)
2 + j*(-11)
-19 + j*(8)
-9 + j*(-6)
9 + j*(0)
33 + j*(16)
1 + j*(10)
0 + j*(-5)
54 + j*(-21)
-2 + j*(-1)
9 + j*(18)
8 + j*(21)
15 + j*(-9)
21 + j*(-17)
-11 + j*(-20)
-12 + j*(-24)
-13 + j*(26)
15 + j*(-10)
-12 + j*(10)
8 + j*(-10)
14 + j*(13)
1 + j*(8)
6 + j*(6)
25 + j*(17)
-16 + j*(-46)
20 + j*(23)
11 + j*(16)
20 + j*(-9)
-31 + j*(-21)
38 + j*(7)
12 + j*(-2)
40 + j*(-21)
-10 + j*(4)
-12 + j*(21)
3 + j*(-8)
7 + j*(-32)
-11 + j*(8)
-10 + j*(19)
-8 + j*(10)
-36 + j*(2)
4 + j*(20)
-1 + j*(20)
-2 + j*(30)
-16 + j*(-4)
24 + j*(-23)
-2 + j*(0)
9 + j*(-8)
40 + j*(-1)
-3 + j*(-18)
0 + j*(-20)
-12 + j*(-13)
13 + j*(-17)
8 + j*(6)
-25 + j*(9)
-30 + j*(19)
19 + j*(-10)
-1 + j*(18)
24 + j*(-11)
-41 + j*(-17)
30 + j*(1)
-23 + j*(4)
-7 + j*(-11)
7 + j*(-9)
6 + j*(14)
-22 + j*(0)
20 + j*(19)
-4 + j*(8)
-2 + j*(-7)
-2 + j*(-8)
-6 + j*(-33)
-23 + j*(-3)
14 + j*(19)
16 + j*(18)
-22 + j*(16)
16 + j*(-24)
-15 + j*(29)
25 + j*(-11)
8 + j*(-37)
19 + j*(-2)
28 + j*(4)
16 + j*(-10)
-8 + j*(3)
-7 + j*(8)
7 + j*(-32)
-37 + j*(40)
5 + j*(30)
-20 + j*(-54)
-2 + j*(-14)
3 + j*(21)
-28 + j*(15)
-31 + j*(-23)
34 + j*(-31)
1 + j*(-21)
8 + j*(27)
-4 + j*(-2)
0 + j*(10)
1 + j*(-8)
7 + j*(7)
-9 + j*(29)
-1 + j*(-20)
21 + j*(-8)
-5 + j*(1)
-15 + j*(-21)
21 + j*(-25)
-3 + j*(2)
43 + j*(37)
13 + j*(-56)
27 + j*(18)
-18 + j*(-18)
0 + j*(-4)
-1 + j*(-19)
11 + j*(-27)
-35 + j*(30)
-47 + j*(3)
-1 + j*(-14)
-6 + j*(0)
-11 + j*(3)
-17 + j*(-5)
-4 + j*(-2)
7 + j*(-3)
-8 + j*(-9)
0 + j*(-8)
10 + j*(19)
-7 + j*(23)
-4 + j*(5)
9 + j*(-10)
-25 + j*(-35)
-46 + j*(16)
6 + j*(-21)
0 + j*(-27)
32 + j*(-3)
25 + j*(-12)
-8 + j*(-14)
-3 + j*(0)
-5 + j*(8)
-9 + j*(7)
15 + j*(-27)
39 + j*(3)
5 + j*(5)
4 + j*(16)
3 + j*(12)
8 + j*(0)
7 + j*(-9)
41 + j*(15)
-8 + j*(-29)
2 + j*(-18)
-2 + j*(7)
29 + j*(-10)
-3 + j*(7)
19 + j*(6)
-20 + j*(-4)
13 + j*(0)
5 + j*(37)
21 + j*(-1)
-2 + j*(-1)
-13 + j*(11)
-6 + j*(-14)
21 + j*(9)
-2 + j*(11)
35 + j*(0)
-52 + j*(-33)
-11 + j*(2)
-32 + j*(-9)
5 + j*(-18)
11 + j*(10)
-1 + j*(23)
-11 + j*(-17)
15 + j*(-2)
6 + j*(13)
4 + j*(-4)
-16 + j*(15)
-2 + j*(39)
32 + j*(-13)
10 + j*(-29)
24 + j*(0)
-16 + j*(6)
3 + j*(5)
-32 + j*(-8)
-30 + j*(-23)
0 + j*(-47)
-4 + j*(-14)
25 + j*(-11)
19 + j*(38)
26 + j*(3)
0 + j*(-18)
-24 + j*(-14)
-39 + j*(-34)
4 + j*(-26)
-17 + j*(-17)
11 + j*(2)
-29 + j*(-3)
18 + j*(-20)
0 + j*(-16)
11 + j*(8)
-30 + j*(-35)
-27 + j*(-9)
43 + j*(24)
3 + j*(10)
-3 + j*(-15)
20 + j*(14)
6 + j*(7)
1 + j*(13)
13 + j*(-43)
-2 + j*(-7)
-5 + j*(32)
22 + j*(-16)
-19 + j*(14)
-32 + j*(8)
-38 + j*(15)
-25 + j*(25)
29 + j*(-8)
15 + j*(0)
21 + j*(30)
51 + j*(-12)
34 + j*(18)
6 + j*(24)
9 + j*(53)
19 + j*(-30)
-3 + j*(13)
-6 + j*(-11)
0 + j*(27)
23 + j*(-4)
15 + j*(31)
38 + j*(17)
-60 + j*(54)
43 + j*(19)
36 + j*(8)
-8 + j*(21)
5 + j*(15)
40 + j*(18)
26 + j*(21)
-9 + j*(-7)
12 + j*(-10)
-1 + j*(-46)
19 + j*(3)
14 + j*(2)
7 + j*(11)
24 + j*(20)
-16 + j*(12)
12 + j*(-16)
-17 + j*(-40)
3 + j*(-17)
-2 + j*(6)
-20 + j*(-39)
26 + j*(0)
-19 + j*(6)
-16 + j*(0)
-29 + j*(-47)
13 + j*(15)
-40 + j*(0)
4 + j*(20)
22 + j*(4)
-24 + j*(-19)
66 + j*(-14)
-3 + j*(-7)
-9 + j*(19)
-16 + j*(-21)
23 + j*(12)
-24 + j*(0)
-4 + j*(-10)
-21 + j*(-25)
-14 + j*(-37)
-12 + j*(-7)
-33 + j*(-9)
-31 + j*(-30)
4 + j*(-35)
10 + j*(17)
2 + j*(15)
-19 + j*(-50)
