rxdataF_fftw = [9355 + j*(-9388)
9397 + j*(9383)
9387 + j*(9369)
9335 + j*(-9426)
-9378 + j*(9419)
-9363 + j*(9387)
9387 + j*(-9383)
-9345 + j*(9418)
9354 + j*(-9384)
-9404 + j*(-9366)
9390 + j*(9394)
9367 + j*(-9402)
9397 + j*(-9358)
9407 + j*(9355)
9356 + j*(-9350)
9429 + j*(9381)
9417 + j*(9350)
-9307 + j*(9390)
-9378 + j*(-9364)
-9375 + j*(-9364)
-9407 + j*(9437)
9414 + j*(9381)
-9422 + j*(-9384)
-9402 + j*(-9376)
-9377 + j*(-9375)
-9386 + j*(-9352)
-9431 + j*(-9345)
-9393 + j*(-9372)
-9384 + j*(9413)
9388 + j*(-9375)
-9346 + j*(9396)
-9379 + j*(-9381)
9387 + j*(9368)
-9351 + j*(9410)
-9417 + j*(-9347)
-9410 + j*(-9369)
9359 + j*(-9413)
9367 + j*(-9432)
-9377 + j*(9399)
-9368 + j*(9413)
-9367 + j*(9403)
-9356 + j*(-9363)
9407 + j*(9409)
-9369 + j*(9387)
9368 + j*(9373)
9385 + j*(-9374)
-9383 + j*(-9349)
-9412 + j*(9407)
9444 + j*(9399)
9371 + j*(-9444)
-9386 + j*(-9394)
9422 + j*(9376)
-9377 + j*(-9361)
9395 + j*(9371)
-9371 + j*(-9392)
9362 + j*(-9417)
9414 + j*(9368)
9410 + j*(9413)
9365 + j*(-9384)
-9390 + j*(9409)
-9387 + j*(9397)
-9363 + j*(9396)
-9389 + j*(9402)
9375 + j*(-9402)
9375 + j*(-9412)
9406 + j*(-9400)
-9379 + j*(9376)
-9374 + j*(-9372)
9387 + j*(9401)
9388 + j*(9337)
-9382 + j*(-9365)
-9428 + j*(-9358)
9395 + j*(9379)
9399 + j*(9375)
9359 + j*(-9391)
9379 + j*(-9429)
9409 + j*(9353)
-9421 + j*(-9372)
-9367 + j*(9405)
-9410 + j*(-9394)
-9416 + j*(-9346)
-9356 + j*(9410)
-9409 + j*(-9363)
-9325 + j*(9358)
9386 + j*(-9410)
-9369 + j*(9401)
-9393 + j*(9394)
9403 + j*(9354)
9383 + j*(9367)
9365 + j*(9341)
9323 + j*(-9382)
9406 + j*(9357)
9405 + j*(9382)
-9376 + j*(9357)
9363 + j*(-9384)
-9405 + j*(-9371)
-9372 + j*(9409)
-9328 + j*(9413)
-9383 + j*(9427)
-9396 + j*(9417)
-9440 + j*(-9349)
-9362 + j*(-9371)
9371 + j*(-9402)
-9389 + j*(-9416)
-9432 + j*(-9367)
9362 + j*(-9387)
-9357 + j*(9404)
9414 + j*(9343)
-9405 + j*(-9355)
-9404 + j*(9434)
-9366 + j*(9411)
9357 + j*(-9377)
-9366 + j*(9402)
9393 + j*(9342)
9404 + j*(9375)
-9363 + j*(9427)
9400 + j*(9371)
9402 + j*(9382)
9339 + j*(-9386)
-9349 + j*(9393)
-9372 + j*(9391)
-9335 + j*(9383)
-9385 + j*(9394)
-9397 + j*(9412)
-9366 + j*(9386)
9374 + j*(-9396)
9361 + j*(-9425)
-9387 + j*(-9351)
-9389 + j*(9372)
9403 + j*(-9402)
-9375 + j*(9407)
9395 + j*(9357)
-9415 + j*(-9439)
9402 + j*(9363)
-9369 + j*(9410)
9404 + j*(9348)
-9369 + j*(-9370)
9390 + j*(9359)
-9363 + j*(9383)
-9388 + j*(9392)
9380 + j*(-9372)
-9373 + j*(-9361)
-9369 + j*(-9363)
9393 + j*(9341)
9420 + j*(-9358)
-9387 + j*(9402)
-9409 + j*(-9353)
-9389 + j*(-9382)
-9381 + j*(9388)
-9366 + j*(9393)
-9352 + j*(-9376)
-9411 + j*(-9385)
9370 + j*(-9401)
9380 + j*(9370)
9397 + j*(9396)
9398 + j*(9375)
9389 + j*(9375)
-9411 + j*(-9380)
9338 + j*(-9416)
-9389 + j*(-9351)
-9374 + j*(9396)
-9391 + j*(-9398)
9356 + j*(-9384)
9416 + j*(9369)
9392 + j*(9345)
-9387 + j*(-9371)
-9429 + j*(-9353)
9394 + j*(9382)
-21 + j*(-10)
-14 + j*(18)
8 + j*(-2)
-31 + j*(0)
-17 + j*(11)
-4 + j*(14)
0 + j*(-10)
-1 + j*(2)
-36 + j*(2)
-7 + j*(14)
-13 + j*(14)
-4 + j*(33)
-27 + j*(-11)
-5 + j*(-8)
11 + j*(-51)
17 + j*(32)
-15 + j*(-30)
9 + j*(4)
49 + j*(8)
-14 + j*(2)
9 + j*(10)
42 + j*(22)
-5 + j*(4)
-15 + j*(-10)
-7 + j*(2)
-6 + j*(35)
2 + j*(3)
10 + j*(-17)
-11 + j*(-15)
-3 + j*(0)
-6 + j*(14)
21 + j*(12)
-6 + j*(8)
9 + j*(-8)
-7 + j*(22)
-3 + j*(64)
12 + j*(10)
-21 + j*(26)
-6 + j*(-22)
1 + j*(23)
0 + j*(3)
12 + j*(16)
29 + j*(26)
-28 + j*(14)
-17 + j*(-16)
41 + j*(24)
0 + j*(-3)
13 + j*(22)
-5 + j*(31)
11 + j*(-5)
-13 + j*(0)
14 + j*(-26)
-4 + j*(-3)
-10 + j*(10)
-9 + j*(-8)
-30 + j*(-7)
17 + j*(-16)
-4 + j*(20)
14 + j*(23)
17 + j*(15)
-2 + j*(38)
-5 + j*(7)
-12 + j*(-16)
-12 + j*(33)
15 + j*(-24)
-17 + j*(-21)
4 + j*(35)
-14 + j*(33)
22 + j*(31)
24 + j*(40)
-3 + j*(14)
13 + j*(29)
11 + j*(8)
-5 + j*(-20)
-42 + j*(0)
0 + j*(-1)
-20 + j*(6)
12 + j*(-5)
2 + j*(3)
32 + j*(12)
-28 + j*(5)
-4 + j*(-10)
10 + j*(-24)
-8 + j*(6)
6 + j*(-30)
23 + j*(5)
28 + j*(-30)
15 + j*(-12)
19 + j*(10)
-8 + j*(5)
0 + j*(-19)
-30 + j*(-8)
18 + j*(10)
-17 + j*(17)
-19 + j*(2)
-3 + j*(10)
-35 + j*(11)
-15 + j*(-4)
-7 + j*(12)
6 + j*(21)
8 + j*(-24)
35 + j*(-8)
3 + j*(-6)
44 + j*(26)
-16 + j*(17)
-25 + j*(1)
-10 + j*(2)
5 + j*(4)
-7 + j*(-33)
4 + j*(0)
-1 + j*(14)
15 + j*(11)
1 + j*(19)
2 + j*(9)
-31 + j*(32)
-19 + j*(39)
9 + j*(-4)
-16 + j*(-13)
-11 + j*(42)
10 + j*(32)
4 + j*(-20)
0 + j*(20)
-4 + j*(17)
-31 + j*(49)
7 + j*(23)
-9 + j*(-34)
-3 + j*(7)
-8 + j*(-1)
-34 + j*(8)
-23 + j*(-23)
18 + j*(4)
0 + j*(16)
-39 + j*(10)
6 + j*(-25)
-8 + j*(7)
5 + j*(-19)
25 + j*(-5)
-19 + j*(-15)
-34 + j*(-6)
19 + j*(5)
-11 + j*(-4)
18 + j*(12)
-6 + j*(-22)
-14 + j*(-20)
-6 + j*(-18)
-20 + j*(-34)
-9 + j*(-9)
18 + j*(44)
15 + j*(8)
-11 + j*(-13)
-19 + j*(31)
0 + j*(19)
-9 + j*(-7)
-4 + j*(0)
-32 + j*(-5)
33 + j*(20)
-21 + j*(-13)
1 + j*(-17)
10 + j*(-15)
4 + j*(-22)
27 + j*(19)
1 + j*(4)
-17 + j*(-7)
-16 + j*(3)
20 + j*(-12)
-22 + j*(9)
22 + j*(8)
6 + j*(6)
31 + j*(4)
4 + j*(-15)
-16 + j*(25)
13 + j*(17)
13 + j*(27)
21 + j*(-10)
-16 + j*(17)
-5 + j*(-26)
-2 + j*(-4)
28 + j*(-15)
2 + j*(-12)
-13 + j*(5)
-2 + j*(-15)
-1 + j*(7)
21 + j*(-20)
8 + j*(3)
4 + j*(-8)
-32 + j*(0)
-28 + j*(-26)
-24 + j*(2)
-26 + j*(22)
-18 + j*(-16)
6 + j*(21)
-13 + j*(17)
-48 + j*(-14)
2 + j*(1)
-14 + j*(-28)
5 + j*(32)
5 + j*(1)
27 + j*(-9)
15 + j*(40)
-7 + j*(-38)
15 + j*(40)
5 + j*(35)
6 + j*(-13)
7 + j*(-6)
14 + j*(-3)
8 + j*(15)
-30 + j*(8)
-3 + j*(10)
-11 + j*(0)
19 + j*(-26)
10 + j*(9)
29 + j*(-15)
29 + j*(14)
-19 + j*(11)
15 + j*(-25)
13 + j*(-1)
0 + j*(-3)
14 + j*(-18)
8 + j*(1)
11 + j*(12)
-2 + j*(-24)
-13 + j*(13)
-23 + j*(3)
-6 + j*(20)
-17 + j*(2)
-16 + j*(4)
29 + j*(24)
46 + j*(33)
7 + j*(22)
1 + j*(-5)
2 + j*(-24)
-12 + j*(26)
-38 + j*(-26)
3 + j*(5)
7 + j*(20)
4 + j*(-9)
46 + j*(0)
0 + j*(2)
8 + j*(-3)
-10 + j*(-26)
-23 + j*(-12)
-19 + j*(5)
27 + j*(0)
41 + j*(-9)
-17 + j*(6)
17 + j*(6)
11 + j*(20)
-12 + j*(6)
-16 + j*(22)
-45 + j*(1)
14 + j*(30)
5 + j*(-25)
-2 + j*(-4)
-3 + j*(9)
14 + j*(39)
-12 + j*(14)
3 + j*(4)
20 + j*(14)
-23 + j*(-2)
-29 + j*(25)
0 + j*(-6)
-31 + j*(25)
6 + j*(-38)
-9 + j*(-19)
-14 + j*(8)
-40 + j*(-16)
21 + j*(-16)
0 + j*(-4)
22 + j*(11)
-2 + j*(-5)
36 + j*(7)
7 + j*(-9)
11 + j*(11)
-21 + j*(-25)
21 + j*(-26)
35 + j*(-12)
1 + j*(19)
1 + j*(-16)
-27 + j*(-30)
15 + j*(2)
-12 + j*(12)
-15 + j*(0)
36 + j*(-22)
11 + j*(24)
-5 + j*(20)
-22 + j*(4)
-17 + j*(-18)
18 + j*(-20)
3 + j*(43)
6 + j*(34)
18 + j*(-3)
20 + j*(1)
3 + j*(15)
-38 + j*(9)
-22 + j*(6)
-16 + j*(10)
15 + j*(-6)
-39 + j*(19)
24 + j*(15)
0 + j*(41)
15 + j*(-2)
8 + j*(-14)
-6 + j*(-14)
3 + j*(31)
43 + j*(-22)
-43 + j*(43)
0 + j*(-10)
0 + j*(-7)
-14 + j*(7)
-6 + j*(45)
-13 + j*(3)
-44 + j*(0)
31 + j*(10)
3 + j*(-13)
-14 + j*(-4)
11 + j*(16)
15 + j*(29)
8 + j*(-15)
4 + j*(-26)
-20 + j*(4)
-20 + j*(5)
15 + j*(2)
0 + j*(17)
11 + j*(-10)
6 + j*(-1)
-19 + j*(16)
12 + j*(-12)
-33 + j*(-5)
2 + j*(8)
32 + j*(-19)
-27 + j*(-13)
34 + j*(8)
-1 + j*(9)
35 + j*(14)
-3 + j*(4)
16 + j*(-22)
17 + j*(2)
19 + j*(-16)
-3 + j*(-20)
22 + j*(-23)
31 + j*(29)
48 + j*(-28)
9 + j*(12)
-1 + j*(19)
-13 + j*(18)
-12 + j*(-20)
-16 + j*(48)
-7 + j*(-2)
-3 + j*(24)
-19 + j*(26)
57 + j*(7)
3 + j*(-1)
10 + j*(4)
7 + j*(9)
4 + j*(-33)
-27 + j*(-21)
-5 + j*(23)
14 + j*(-17)
9 + j*(-18)
-24 + j*(45)
7 + j*(0)
-8 + j*(-20)
-6 + j*(0)
-18 + j*(19)
-2 + j*(-13)
20 + j*(-22)
15 + j*(-25)
-18 + j*(12)
19 + j*(12)
28 + j*(-17)
-1 + j*(-21)
-11 + j*(29)
-21 + j*(18)
5 + j*(0)
3 + j*(0)
13 + j*(-18)
22 + j*(-6)
4 + j*(-14)
1 + j*(-5)
47 + j*(34)
-18 + j*(-10)
-8 + j*(32)
-4 + j*(-10)
17 + j*(26)
-21 + j*(-63)
14 + j*(1)
21 + j*(5)
-19 + j*(10)
4 + j*(5)
27 + j*(24)
36 + j*(10)
6 + j*(-55)
5 + j*(-17)
12 + j*(-9)
18 + j*(3)
-23 + j*(-12)
-31 + j*(25)
46 + j*(8)
9 + j*(-7)
-11 + j*(11)
-25 + j*(10)
17 + j*(2)
-28 + j*(37)
8 + j*(-10)
0 + j*(22)
30 + j*(9)
-3 + j*(-9)
-18 + j*(-12)
-18 + j*(11)
52 + j*(-28)
-11 + j*(4)
21 + j*(-5)
-12 + j*(3)
-33 + j*(28)
10 + j*(-10)
13 + j*(4)
-26 + j*(-69)
-20 + j*(-16)
-13 + j*(-8)
8 + j*(14)
9 + j*(18)
-20 + j*(-23)
