rxdataF_fftw = [20563 + j*(21352)
-21350 + j*(20532)
-20563 + j*(-21356)
20588 + j*(21384)
20605 + j*(21366)
-20566 + j*(-21345)
20583 + j*(21324)
20561 + j*(21356)
21367 + j*(-20599)
20597 + j*(21323)
-21354 + j*(20569)
-21336 + j*(20584)
20553 + j*(21344)
-20576 + j*(-21375)
21399 + j*(-20580)
-21364 + j*(20551)
-20585 + j*(-21317)
-21358 + j*(20575)
-21387 + j*(20584)
-20559 + j*(-21352)
21364 + j*(-20591)
21335 + j*(-20555)
21343 + j*(-20586)
20560 + j*(21369)
21339 + j*(-20573)
20585 + j*(21358)
21414 + j*(-20570)
-21368 + j*(20586)
21364 + j*(-20580)
21374 + j*(-20604)
21362 + j*(-20581)
21383 + j*(-20612)
-20587 + j*(-21363)
21359 + j*(-20610)
20588 + j*(21385)
21365 + j*(-20566)
-21375 + j*(20566)
21310 + j*(-20577)
21388 + j*(-20595)
-20564 + j*(-21344)
-20565 + j*(-21388)
-21358 + j*(20543)
21365 + j*(-20555)
-20602 + j*(-21373)
-21401 + j*(20591)
20588 + j*(21372)
20608 + j*(21353)
-21368 + j*(20569)
-21385 + j*(20591)
20591 + j*(21343)
-21334 + j*(20582)
20598 + j*(21394)
-21379 + j*(20593)
20564 + j*(21318)
21347 + j*(-20586)
-21330 + j*(20564)
21356 + j*(-20554)
21347 + j*(-20592)
21383 + j*(-20566)
21366 + j*(-20570)
-21368 + j*(20588)
-20602 + j*(-21324)
21380 + j*(-20523)
20570 + j*(21355)
-21357 + j*(20587)
21368 + j*(-20571)
-21349 + j*(20557)
20585 + j*(21356)
21356 + j*(-20569)
20577 + j*(21354)
21307 + j*(-20570)
21355 + j*(-20590)
20579 + j*(21366)
21379 + j*(-20593)
-21372 + j*(20584)
20579 + j*(21330)
21348 + j*(-20553)
-21345 + j*(20572)
21374 + j*(-20585)
20582 + j*(21336)
-21354 + j*(20610)
-21348 + j*(20575)
-21336 + j*(20590)
-21347 + j*(20590)
-21374 + j*(20569)
-20554 + j*(-21345)
-21358 + j*(20566)
21336 + j*(-20608)
-21315 + j*(20606)
21363 + j*(-20602)
21328 + j*(-20560)
21334 + j*(-20547)
-21340 + j*(20594)
-20575 + j*(-21339)
-21391 + j*(20529)
-21350 + j*(20601)
20586 + j*(21372)
21370 + j*(-20581)
21344 + j*(-20580)
-20568 + j*(-21325)
-21364 + j*(20550)
-21341 + j*(20554)
20540 + j*(21315)
21333 + j*(-20560)
21376 + j*(-20631)
21362 + j*(-20590)
-21353 + j*(20573)
-20609 + j*(-21320)
20560 + j*(21376)
-21319 + j*(20597)
20587 + j*(21328)
-21367 + j*(20546)
-20588 + j*(-21340)
21349 + j*(-20604)
21378 + j*(-20548)
21397 + j*(-20608)
-20629 + j*(-21362)
-20607 + j*(-21338)
20566 + j*(21344)
21317 + j*(-20587)
21362 + j*(-20600)
21336 + j*(-20619)
-21358 + j*(20558)
20614 + j*(21364)
20573 + j*(21352)
-21343 + j*(20562)
21348 + j*(-20586)
21368 + j*(-20596)
-21355 + j*(20599)
21376 + j*(-20577)
21357 + j*(-20586)
-21344 + j*(20588)
-20579 + j*(-21402)
-21328 + j*(20523)
-21338 + j*(20561)
-20538 + j*(-21368)
-20560 + j*(-21332)
21371 + j*(-20579)
-21340 + j*(20569)
-20580 + j*(-21366)
-20562 + j*(-21384)
21375 + j*(-20533)
21357 + j*(-20602)
-20613 + j*(-21358)
-20593 + j*(-21334)
-21359 + j*(20594)
-21369 + j*(20573)
20594 + j*(21349)
21381 + j*(-20554)
-21348 + j*(20598)
-21316 + j*(20601)
20555 + j*(21344)
-21341 + j*(20570)
-20568 + j*(-21392)
-20569 + j*(-21372)
-21378 + j*(20606)
21346 + j*(-20610)
20568 + j*(21339)
21377 + j*(-20579)
-21370 + j*(20561)
-20541 + j*(-21348)
21346 + j*(-20570)
-21368 + j*(20587)
21348 + j*(-20583)
21385 + j*(-20599)
-21365 + j*(20575)
21349 + j*(-20575)
21363 + j*(-20601)
-23 + j*(-14)
10 + j*(-7)
24 + j*(0)
-14 + j*(9)
-13 + j*(-22)
3 + j*(-13)
5 + j*(29)
-34 + j*(-28)
-22 + j*(0)
-3 + j*(-1)
15 + j*(0)
-35 + j*(-8)
4 + j*(-4)
0 + j*(7)
-4 + j*(-1)
-6 + j*(18)
64 + j*(-1)
-3 + j*(-1)
-14 + j*(15)
0 + j*(-35)
-18 + j*(25)
-16 + j*(0)
1 + j*(-25)
8 + j*(14)
-2 + j*(-19)
11 + j*(36)
34 + j*(0)
33 + j*(8)
-5 + j*(-2)
15 + j*(-9)
-29 + j*(-12)
-5 + j*(3)
-21 + j*(-3)
21 + j*(-2)
19 + j*(-25)
-10 + j*(-24)
5 + j*(-39)
30 + j*(-18)
5 + j*(-33)
-19 + j*(32)
10 + j*(13)
-7 + j*(-38)
9 + j*(23)
5 + j*(16)
14 + j*(20)
-9 + j*(23)
1 + j*(-1)
-1 + j*(-49)
-5 + j*(-4)
-20 + j*(0)
0 + j*(-10)
-3 + j*(14)
-22 + j*(6)
-21 + j*(11)
-38 + j*(-13)
-19 + j*(-25)
-9 + j*(11)
32 + j*(18)
4 + j*(-23)
1 + j*(14)
0 + j*(-3)
1 + j*(3)
-1 + j*(17)
13 + j*(32)
31 + j*(25)
9 + j*(24)
21 + j*(1)
41 + j*(13)
0 + j*(-12)
-20 + j*(-38)
3 + j*(0)
33 + j*(12)
-12 + j*(13)
14 + j*(-41)
-16 + j*(20)
13 + j*(49)
-28 + j*(0)
-13 + j*(-30)
-31 + j*(31)
13 + j*(16)
18 + j*(-40)
1 + j*(3)
-9 + j*(22)
25 + j*(23)
-19 + j*(-21)
12 + j*(-49)
31 + j*(-4)
14 + j*(16)
31 + j*(-7)
-23 + j*(-3)
-20 + j*(22)
-29 + j*(16)
-11 + j*(0)
-2 + j*(-11)
-9 + j*(12)
15 + j*(20)
18 + j*(24)
-3 + j*(31)
9 + j*(-6)
-18 + j*(11)
13 + j*(-27)
-22 + j*(-1)
29 + j*(10)
18 + j*(31)
-5 + j*(-16)
-2 + j*(-9)
-6 + j*(5)
13 + j*(3)
-4 + j*(-2)
12 + j*(-42)
14 + j*(0)
27 + j*(6)
9 + j*(-2)
22 + j*(25)
-4 + j*(-11)
-3 + j*(16)
12 + j*(6)
13 + j*(14)
27 + j*(18)
13 + j*(-20)
-7 + j*(6)
-10 + j*(-5)
-12 + j*(7)
-26 + j*(20)
18 + j*(8)
6 + j*(-2)
3 + j*(16)
12 + j*(8)
-7 + j*(14)
27 + j*(37)
-3 + j*(9)
8 + j*(-44)
9 + j*(-10)
-13 + j*(17)
-47 + j*(-7)
-3 + j*(-1)
-8 + j*(-16)
1 + j*(-25)
-7 + j*(-3)
7 + j*(-26)
-1 + j*(-9)
23 + j*(12)
54 + j*(-20)
-32 + j*(-1)
-13 + j*(13)
-11 + j*(-8)
-38 + j*(-8)
-20 + j*(0)
30 + j*(-22)
-19 + j*(24)
-1 + j*(15)
15 + j*(-19)
-9 + j*(-2)
-4 + j*(-22)
36 + j*(-5)
35 + j*(2)
-1 + j*(13)
25 + j*(7)
4 + j*(-10)
-2 + j*(-29)
0 + j*(44)
-12 + j*(-3)
-8 + j*(-36)
-2 + j*(-21)
7 + j*(2)
-4 + j*(26)
11 + j*(25)
19 + j*(-6)
2 + j*(-22)
-5 + j*(9)
0 + j*(8)
-19 + j*(-20)
-25 + j*(-20)
-24 + j*(14)
21 + j*(-1)
33 + j*(5)
38 + j*(1)
-10 + j*(-11)
-41 + j*(-35)
2 + j*(12)
-16 + j*(25)
38 + j*(-6)
-9 + j*(-6)
2 + j*(21)
28 + j*(21)
-35 + j*(-19)
-18 + j*(42)
14 + j*(28)
18 + j*(1)
-1 + j*(-12)
-29 + j*(-22)
-4 + j*(3)
-22 + j*(18)
7 + j*(8)
28 + j*(-37)
-3 + j*(-32)
3 + j*(8)
14 + j*(-24)
-35 + j*(-3)
15 + j*(3)
12 + j*(27)
8 + j*(-9)
8 + j*(3)
11 + j*(-6)
-16 + j*(7)
-21 + j*(2)
7 + j*(-20)
17 + j*(-3)
6 + j*(27)
-27 + j*(9)
-36 + j*(-19)
0 + j*(19)
-37 + j*(7)
10 + j*(-16)
-22 + j*(4)
25 + j*(-15)
-37 + j*(-30)
18 + j*(4)
-5 + j*(-20)
9 + j*(-7)
-15 + j*(-5)
-8 + j*(-17)
16 + j*(7)
-28 + j*(-9)
23 + j*(17)
-18 + j*(20)
17 + j*(-20)
15 + j*(-25)
8 + j*(11)
-28 + j*(4)
7 + j*(12)
-1 + j*(-6)
37 + j*(20)
-38 + j*(0)
16 + j*(11)
9 + j*(17)
-16 + j*(13)
7 + j*(18)
-14 + j*(5)
0 + j*(-2)
-34 + j*(-1)
-1 + j*(11)
13 + j*(20)
-5 + j*(-4)
-24 + j*(-12)
0 + j*(-31)
5 + j*(20)
-11 + j*(-5)
11 + j*(-35)
30 + j*(31)
2 + j*(11)
-35 + j*(9)
11 + j*(48)
-4 + j*(8)
-10 + j*(10)
11 + j*(-4)
-5 + j*(17)
-3 + j*(-17)
3 + j*(5)
3 + j*(36)
31 + j*(22)
15 + j*(-4)
44 + j*(32)
-33 + j*(18)
35 + j*(-13)
26 + j*(0)
7 + j*(7)
21 + j*(38)
-17 + j*(-27)
16 + j*(-5)
26 + j*(8)
-18 + j*(16)
3 + j*(-3)
33 + j*(0)
-19 + j*(31)
-10 + j*(-5)
-13 + j*(-12)
-4 + j*(28)
-49 + j*(-13)
7 + j*(3)
-30 + j*(-3)
4 + j*(4)
-1 + j*(6)
19 + j*(-2)
3 + j*(41)
-32 + j*(8)
-4 + j*(42)
-5 + j*(17)
-9 + j*(-19)
-4 + j*(-4)
2 + j*(-21)
-11 + j*(-16)
-3 + j*(-1)
9 + j*(-2)
-20 + j*(10)
-7 + j*(-19)
-2 + j*(-9)
-26 + j*(-4)
-16 + j*(4)
-32 + j*(8)
-12 + j*(-13)
8 + j*(25)
-14 + j*(-26)
21 + j*(7)
0 + j*(-29)
-14 + j*(-6)
35 + j*(-13)
-6 + j*(-41)
1 + j*(12)
-1 + j*(11)
7 + j*(23)
14 + j*(-2)
7 + j*(25)
-4 + j*(-25)
-22 + j*(12)
-4 + j*(-14)
-26 + j*(6)
-10 + j*(14)
16 + j*(-4)
23 + j*(12)
36 + j*(5)
-25 + j*(-15)
-15 + j*(-33)
33 + j*(-11)
9 + j*(23)
29 + j*(15)
-6 + j*(13)
9 + j*(13)
-17 + j*(15)
16 + j*(-4)
13 + j*(26)
-7 + j*(-11)
31 + j*(19)
-10 + j*(-9)
1 + j*(-9)
-8 + j*(-30)
-2 + j*(30)
-3 + j*(15)
3 + j*(-19)
3 + j*(-23)
-32 + j*(-9)
15 + j*(-24)
3 + j*(-41)
-25 + j*(14)
-20 + j*(35)
-13 + j*(43)
-54 + j*(-5)
-1 + j*(14)
-7 + j*(-12)
1 + j*(-3)
12 + j*(4)
8 + j*(1)
-15 + j*(25)
-10 + j*(-7)
21 + j*(2)
9 + j*(-21)
14 + j*(-17)
-29 + j*(-16)
35 + j*(-6)
1 + j*(-2)
27 + j*(9)
21 + j*(29)
-13 + j*(-1)
8 + j*(38)
-7 + j*(53)
30 + j*(-32)
-24 + j*(-35)
-18 + j*(26)
21 + j*(2)
11 + j*(4)
36 + j*(-35)
-8 + j*(8)
-1 + j*(-20)
-21 + j*(21)
-34 + j*(30)
-6 + j*(-3)
40 + j*(13)
-27 + j*(10)
12 + j*(21)
19 + j*(3)
11 + j*(-18)
2 + j*(17)
46 + j*(1)
-12 + j*(-14)
4 + j*(-21)
4 + j*(-2)
4 + j*(13)
-29 + j*(10)
15 + j*(0)
12 + j*(6)
17 + j*(10)
24 + j*(-36)
13 + j*(28)
-18 + j*(17)
