rxdataF_fftw = [12103 + j*(28084)
28099 + j*(-12170)
-28091 + j*(12160)
28085 + j*(-12177)
-28103 + j*(12172)
28116 + j*(-12128)
-28068 + j*(12141)
-12168 + j*(-28049)
12146 + j*(28076)
-12156 + j*(-28061)
-28075 + j*(12147)
28135 + j*(-12155)
12153 + j*(28085)
-28091 + j*(12151)
12163 + j*(28036)
12155 + j*(28095)
-12164 + j*(-28123)
-28068 + j*(12146)
28083 + j*(-12180)
-28086 + j*(12137)
12147 + j*(28057)
-28086 + j*(12141)
12132 + j*(28071)
28105 + j*(-12148)
12157 + j*(28107)
12131 + j*(28070)
-12167 + j*(-28106)
-12150 + j*(-28070)
28066 + j*(-12163)
12129 + j*(28099)
12159 + j*(28088)
12183 + j*(28070)
12166 + j*(28094)
28122 + j*(-12177)
-12118 + j*(-28095)
-28132 + j*(12163)
12134 + j*(28105)
28099 + j*(-12173)
12140 + j*(28069)
-12130 + j*(-28079)
-28071 + j*(12163)
-12101 + j*(-28104)
-12153 + j*(-28060)
28111 + j*(-12187)
-28061 + j*(12145)
-28086 + j*(12132)
-12157 + j*(-28119)
-12167 + j*(-28086)
12141 + j*(28076)
12179 + j*(28092)
28066 + j*(-12143)
-28069 + j*(12141)
28074 + j*(-12145)
12151 + j*(28079)
-12166 + j*(-28073)
-28079 + j*(12149)
28086 + j*(-12148)
-12176 + j*(-28125)
12161 + j*(28077)
28088 + j*(-12152)
12134 + j*(28093)
12135 + j*(28081)
-28084 + j*(12151)
-12147 + j*(-28104)
-28081 + j*(12156)
28105 + j*(-12140)
-28059 + j*(12105)
28077 + j*(-12172)
-28097 + j*(12152)
28114 + j*(-12156)
28097 + j*(-12158)
12172 + j*(28056)
-12134 + j*(-28110)
12161 + j*(28086)
-28112 + j*(12125)
12161 + j*(28094)
-12164 + j*(-28079)
12159 + j*(28073)
-28114 + j*(12138)
-12137 + j*(-28079)
28092 + j*(-12150)
12163 + j*(28082)
12120 + j*(28099)
-28058 + j*(12151)
28086 + j*(-12164)
12140 + j*(28079)
-12125 + j*(-28060)
12169 + j*(28074)
-28108 + j*(12177)
-12172 + j*(-28064)
28105 + j*(-12150)
12135 + j*(28083)
12130 + j*(28066)
28085 + j*(-12154)
-12133 + j*(-28101)
28084 + j*(-12103)
12166 + j*(28078)
28082 + j*(-12164)
-12178 + j*(-28073)
12140 + j*(28135)
28086 + j*(-12161)
-12140 + j*(-28071)
12138 + j*(28084)
28084 + j*(-12185)
28085 + j*(-12151)
12138 + j*(28103)
28082 + j*(-12165)
-12159 + j*(-28094)
-28066 + j*(12166)
-28099 + j*(12130)
-28083 + j*(12131)
-12146 + j*(-28107)
12150 + j*(28084)
28064 + j*(-12155)
28085 + j*(-12153)
28102 + j*(-12121)
-28069 + j*(12154)
-28071 + j*(12145)
12160 + j*(28109)
28091 + j*(-12133)
-28098 + j*(12142)
12171 + j*(28082)
-28098 + j*(12177)
28111 + j*(-12146)
12176 + j*(28066)
-28077 + j*(12159)
-12128 + j*(-28047)
28102 + j*(-12144)
28095 + j*(-12139)
28110 + j*(-12160)
12165 + j*(28084)
28095 + j*(-12134)
-28098 + j*(12145)
28065 + j*(-12168)
12195 + j*(28089)
-28098 + j*(12127)
-12140 + j*(-28073)
12155 + j*(28032)
12190 + j*(28091)
-28106 + j*(12157)
-28078 + j*(12120)
-28080 + j*(12156)
-28062 + j*(12151)
28077 + j*(-12147)
-28081 + j*(12158)
12126 + j*(28086)
-28097 + j*(12138)
-12141 + j*(-28084)
12163 + j*(28096)
-28063 + j*(12125)
28110 + j*(-12163)
-12162 + j*(-28126)
12166 + j*(28100)
12130 + j*(28048)
-12147 + j*(-28079)
12162 + j*(28088)
-12146 + j*(-28086)
-28067 + j*(12151)
28070 + j*(-12132)
12176 + j*(28100)
-28081 + j*(12154)
28107 + j*(-12181)
28080 + j*(-12168)
12143 + j*(28088)
-12178 + j*(-28060)
-12156 + j*(-28119)
28104 + j*(-12167)
12122 + j*(28119)
-18 + j*(22)
26 + j*(-4)
-5 + j*(-11)
8 + j*(14)
5 + j*(17)
-6 + j*(15)
15 + j*(6)
-30 + j*(-3)
-2 + j*(7)
0 + j*(-26)
-28 + j*(-10)
17 + j*(-42)
7 + j*(-16)
-6 + j*(29)
-29 + j*(3)
5 + j*(28)
7 + j*(15)
-6 + j*(34)
5 + j*(-9)
-16 + j*(-10)
-5 + j*(-17)
-1 + j*(36)
30 + j*(11)
27 + j*(2)
14 + j*(-18)
-5 + j*(-5)
2 + j*(7)
-32 + j*(24)
46 + j*(-4)
-38 + j*(24)
-12 + j*(22)
-2 + j*(17)
-58 + j*(17)
-10 + j*(7)
10 + j*(10)
12 + j*(-12)
45 + j*(33)
10 + j*(-23)
-9 + j*(44)
3 + j*(32)
1 + j*(45)
-16 + j*(23)
-11 + j*(7)
1 + j*(19)
-7 + j*(22)
3 + j*(-6)
14 + j*(5)
-7 + j*(2)
3 + j*(3)
30 + j*(-12)
-5 + j*(-44)
17 + j*(10)
6 + j*(1)
-7 + j*(-7)
-4 + j*(19)
-9 + j*(-2)
8 + j*(2)
-1 + j*(38)
25 + j*(25)
29 + j*(-2)
2 + j*(23)
14 + j*(8)
43 + j*(-6)
-3 + j*(-26)
-53 + j*(15)
7 + j*(23)
29 + j*(-13)
-3 + j*(31)
0 + j*(16)
-4 + j*(0)
0 + j*(-30)
-26 + j*(7)
25 + j*(18)
6 + j*(20)
-3 + j*(-1)
14 + j*(4)
22 + j*(16)
17 + j*(26)
-27 + j*(0)
0 + j*(12)
19 + j*(9)
28 + j*(4)
1 + j*(-1)
-6 + j*(-11)
7 + j*(11)
-16 + j*(-8)
0 + j*(7)
15 + j*(-15)
-4 + j*(-3)
-18 + j*(-2)
-12 + j*(4)
6 + j*(-42)
-10 + j*(0)
20 + j*(7)
-25 + j*(16)
12 + j*(21)
4 + j*(-5)
0 + j*(-3)
10 + j*(-8)
-19 + j*(-20)
0 + j*(14)
-16 + j*(28)
19 + j*(-6)
15 + j*(-13)
7 + j*(3)
8 + j*(-33)
5 + j*(-16)
12 + j*(-4)
9 + j*(-19)
34 + j*(3)
13 + j*(-4)
8 + j*(15)
-47 + j*(10)
-4 + j*(14)
13 + j*(-14)
4 + j*(4)
6 + j*(5)
-18 + j*(-20)
-13 + j*(-34)
-29 + j*(35)
-18 + j*(21)
25 + j*(14)
-3 + j*(-55)
9 + j*(0)
30 + j*(7)
-4 + j*(8)
-19 + j*(-26)
-17 + j*(0)
28 + j*(-22)
25 + j*(19)
13 + j*(0)
-6 + j*(-12)
-10 + j*(15)
-16 + j*(-29)
-8 + j*(-9)
-5 + j*(2)
-29 + j*(-17)
-31 + j*(10)
19 + j*(-3)
4 + j*(-16)
7 + j*(-22)
-2 + j*(-15)
3 + j*(8)
10 + j*(-1)
-17 + j*(13)
23 + j*(-15)
-5 + j*(0)
-10 + j*(10)
15 + j*(-14)
-12 + j*(-1)
34 + j*(-8)
-24 + j*(0)
1 + j*(-3)
-36 + j*(2)
-4 + j*(4)
1 + j*(33)
16 + j*(18)
6 + j*(-21)
-9 + j*(11)
2 + j*(-4)
-17 + j*(-14)
-4 + j*(-18)
23 + j*(5)
-11 + j*(-15)
-21 + j*(-6)
-4 + j*(-8)
16 + j*(-6)
16 + j*(-39)
11 + j*(28)
20 + j*(-36)
14 + j*(43)
9 + j*(18)
-16 + j*(-1)
5 + j*(-19)
-27 + j*(11)
7 + j*(-25)
0 + j*(-6)
9 + j*(26)
6 + j*(-32)
-17 + j*(37)
10 + j*(-6)
5 + j*(6)
2 + j*(7)
-29 + j*(8)
-1 + j*(27)
-26 + j*(5)
3 + j*(-1)
-19 + j*(-26)
16 + j*(-9)
30 + j*(11)
20 + j*(-10)
5 + j*(-10)
-38 + j*(0)
-30 + j*(-13)
-21 + j*(22)
15 + j*(29)
6 + j*(0)
34 + j*(25)
6 + j*(-5)
15 + j*(17)
-2 + j*(-32)
-34 + j*(9)
-28 + j*(-43)
15 + j*(4)
13 + j*(17)
-1 + j*(6)
15 + j*(24)
-7 + j*(-24)
23 + j*(15)
-29 + j*(13)
1 + j*(-12)
-17 + j*(-27)
-27 + j*(-10)
-14 + j*(13)
23 + j*(23)
-14 + j*(32)
-3 + j*(-20)
17 + j*(-1)
-3 + j*(-16)
5 + j*(18)
-31 + j*(1)
25 + j*(-22)
28 + j*(-17)
29 + j*(-11)
1 + j*(6)
15 + j*(0)
-4 + j*(-16)
7 + j*(-25)
2 + j*(5)
-30 + j*(16)
-19 + j*(-6)
18 + j*(1)
23 + j*(59)
-15 + j*(-16)
-8 + j*(-22)
3 + j*(-4)
-6 + j*(12)
26 + j*(-1)
29 + j*(2)
25 + j*(0)
-23 + j*(5)
32 + j*(0)
0 + j*(12)
-27 + j*(-1)
2 + j*(3)
-31 + j*(8)
-8 + j*(9)
-6 + j*(13)
-14 + j*(-33)
7 + j*(9)
7 + j*(31)
23 + j*(-6)
-11 + j*(-3)
24 + j*(-17)
14 + j*(18)
16 + j*(-16)
21 + j*(-5)
13 + j*(9)
-11 + j*(9)
-23 + j*(0)
-3 + j*(13)
-3 + j*(9)
16 + j*(6)
25 + j*(-33)
-3 + j*(24)
-6 + j*(-6)
0 + j*(-24)
-13 + j*(-8)
-20 + j*(-11)
-34 + j*(21)
17 + j*(3)
-10 + j*(22)
-6 + j*(27)
-27 + j*(-21)
-19 + j*(3)
-17 + j*(-4)
-18 + j*(-15)
14 + j*(-6)
12 + j*(7)
0 + j*(28)
16 + j*(5)
20 + j*(14)
-5 + j*(-9)
1 + j*(-23)
14 + j*(-16)
12 + j*(7)
-16 + j*(32)
9 + j*(-1)
-28 + j*(-5)
-20 + j*(44)
0 + j*(10)
-39 + j*(-7)
-27 + j*(0)
-3 + j*(12)
0 + j*(-68)
10 + j*(7)
-5 + j*(-3)
6 + j*(-24)
-11 + j*(21)
-7 + j*(-15)
19 + j*(-26)
-19 + j*(-19)
-30 + j*(12)
25 + j*(23)
-8 + j*(-49)
10 + j*(16)
31 + j*(25)
-6 + j*(7)
-18 + j*(11)
-20 + j*(2)
0 + j*(-7)
-23 + j*(-24)
24 + j*(21)
32 + j*(-15)
22 + j*(12)
0 + j*(5)
14 + j*(43)
-23 + j*(-9)
0 + j*(-23)
-19 + j*(-14)
13 + j*(5)
0 + j*(6)
-9 + j*(-4)
-7 + j*(-11)
-28 + j*(-14)
17 + j*(0)
0 + j*(-4)
5 + j*(6)
16 + j*(4)
-15 + j*(14)
-4 + j*(-18)
-2 + j*(-26)
-7 + j*(45)
5 + j*(4)
-26 + j*(-9)
2 + j*(27)
13 + j*(3)
45 + j*(1)
-21 + j*(15)
-13 + j*(18)
-16 + j*(-20)
-10 + j*(39)
-4 + j*(9)
-15 + j*(1)
34 + j*(14)
-12 + j*(-4)
18 + j*(-30)
11 + j*(31)
37 + j*(4)
20 + j*(20)
14 + j*(1)
-1 + j*(52)
0 + j*(-24)
31 + j*(-28)
-8 + j*(-8)
9 + j*(8)
2 + j*(45)
23 + j*(9)
2 + j*(-9)
21 + j*(33)
-1 + j*(-27)
14 + j*(1)
15 + j*(44)
8 + j*(-12)
0 + j*(-41)
0 + j*(-19)
-50 + j*(0)
3 + j*(-9)
27 + j*(30)
18 + j*(2)
6 + j*(12)
-31 + j*(0)
23 + j*(20)
-28 + j*(-20)
-12 + j*(-14)
7 + j*(28)
26 + j*(-5)
-10 + j*(-34)
17 + j*(19)
-9 + j*(0)
-24 + j*(36)
18 + j*(-5)
-33 + j*(-45)
23 + j*(-18)
28 + j*(-9)
6 + j*(-12)
-6 + j*(26)
-12 + j*(-31)
24 + j*(27)
-25 + j*(5)
8 + j*(-12)
-16 + j*(1)
-4 + j*(-8)
-23 + j*(9)
44 + j*(26)
18 + j*(-23)
31 + j*(35)
-30 + j*(-23)
