rxdataF_fftw = [-5 + j*(8)
-2 + j*(17)
16 + j*(0)
12 + j*(-17)
-4 + j*(25)
-7 + j*(12)
-5 + j*(-19)
6 + j*(-14)
-7 + j*(21)
-3 + j*(22)
8 + j*(-30)
0 + j*(3)
12 + j*(27)
2 + j*(14)
7 + j*(-34)
17 + j*(25)
8 + j*(-4)
-12 + j*(26)
23 + j*(-7)
6 + j*(5)
-2 + j*(1)
3 + j*(0)
4 + j*(20)
18 + j*(5)
-22692 + j*(-28293)
22716 + j*(28280)
28291 + j*(-22695)
28279 + j*(-22741)
-28273 + j*(22663)
22700 + j*(28275)
-28261 + j*(22735)
-28290 + j*(22685)
28288 + j*(-22705)
22694 + j*(28264)
-22676 + j*(-28266)
-28287 + j*(22671)
28276 + j*(-22650)
-22683 + j*(-28300)
22681 + j*(28261)
-22709 + j*(-28266)
28317 + j*(-22686)
-28284 + j*(22688)
28271 + j*(-22660)
-28268 + j*(22671)
22711 + j*(28278)
28255 + j*(-22668)
-28266 + j*(22677)
22688 + j*(28271)
-28242 + j*(22683)
-28250 + j*(22685)
-28285 + j*(22698)
28254 + j*(-22703)
-28237 + j*(22673)
28257 + j*(-22709)
-22664 + j*(-28288)
-28259 + j*(22678)
28273 + j*(-22717)
28280 + j*(-22705)
-28247 + j*(22672)
22698 + j*(28246)
-22713 + j*(-28251)
-28281 + j*(22691)
28284 + j*(-22684)
-28280 + j*(22665)
28287 + j*(-22678)
-28222 + j*(22670)
-22676 + j*(-28279)
28290 + j*(-22662)
28269 + j*(-22694)
-28252 + j*(22698)
22701 + j*(28260)
-22645 + j*(-28276)
28264 + j*(-22710)
-28274 + j*(22699)
-28288 + j*(22662)
-22683 + j*(-28225)
-22690 + j*(-28282)
28268 + j*(-22685)
-22658 + j*(-28290)
22731 + j*(28272)
-22710 + j*(-28292)
22701 + j*(28298)
-22693 + j*(-28302)
-22670 + j*(-28273)
28296 + j*(-22729)
22686 + j*(28264)
-28251 + j*(22694)
22739 + j*(28284)
-22697 + j*(-28246)
28273 + j*(-22706)
-22688 + j*(-28252)
28294 + j*(-22694)
-22726 + j*(-28266)
-22647 + j*(-28279)
28269 + j*(-22715)
22675 + j*(28259)
0 + j*(14)
32 + j*(5)
0 + j*(-7)
-3 + j*(-29)
2 + j*(-9)
19 + j*(-1)
-1 + j*(-18)
2 + j*(35)
14 + j*(-17)
4 + j*(10)
25 + j*(-2)
-44 + j*(-19)
-5 + j*(-32)
6 + j*(26)
-25 + j*(-10)
0 + j*(12)
24 + j*(-33)
-24 + j*(-3)
-5 + j*(-4)
-2 + j*(-5)
30 + j*(-19)
5 + j*(-17)
-1 + j*(2)
4 + j*(16)
23 + j*(9)
-12 + j*(6)
15 + j*(-29)
5 + j*(27)
12 + j*(-30)
23 + j*(-36)
6 + j*(10)
27 + j*(-14)
-10 + j*(12)
0 + j*(3)
-44 + j*(-6)
17 + j*(-6)
18 + j*(-1)
-22 + j*(-15)
2 + j*(-17)
8 + j*(7)
-1 + j*(-36)
-17 + j*(-19)
-34 + j*(-26)
8 + j*(-36)
-3 + j*(32)
14 + j*(-35)
-6 + j*(0)
12 + j*(-45)
24 + j*(-44)
26 + j*(13)
-4 + j*(1)
-21 + j*(18)
9 + j*(-6)
-9 + j*(-15)
20 + j*(23)
0 + j*(4)
17 + j*(-15)
37 + j*(7)
-1 + j*(-2)
-10 + j*(3)
-6 + j*(-1)
10 + j*(-18)
34 + j*(-7)
28 + j*(2)
-4 + j*(-2)
14 + j*(-25)
55 + j*(-30)
5 + j*(31)
29 + j*(-6)
4 + j*(-3)
22 + j*(18)
36 + j*(42)
47 + j*(-2)
36 + j*(-8)
12 + j*(16)
18 + j*(21)
23 + j*(-1)
-4 + j*(14)
-34 + j*(16)
5 + j*(-8)
14 + j*(14)
-3 + j*(-17)
15 + j*(-13)
-27 + j*(6)
-20 + j*(-7)
14 + j*(-24)
13 + j*(15)
32 + j*(14)
-8 + j*(-8)
-13 + j*(-8)
-17 + j*(-14)
41 + j*(15)
27 + j*(51)
27 + j*(11)
3 + j*(-1)
0 + j*(-12)
-29 + j*(-8)
-12 + j*(-23)
16 + j*(-24)
5 + j*(-10)
37 + j*(-15)
-4 + j*(2)
3 + j*(-26)
20 + j*(0)
0 + j*(0)
-8 + j*(-4)
-2 + j*(-5)
-14 + j*(-7)
29 + j*(21)
0 + j*(-36)
19 + j*(-29)
5 + j*(36)
8 + j*(-20)
9 + j*(-18)
39 + j*(2)
-19 + j*(-13)
-2 + j*(-21)
-13 + j*(4)
47 + j*(24)
4 + j*(-28)
20 + j*(-2)
42 + j*(-4)
8 + j*(15)
-18 + j*(8)
-11 + j*(-11)
6 + j*(-2)
1 + j*(6)
-20 + j*(3)
-11 + j*(14)
11 + j*(-13)
-9 + j*(-1)
0 + j*(-2)
1 + j*(28)
23 + j*(4)
30 + j*(20)
-22 + j*(-4)
27 + j*(-4)
41 + j*(-9)
-18 + j*(-5)
-19 + j*(18)
3 + j*(12)
-10 + j*(14)
-11 + j*(7)
-3 + j*(16)
-16 + j*(1)
9 + j*(-4)
13 + j*(-19)
-43 + j*(-5)
21 + j*(5)
2 + j*(34)
21 + j*(10)
24 + j*(-22)
-2 + j*(-56)
25 + j*(15)
-14 + j*(-10)
-8 + j*(-7)
-4 + j*(-38)
-10 + j*(-18)
28 + j*(31)
11 + j*(-16)
10 + j*(21)
25 + j*(22)
-4 + j*(14)
16 + j*(-11)
20 + j*(7)
4 + j*(11)
25 + j*(-8)
13 + j*(9)
-20 + j*(11)
10 + j*(-61)
-8 + j*(-6)
-2 + j*(-9)
47 + j*(-27)
-3 + j*(9)
27 + j*(14)
12 + j*(-1)
8 + j*(3)
3 + j*(18)
11 + j*(-2)
10 + j*(18)
-22 + j*(0)
0 + j*(-30)
15 + j*(2)
32 + j*(19)
41 + j*(-20)
1 + j*(-7)
14 + j*(9)
-26 + j*(-6)
10 + j*(-6)
24 + j*(-25)
31 + j*(-8)
-41 + j*(-15)
-32 + j*(23)
30 + j*(13)
17 + j*(-12)
-5 + j*(-17)
16 + j*(6)
-20 + j*(-23)
13 + j*(5)
-19 + j*(-1)
-33 + j*(-12)
0 + j*(-8)
-9 + j*(0)
30 + j*(30)
15 + j*(4)
20 + j*(14)
-17 + j*(11)
3 + j*(25)
-6 + j*(1)
16 + j*(-17)
5 + j*(10)
-11 + j*(0)
8 + j*(-25)
14 + j*(-19)
10 + j*(-28)
16 + j*(-18)
16 + j*(-1)
-17 + j*(-11)
26 + j*(-10)
8 + j*(-3)
-13 + j*(-2)
-7 + j*(-8)
30 + j*(10)
16 + j*(22)
-4 + j*(-28)
-9 + j*(12)
0 + j*(-4)
16 + j*(2)
1 + j*(3)
48 + j*(14)
14 + j*(30)
29 + j*(-39)
-1 + j*(-5)
-8 + j*(17)
27 + j*(0)
2 + j*(-4)
8 + j*(6)
12 + j*(23)
-25 + j*(3)
1 + j*(-5)
-20 + j*(-7)
33 + j*(17)
55 + j*(14)
12 + j*(-3)
13 + j*(0)
4 + j*(7)
-10 + j*(4)
-19 + j*(-16)
2 + j*(-11)
14 + j*(0)
8 + j*(-23)
-43 + j*(2)
5 + j*(1)
-10 + j*(3)
20 + j*(-13)
16 + j*(-4)
26 + j*(-33)
-13 + j*(-5)
-27 + j*(7)
26 + j*(-21)
23 + j*(0)
-13 + j*(-21)
10 + j*(-17)
4 + j*(3)
-20 + j*(1)
19 + j*(1)
-10 + j*(6)
8 + j*(21)
-14 + j*(0)
-32 + j*(-4)
18 + j*(9)
1 + j*(-8)
6 + j*(15)
11 + j*(-20)
-13 + j*(-5)
-9 + j*(21)
-14 + j*(-12)
21 + j*(-9)
-3 + j*(8)
-12 + j*(0)
-16 + j*(-11)
17 + j*(-14)
19 + j*(2)
32 + j*(-12)
48 + j*(-29)
0 + j*(-4)
14 + j*(-41)
13 + j*(7)
-29 + j*(13)
16 + j*(-30)
1 + j*(4)
0 + j*(-9)
-11 + j*(0)
20 + j*(-23)
-5 + j*(-10)
-24 + j*(9)
10 + j*(21)
-10 + j*(-7)
17 + j*(1)
6 + j*(-11)
5 + j*(-25)
-12 + j*(-16)
13 + j*(-12)
-17 + j*(0)
-2 + j*(19)
15 + j*(-3)
6 + j*(26)
-12 + j*(15)
6 + j*(56)
23 + j*(10)
2 + j*(4)
5 + j*(-8)
-20 + j*(0)
-39 + j*(11)
-9 + j*(16)
34 + j*(30)
22 + j*(13)
2 + j*(-35)
2 + j*(10)
11 + j*(2)
20 + j*(11)
-10 + j*(15)
0 + j*(28)
-22 + j*(-10)
-5 + j*(19)
0 + j*(11)
13 + j*(-36)
5 + j*(6)
28 + j*(9)
9 + j*(5)
-31 + j*(31)
29 + j*(-17)
14 + j*(22)
-22 + j*(10)
-33 + j*(-5)
30 + j*(-28)
6 + j*(-31)
-10 + j*(12)
12 + j*(6)
18 + j*(0)
-4 + j*(-12)
-18 + j*(-2)
23 + j*(10)
0 + j*(3)
32 + j*(3)
4 + j*(-8)
10 + j*(-7)
-2 + j*(3)
6 + j*(-5)
42 + j*(8)
28 + j*(-3)
30 + j*(-8)
-24 + j*(15)
37 + j*(14)
5 + j*(-11)
1 + j*(68)
-1 + j*(20)
5 + j*(6)
-32 + j*(-8)
33 + j*(-11)
2 + j*(-23)
-20 + j*(-29)
45 + j*(29)
28 + j*(19)
7 + j*(-21)
-10 + j*(22)
12 + j*(30)
-1 + j*(14)
11 + j*(-2)
1 + j*(9)
13 + j*(11)
9 + j*(-14)
28 + j*(-3)
29 + j*(-14)
31 + j*(-10)
36 + j*(-1)
6 + j*(-17)
58 + j*(5)
-15 + j*(-5)
11 + j*(-2)
4 + j*(23)
6 + j*(24)
22 + j*(-2)
-32 + j*(-47)
20 + j*(12)
-39 + j*(6)
-6 + j*(3)
4 + j*(-12)
0 + j*(-19)
8 + j*(-37)
19 + j*(7)
20 + j*(33)
11 + j*(16)
17 + j*(-3)
33 + j*(17)
20 + j*(-10)
-13 + j*(20)
11 + j*(-22)
-6 + j*(27)
2 + j*(-10)
8 + j*(10)
11 + j*(0)
-6 + j*(-8)
-29 + j*(3)
-46 + j*(-20)
22 + j*(-5)
17 + j*(9)
-17 + j*(6)
4 + j*(-23)
10 + j*(5)
-15 + j*(-12)
46 + j*(0)
65 + j*(-5)
-5 + j*(38)
12 + j*(-17)
40 + j*(-1)
-2 + j*(4)
14 + j*(10)
2 + j*(-13)
8 + j*(-16)
15 + j*(5)
-13 + j*(-23)
4 + j*(0)
31 + j*(-3)
-4 + j*(25)
-6 + j*(-2)
53 + j*(-11)
-20 + j*(12)
14 + j*(-27)
2 + j*(-15)
-4 + j*(24)
45 + j*(0)
4 + j*(-8)
-12 + j*(37)
-2 + j*(-27)
42 + j*(16)
31 + j*(-9)
17 + j*(13)
-12 + j*(-15)
5 + j*(1)
-7 + j*(19)
-7 + j*(21)
1 + j*(5)
-11 + j*(-16)
42 + j*(31)
11 + j*(-22)
-21 + j*(2)
-21 + j*(22)
-17 + j*(-5)
29 + j*(19)
11 + j*(23)
-29 + j*(3)
-2 + j*(8)
9 + j*(8)
7 + j*(0)
10 + j*(-24)
7 + j*(14)
0 + j*(-12)
4 + j*(-15)
-24 + j*(31)
2 + j*(-22)
1 + j*(12)
-11 + j*(-50)
7 + j*(-6)
56 + j*(13)
48 + j*(-26)
13 + j*(-21)
14 + j*(-5)
-44 + j*(9)
41 + j*(-31)
-24 + j*(-29)
-24 + j*(46)
46 + j*(46)
21 + j*(-35)
-45 + j*(-26)
-18 + j*(0)
49 + j*(-27)
18 + j*(-14)
34 + j*(21)
-5 + j*(-2)
-30 + j*(-10)
73 + j*(21)
10 + j*(48)
42 + j*(21)
-21 + j*(7)
39 + j*(-32)
-4 + j*(12)
26 + j*(20)
9 + j*(12)
32 + j*(3)
53 + j*(1)
-50 + j*(-15)
34 + j*(-52)
-4 + j*(-2)
16 + j*(0)
-9 + j*(-12)
5 + j*(4)
24 + j*(28)
-1 + j*(-7)
4 + j*(4)
1 + j*(-28)
-7 + j*(17)
2 + j*(-43)
22 + j*(-34)
-16 + j*(0)
-49 + j*(10)
-3 + j*(35)
-5 + j*(-1)
-32 + j*(-22)
10 + j*(0)
-16 + j*(16)
45 + j*(-12)
-2 + j*(0)
-47 + j*(-6)
4 + j*(0)
30 + j*(29)
-22 + j*(-23)
30 + j*(-3)
29 + j*(-28)
-21 + j*(-13)
13 + j*(5)
12 + j*(-40)
0 + j*(14)
-1 + j*(-19)
