rxdataF_fftw = [-4936 + j*(2046)
-8 + j*(-12)
4890 + j*(-2030)
1 + j*(0)
-2018 + j*(-4888)
0 + j*(-3)
4917 + j*(-2055)
3 + j*(0)
-2039 + j*(-4894)
-6 + j*(3)
2093 + j*(4923)
0 + j*(-4)
2010 + j*(4871)
3 + j*(-1)
-4949 + j*(2038)
1 + j*(-1)
2029 + j*(4906)
0 + j*(0)
1995 + j*(4882)
-2 + j*(-2)
1983 + j*(4914)
-2 + j*(-1)
-4890 + j*(2042)
-10 + j*(-4)
4891 + j*(-2051)
7 + j*(0)
2024 + j*(4894)
-3 + j*(-2)
-4906 + j*(2032)
-4 + j*(-7)
-4858 + j*(1985)
-3 + j*(-4)
2034 + j*(4887)
-13 + j*(-1)
4868 + j*(-2038)
0 + j*(4)
-2018 + j*(-4868)
0 + j*(4)
-2061 + j*(-4883)
3 + j*(-6)
-4938 + j*(2039)
-1 + j*(0)
4878 + j*(-2015)
5 + j*(-7)
-4899 + j*(2050)
-3 + j*(0)
-4915 + j*(2075)
-5 + j*(-2)
2088 + j*(4906)
2 + j*(-1)
2026 + j*(4839)
-1 + j*(-2)
-2045 + j*(-4870)
1 + j*(4)
-2034 + j*(-4864)
-4 + j*(-2)
-2018 + j*(-4869)
-3 + j*(-2)
-4901 + j*(2048)
0 + j*(-1)
-4867 + j*(2026)
-1 + j*(0)
4932 + j*(-2025)
0 + j*(-6)
4923 + j*(-2025)
-8 + j*(-6)
4930 + j*(-2047)
1 + j*(3)
2083 + j*(4872)
0 + j*(3)
-2064 + j*(-4902)
1 + j*(-6)
2056 + j*(4869)
-13 + j*(-7)
-2035 + j*(-4932)
-5 + j*(0)
-4851 + j*(2032)
1 + j*(-2)
2034 + j*(4881)
-4 + j*(-9)
2049 + j*(4901)
-1 + j*(-10)
4886 + j*(-2071)
3 + j*(-3)
2051 + j*(4868)
-5 + j*(8)
2075 + j*(4885)
-1 + j*(-5)
2054 + j*(4910)
-5 + j*(-3)
4893 + j*(-2066)
-9 + j*(-3)
-4888 + j*(2002)
0 + j*(0)
4907 + j*(-2018)
2 + j*(-7)
-2037 + j*(-4897)
5 + j*(1)
-2048 + j*(-4932)
-3 + j*(5)
-2014 + j*(-4904)
1 + j*(-3)
4895 + j*(-2021)
-4 + j*(-1)
2041 + j*(4847)
1 + j*(-6)
2020 + j*(4941)
3 + j*(-2)
2008 + j*(4909)
1 + j*(-11)
-2046 + j*(-4862)
-2 + j*(-2)
4908 + j*(-2042)
-5 + j*(0)
4857 + j*(-2011)
1 + j*(0)
2083 + j*(4876)
0 + j*(3)
2078 + j*(4888)
0 + j*(0)
2029 + j*(4875)
-3 + j*(8)
4875 + j*(-2022)
-3 + j*(5)
-4884 + j*(2060)
3 + j*(-2)
4892 + j*(-2006)
-4 + j*(-5)
4874 + j*(-2064)
0 + j*(-2)
-4853 + j*(2031)
5 + j*(0)
4924 + j*(-2024)
0 + j*(5)
2028 + j*(4899)
0 + j*(-3)
-4931 + j*(2044)
-1 + j*(1)
2029 + j*(4876)
-8 + j*(-5)
-2039 + j*(-4912)
-6 + j*(-1)
-4913 + j*(2038)
-1 + j*(-5)
-4913 + j*(2043)
-1 + j*(-9)
4893 + j*(-2072)
4 + j*(3)
4930 + j*(-2015)
0 + j*(-2)
-2039 + j*(-4940)
-3 + j*(-1)
1990 + j*(4914)
-15 + j*(-1)
2023 + j*(4936)
-2 + j*(0)
-4890 + j*(2035)
-5 + j*(0)
4871 + j*(-2038)
-3 + j*(-8)
4887 + j*(-2042)
-9 + j*(-8)
-4890 + j*(2023)
-3 + j*(-4)
-2032 + j*(-4903)
-1 + j*(-13)
2010 + j*(4902)
2 + j*(-7)
31 + j*(40)
1 + j*(-1)
25 + j*(33)
0 + j*(-6)
25 + j*(17)
1 + j*(0)
8 + j*(-2)
-4 + j*(-12)
30 + j*(17)
-9 + j*(3)
-2 + j*(12)
-9 + j*(0)
23 + j*(-16)
2 + j*(1)
-3 + j*(6)
-3 + j*(-5)
36 + j*(2)
-1 + j*(-6)
27 + j*(4)
0 + j*(2)
-1 + j*(5)
3 + j*(-8)
16 + j*(-6)
-3 + j*(10)
-8 + j*(30)
-6 + j*(1)
42 + j*(1)
-7 + j*(-5)
25 + j*(15)
2 + j*(4)
19 + j*(19)
0 + j*(0)
25 + j*(-22)
0 + j*(-7)
-36 + j*(-64)
-3 + j*(0)
1 + j*(-23)
-13 + j*(-4)
37 + j*(-22)
-6 + j*(1)
-22 + j*(-25)
-13 + j*(-5)
49 + j*(-19)
-7 + j*(-7)
-13 + j*(-49)
-4 + j*(-3)
-24 + j*(43)
1 + j*(-1)
-8 + j*(-20)
3 + j*(0)
-80 + j*(-34)
0 + j*(-10)
-3 + j*(-12)
-7 + j*(-6)
53 + j*(39)
-3 + j*(6)
-16 + j*(-2)
-9 + j*(4)
-8 + j*(-33)
-5 + j*(2)
80 + j*(-10)
-6 + j*(-11)
-38 + j*(28)
0 + j*(-7)
4 + j*(55)
0 + j*(4)
-4 + j*(14)
0 + j*(-8)
-71 + j*(-2)
-5 + j*(-11)
-31 + j*(0)
-5 + j*(9)
-4 + j*(0)
-14 + j*(0)
-35 + j*(-13)
1 + j*(0)
-7 + j*(-8)
-3 + j*(-2)
44 + j*(-6)
2 + j*(7)
24 + j*(-41)
-2 + j*(-4)
-39 + j*(-25)
5 + j*(-3)
29 + j*(-21)
1 + j*(3)
24 + j*(0)
-8 + j*(-3)
15 + j*(-32)
-7 + j*(6)
19 + j*(-1)
2 + j*(-2)
26 + j*(-2)
-2 + j*(0)
13 + j*(-19)
2 + j*(-3)
-50 + j*(-16)
-3 + j*(-2)
18 + j*(43)
-7 + j*(0)
3 + j*(6)
1 + j*(1)
-11 + j*(26)
6 + j*(-2)
22 + j*(8)
1 + j*(3)
-28 + j*(7)
0 + j*(-1)
1 + j*(-47)
-6 + j*(0)
-13 + j*(3)
1 + j*(0)
40 + j*(-7)
0 + j*(-3)
-13 + j*(-10)
-2 + j*(-4)
-8 + j*(-46)
5 + j*(-3)
-34 + j*(-55)
-4 + j*(1)
43 + j*(-12)
2 + j*(-6)
-22 + j*(4)
-2 + j*(-5)
-15 + j*(-39)
0 + j*(-6)
3 + j*(33)
2 + j*(4)
0 + j*(-32)
0 + j*(-3)
-9 + j*(-17)
7 + j*(-7)
24 + j*(25)
4 + j*(-2)
-46 + j*(1)
2 + j*(2)
20 + j*(21)
0 + j*(-1)
-11 + j*(16)
0 + j*(0)
38 + j*(-31)
-1 + j*(3)
-43 + j*(-54)
-1 + j*(-3)
-10 + j*(14)
2 + j*(-1)
-4 + j*(-4)
0 + j*(0)
-34 + j*(-14)
-1 + j*(4)
-25 + j*(75)
4 + j*(-4)
-23 + j*(-34)
-2 + j*(-2)
-2 + j*(7)
0 + j*(-1)
17 + j*(1)
-1 + j*(-4)
-23 + j*(-11)
1 + j*(2)
-4 + j*(0)
0 + j*(-1)
-18 + j*(-29)
0 + j*(0)
-9 + j*(75)
-4 + j*(-2)
26 + j*(-25)
-1 + j*(-1)
-62 + j*(20)
1 + j*(-1)
25 + j*(-2)
-2 + j*(-1)
5 + j*(-17)
-3 + j*(-1)
-36 + j*(10)
-4 + j*(-1)
6 + j*(-5)
0 + j*(-3)
-4 + j*(1)
-2 + j*(0)
31 + j*(-11)
-3 + j*(-5)
-1 + j*(-9)
-3 + j*(0)
3 + j*(-33)
1 + j*(-2)
10 + j*(18)
-2 + j*(-3)
-31 + j*(-43)
-1 + j*(-2)
-64 + j*(-18)
1 + j*(-1)
1 + j*(-39)
0 + j*(-3)
-39 + j*(29)
1 + j*(0)
16 + j*(-45)
-1 + j*(0)
-54 + j*(10)
0 + j*(-2)
20 + j*(1)
-1 + j*(0)
-18 + j*(19)
0 + j*(-1)
7 + j*(-33)
1 + j*(-2)
-5 + j*(52)
1 + j*(0)
17 + j*(28)
-1 + j*(0)
3 + j*(-5)
0 + j*(-2)
25 + j*(1)
-1 + j*(0)
0 + j*(-3)
-2 + j*(0)
-8 + j*(4)
-1 + j*(-1)
14 + j*(12)
-3 + j*(-2)
4 + j*(17)
-1 + j*(0)
11 + j*(17)
1 + j*(-1)
28 + j*(-11)
1 + j*(-2)
4 + j*(6)
-2 + j*(0)
10 + j*(-46)
-2 + j*(3)
47 + j*(-7)
-1 + j*(-3)
-11 + j*(2)
0 + j*(0)
7 + j*(-1)
0 + j*(-2)
8 + j*(-31)
-3 + j*(-2)
29 + j*(0)
-3 + j*(-4)
29 + j*(14)
1 + j*(1)
-25 + j*(0)
1 + j*(-4)
14 + j*(17)
-1 + j*(0)
4 + j*(-22)
1 + j*(-4)
2 + j*(-15)
-3 + j*(-5)
17 + j*(14)
-1 + j*(0)
1 + j*(23)
-1 + j*(-1)
13 + j*(47)
2 + j*(2)
17 + j*(0)
0 + j*(0)
40 + j*(7)
0 + j*(0)
32 + j*(23)
6 + j*(0)
-28 + j*(7)
-9 + j*(-2)
-30 + j*(-56)
4 + j*(-3)
-14 + j*(6)
-5 + j*(-6)
-2 + j*(20)
-4 + j*(4)
-17 + j*(24)
-2 + j*(-4)
-43 + j*(-13)
8 + j*(-4)
10 + j*(-42)
-6 + j*(-8)
0 + j*(30)
1 + j*(-8)
19 + j*(-14)
5 + j*(-4)
9 + j*(30)
-10 + j*(-3)
-32 + j*(0)
-6 + j*(-3)
-47 + j*(-22)
-4 + j*(-6)
32 + j*(28)
0 + j*(0)
12 + j*(-53)
-1 + j*(-1)
1 + j*(-7)
5 + j*(-2)
6 + j*(-40)
-2 + j*(-3)
-17 + j*(23)
6 + j*(-15)
14 + j*(3)
11 + j*(1)
-1 + j*(-27)
0 + j*(6)
27 + j*(19)
-11 + j*(6)
41 + j*(-19)
4 + j*(-2)
-31 + j*(8)
3 + j*(4)
-27 + j*(-18)
4 + j*(1)
30 + j*(-25)
9 + j*(-4)
-13 + j*(12)
-4 + j*(8)
13 + j*(7)
-3 + j*(0)
8 + j*(42)
2 + j*(8)
-20 + j*(5)
5 + j*(-2)
39 + j*(-36)
0 + j*(5)
17 + j*(-23)
4 + j*(15)
-20 + j*(30)
3 + j*(-7)
3 + j*(-65)
0 + j*(-7)
-1 + j*(-12)
3 + j*(-4)
54 + j*(30)
-5 + j*(4)
-68 + j*(-16)
10 + j*(-6)
41 + j*(-11)
-8 + j*(-10)
22 + j*(34)
-9 + j*(4)
8 + j*(-8)
7 + j*(-13)
-45 + j*(-16)
-10 + j*(1)
19 + j*(-30)
17 + j*(0)
-26 + j*(-23)
7 + j*(-6)
6 + j*(-5)
-7 + j*(9)
-44 + j*(9)
17 + j*(-11)
32 + j*(38)
-14 + j*(9)
19 + j*(-32)
8 + j*(-9)
10 + j*(14)
-2 + j*(-8)
-66 + j*(27)
6 + j*(-16)
-13 + j*(21)
5 + j*(-5)
-19 + j*(17)
-5 + j*(-10)
33 + j*(9)
7 + j*(6)
-29 + j*(-8)
-4 + j*(-3)
-7 + j*(32)
-5 + j*(-8)
-38 + j*(0)
-14 + j*(10)
-7 + j*(-63)
-7 + j*(0)
7 + j*(54)
-35 + j*(10)
8 + j*(27)
-11 + j*(1)
19 + j*(-49)
8 + j*(4)
-10 + j*(25)
-7 + j*(6)
-25 + j*(28)
3 + j*(1)
17 + j*(32)
-10 + j*(-21)
8 + j*(26)
4 + j*(-8)
19 + j*(-60)
2 + j*(36)
-11 + j*(28)
18 + j*(-3)
3 + j*(-20)
6 + j*(7)
7 + j*(-17)
-20 + j*(-12)
-8 + j*(-7)
-1 + j*(-10)
-42 + j*(-64)
-8 + j*(-23)
21 + j*(28)
-15 + j*(4)
14 + j*(-16)
1 + j*(-2)
-39 + j*(14)
6 + j*(0)
-27 + j*(-38)
11 + j*(-6)
-54 + j*(-25)
11 + j*(13)
-22 + j*(-80)
12 + j*(15)
9 + j*(6)
-2 + j*(0)
-58 + j*(26)
2 + j*(7)
17 + j*(39)
1 + j*(-14)
45 + j*(-14)
18 + j*(-37)
-3 + j*(-21)
-35 + j*(0)
-15 + j*(-37)
-5 + j*(1)
28 + j*(50)
-16 + j*(3)
13 + j*(14)
-16 + j*(-20)
2 + j*(-11)
13 + j*(13)
64 + j*(11)
13 + j*(1)
0 + j*(15)
-24 + j*(-13)
44 + j*(6)
30 + j*(-17)
-22 + j*(34)
-23 + j*(-20)
-19 + j*(12)
-37 + j*(-37)
-46 + j*(-20)
-8 + j*(12)
-27 + j*(14)
-3 + j*(-12)
-32 + j*(-30)
29 + j*(-8)
-15 + j*(-12)
19 + j*(-32)
-51 + j*(-61)
-11 + j*(-28)
-20 + j*(-17)
9 + j*(-22)
-16 + j*(33)
-4 + j*(-4)
-20 + j*(-21)
-20 + j*(-9)
40 + j*(-19)
-4 + j*(29)
7 + j*(-25)
-20 + j*(0)
-7 + j*(-18)
-21 + j*(2)
-52 + j*(-20)
-20 + j*(6)
-8 + j*(37)
17 + j*(-40)
25 + j*(-10)
-17 + j*(1)
32 + j*(-21)
-18 + j*(-5)
1 + j*(11)
-18 + j*(13)
-39 + j*(31)
-42 + j*(4)
-32 + j*(-2)
