rxdataF_fftw = [-20576 + j*(-21354)
21336 + j*(-20558)
-21327 + j*(20590)
21338 + j*(-20598)
-20597 + j*(-21376)
20578 + j*(21411)
-20558 + j*(-21352)
20591 + j*(21361)
-20568 + j*(-21385)
-20572 + j*(-21382)
-20560 + j*(-21317)
-20598 + j*(-21351)
21381 + j*(-20563)
-21346 + j*(20588)
-21343 + j*(20564)
-21372 + j*(20568)
-20554 + j*(-21366)
-21358 + j*(20611)
20598 + j*(21348)
-21366 + j*(20591)
20592 + j*(21377)
20575 + j*(21347)
20578 + j*(21392)
-20558 + j*(-21325)
20575 + j*(21366)
-21376 + j*(20539)
20622 + j*(21378)
-21383 + j*(20604)
-21356 + j*(20516)
21341 + j*(-20586)
21387 + j*(-20567)
-21354 + j*(20605)
-20592 + j*(-21368)
-20586 + j*(-21365)
-20545 + j*(-21385)
20567 + j*(21359)
-21379 + j*(20586)
21374 + j*(-20568)
-21328 + j*(20579)
21363 + j*(-20600)
-20551 + j*(-21344)
21356 + j*(-20558)
20597 + j*(21363)
21331 + j*(-20552)
21354 + j*(-20571)
-20596 + j*(-21374)
20566 + j*(21358)
-21369 + j*(20544)
20546 + j*(21350)
20584 + j*(21295)
21374 + j*(-20572)
21383 + j*(-20568)
-20582 + j*(-21359)
-21341 + j*(20559)
20530 + j*(21346)
-21368 + j*(20602)
20601 + j*(21373)
20587 + j*(21353)
21341 + j*(-20586)
-20577 + j*(-21374)
-21359 + j*(20553)
-20605 + j*(-21315)
20576 + j*(21355)
-21375 + j*(20579)
-21354 + j*(20610)
-21377 + j*(20587)
21342 + j*(-20553)
21332 + j*(-20584)
-20581 + j*(-21341)
-20597 + j*(-21383)
-21353 + j*(20596)
20590 + j*(21355)
-20554 + j*(-21352)
-21353 + j*(20561)
-21347 + j*(20580)
-21335 + j*(20581)
21347 + j*(-20582)
20597 + j*(21353)
-20503 + j*(-21341)
21371 + j*(-20576)
20595 + j*(21340)
20586 + j*(21357)
-20584 + j*(-21353)
-21345 + j*(20562)
20570 + j*(21345)
-20543 + j*(-21366)
20597 + j*(21356)
21339 + j*(-20541)
21347 + j*(-20578)
-21348 + j*(20595)
-20606 + j*(-21317)
21353 + j*(-20579)
20586 + j*(21377)
-21348 + j*(20584)
20578 + j*(21370)
-21339 + j*(20578)
21374 + j*(-20576)
-21373 + j*(20593)
-21341 + j*(20569)
21335 + j*(-20623)
20563 + j*(21348)
21365 + j*(-20582)
20534 + j*(21366)
21343 + j*(-20549)
-20605 + j*(-21346)
20586 + j*(21313)
-21339 + j*(20584)
21382 + j*(-20558)
-20553 + j*(-21356)
-20586 + j*(-21340)
-20578 + j*(-21363)
20608 + j*(21352)
-20556 + j*(-21354)
21352 + j*(-20558)
20580 + j*(21346)
-20581 + j*(-21339)
-20586 + j*(-21349)
-21367 + j*(20603)
20606 + j*(21361)
-20571 + j*(-21321)
20595 + j*(21309)
-21368 + j*(20602)
20610 + j*(21317)
-20577 + j*(-21386)
21327 + j*(-20568)
-21328 + j*(20590)
-20576 + j*(-21358)
-21358 + j*(20599)
-20551 + j*(-21353)
20578 + j*(21364)
20550 + j*(21371)
-21336 + j*(20610)
20606 + j*(21382)
21348 + j*(-20567)
-21347 + j*(20579)
-20565 + j*(-21338)
21332 + j*(-20574)
20535 + j*(21337)
21390 + j*(-20586)
-21352 + j*(20574)
21363 + j*(-20574)
-20618 + j*(-21338)
-20615 + j*(-21372)
-21379 + j*(20561)
-20593 + j*(-21357)
-20530 + j*(-21355)
-20557 + j*(-21378)
20553 + j*(21363)
21365 + j*(-20562)
-20571 + j*(-21368)
21312 + j*(-20557)
-20575 + j*(-21357)
-21361 + j*(20563)
20562 + j*(21351)
21360 + j*(-20559)
20585 + j*(21393)
21354 + j*(-20580)
20595 + j*(21349)
-20604 + j*(-21372)
20590 + j*(21315)
-21359 + j*(20609)
20563 + j*(21341)
20593 + j*(21348)
20591 + j*(21349)
-20580 + j*(-21350)
21358 + j*(-20610)
-20551 + j*(-21381)
-20587 + j*(-21395)
40 + j*(13)
-11 + j*(5)
-2 + j*(-32)
21 + j*(-29)
1 + j*(20)
27 + j*(33)
18 + j*(7)
3 + j*(-30)
1 + j*(34)
31 + j*(-2)
-1 + j*(21)
14 + j*(-20)
18 + j*(2)
-36 + j*(25)
-2 + j*(-1)
-2 + j*(-5)
10 + j*(-14)
25 + j*(-4)
9 + j*(21)
-10 + j*(-22)
0 + j*(-9)
14 + j*(-8)
2 + j*(6)
2 + j*(24)
20 + j*(-18)
30 + j*(-31)
-4 + j*(9)
-38 + j*(-19)
-8 + j*(8)
4 + j*(6)
-20 + j*(3)
-6 + j*(0)
11 + j*(-32)
12 + j*(-24)
7 + j*(15)
15 + j*(-28)
9 + j*(11)
-17 + j*(-14)
-2 + j*(-30)
9 + j*(14)
-6 + j*(2)
3 + j*(16)
-19 + j*(-43)
-14 + j*(0)
34 + j*(-32)
-3 + j*(17)
-28 + j*(-14)
37 + j*(23)
4 + j*(-3)
-25 + j*(5)
25 + j*(-15)
17 + j*(-4)
-22 + j*(-25)
10 + j*(5)
-3 + j*(14)
7 + j*(-15)
10 + j*(-10)
-37 + j*(-12)
-6 + j*(1)
27 + j*(-17)
11 + j*(-11)
11 + j*(1)
1 + j*(5)
9 + j*(-14)
43 + j*(-18)
1 + j*(-27)
6 + j*(5)
11 + j*(-9)
13 + j*(18)
0 + j*(-16)
-12 + j*(32)
-38 + j*(-31)
13 + j*(31)
7 + j*(-11)
-1 + j*(-3)
10 + j*(32)
-22 + j*(-27)
14 + j*(-16)
-27 + j*(19)
-14 + j*(5)
23 + j*(-29)
22 + j*(15)
-6 + j*(-11)
-21 + j*(-1)
-5 + j*(9)
2 + j*(5)
16 + j*(29)
8 + j*(-7)
-2 + j*(63)
-7 + j*(14)
0 + j*(18)
28 + j*(13)
-6 + j*(14)
15 + j*(24)
8 + j*(5)
-31 + j*(4)
-14 + j*(3)
-10 + j*(-25)
28 + j*(22)
13 + j*(-18)
-1 + j*(-24)
8 + j*(25)
0 + j*(10)
7 + j*(41)
-10 + j*(6)
39 + j*(0)
20 + j*(-41)
-21 + j*(-11)
6 + j*(-14)
27 + j*(1)
-2 + j*(10)
12 + j*(-3)
-4 + j*(-25)
-8 + j*(-16)
-42 + j*(-26)
12 + j*(-16)
3 + j*(-5)
5 + j*(22)
3 + j*(-37)
-26 + j*(-3)
19 + j*(18)
0 + j*(29)
-17 + j*(8)
-24 + j*(8)
-30 + j*(-14)
33 + j*(-8)
-3 + j*(17)
17 + j*(22)
0 + j*(-2)
-38 + j*(-24)
-3 + j*(-8)
13 + j*(-25)
-21 + j*(-7)
8 + j*(2)
21 + j*(-12)
8 + j*(26)
11 + j*(30)
-25 + j*(13)
-21 + j*(1)
11 + j*(-22)
3 + j*(-12)
-10 + j*(1)
1 + j*(-24)
-14 + j*(-3)
0 + j*(38)
16 + j*(24)
22 + j*(29)
19 + j*(-10)
-11 + j*(10)
-10 + j*(-4)
-38 + j*(-2)
8 + j*(15)
-4 + j*(-8)
-25 + j*(33)
-6 + j*(-37)
-2 + j*(8)
6 + j*(31)
0 + j*(-2)
-21 + j*(-24)
6 + j*(-4)
-6 + j*(50)
-1 + j*(-8)
-37 + j*(23)
20 + j*(22)
-10 + j*(6)
-1 + j*(-18)
20 + j*(33)
-2 + j*(39)
2 + j*(0)
0 + j*(28)
7 + j*(-3)
-1 + j*(10)
4 + j*(-21)
15 + j*(-38)
0 + j*(-14)
6 + j*(-15)
4 + j*(-31)
22 + j*(-22)
12 + j*(-7)
-21 + j*(37)
2 + j*(13)
10 + j*(24)
-5 + j*(-18)
0 + j*(-26)
15 + j*(-11)
9 + j*(-19)
16 + j*(-21)
-3 + j*(18)
-21 + j*(-7)
14 + j*(7)
-31 + j*(12)
20 + j*(-5)
-28 + j*(28)
0 + j*(19)
15 + j*(15)
16 + j*(-45)
40 + j*(0)
-13 + j*(26)
24 + j*(16)
34 + j*(-8)
15 + j*(24)
19 + j*(24)
26 + j*(27)
16 + j*(15)
1 + j*(8)
0 + j*(53)
-2 + j*(3)
16 + j*(-33)
-12 + j*(2)
6 + j*(-18)
10 + j*(-18)
9 + j*(-13)
-21 + j*(-19)
20 + j*(-1)
14 + j*(-11)
-12 + j*(-19)
-32 + j*(7)
-4 + j*(37)
-22 + j*(25)
37 + j*(23)
-20 + j*(0)
2 + j*(9)
7 + j*(-11)
0 + j*(19)
-13 + j*(16)
14 + j*(3)
-10 + j*(3)
18 + j*(10)
21 + j*(21)
-10 + j*(-31)
-34 + j*(4)
22 + j*(-22)
27 + j*(14)
-10 + j*(-9)
0 + j*(-9)
-6 + j*(-2)
-34 + j*(15)
-9 + j*(18)
-8 + j*(-23)
-4 + j*(-15)
6 + j*(18)
-2 + j*(29)
32 + j*(-7)
9 + j*(-1)
21 + j*(5)
0 + j*(-5)
1 + j*(-16)
19 + j*(34)
-35 + j*(-20)
38 + j*(-12)
-10 + j*(2)
36 + j*(39)
11 + j*(-12)
39 + j*(4)
9 + j*(-4)
-15 + j*(2)
-15 + j*(1)
26 + j*(-3)
2 + j*(-18)
-5 + j*(7)
-3 + j*(3)
24 + j*(-11)
3 + j*(-9)
-38 + j*(-15)
-10 + j*(-15)
-49 + j*(-15)
-19 + j*(-3)
9 + j*(2)
3 + j*(14)
6 + j*(-8)
-4 + j*(2)
8 + j*(17)
3 + j*(-1)
3 + j*(-3)
-7 + j*(-1)
7 + j*(0)
12 + j*(-33)
28 + j*(-19)
19 + j*(-30)
10 + j*(-6)
-7 + j*(9)
-19 + j*(11)
5 + j*(-17)
-24 + j*(-3)
9 + j*(18)
-2 + j*(-17)
1 + j*(-7)
31 + j*(4)
-12 + j*(14)
-7 + j*(-21)
8 + j*(-5)
-15 + j*(-32)
60 + j*(-1)
-25 + j*(10)
-4 + j*(-24)
26 + j*(21)
0 + j*(3)
34 + j*(14)
7 + j*(-15)
5 + j*(-5)
-7 + j*(48)
-5 + j*(18)
-14 + j*(9)
19 + j*(9)
-19 + j*(0)
4 + j*(9)
55 + j*(-25)
3 + j*(1)
23 + j*(13)
-2 + j*(37)
8 + j*(36)
-19 + j*(20)
-20 + j*(-2)
1 + j*(-17)
-15 + j*(-5)
-14 + j*(-14)
0 + j*(-7)
-5 + j*(33)
-8 + j*(6)
16 + j*(22)
8 + j*(-12)
11 + j*(15)
1 + j*(-15)
-5 + j*(0)
16 + j*(11)
13 + j*(0)
2 + j*(-9)
28 + j*(3)
4 + j*(-17)
16 + j*(17)
11 + j*(0)
1 + j*(-1)
18 + j*(7)
-9 + j*(16)
-12 + j*(-20)
-10 + j*(-25)
21 + j*(-14)
-12 + j*(3)
7 + j*(11)
-1 + j*(29)
18 + j*(13)
28 + j*(-18)
24 + j*(-22)
-21 + j*(-5)
6 + j*(40)
14 + j*(50)
13 + j*(0)
-6 + j*(-12)
4 + j*(-8)
-9 + j*(10)
-6 + j*(8)
16 + j*(35)
-6 + j*(3)
2 + j*(22)
-8 + j*(-42)
-33 + j*(-2)
7 + j*(-22)
-4 + j*(23)
-1 + j*(-46)
-21 + j*(3)
3 + j*(-18)
-43 + j*(-14)
2 + j*(-18)
8 + j*(0)
-11 + j*(-6)
17 + j*(18)
-12 + j*(-12)
8 + j*(-3)
-39 + j*(-33)
40 + j*(14)
-3 + j*(-13)
46 + j*(11)
2 + j*(-25)
-18 + j*(2)
32 + j*(-5)
-40 + j*(-5)
-16 + j*(-15)
26 + j*(1)
-35 + j*(-34)
9 + j*(-25)
-8 + j*(19)
4 + j*(9)
-12 + j*(-27)
4 + j*(-20)
16 + j*(-24)
-24 + j*(-23)
-8 + j*(2)
3 + j*(-27)
-2 + j*(-17)
-19 + j*(10)
18 + j*(1)
-47 + j*(17)
33 + j*(-7)
-13 + j*(10)
-14 + j*(4)
