rxdataF_fftw = [-27 + j*(11)
16 + j*(33)
15 + j*(-18)
23 + j*(-9)
20 + j*(16)
-10 + j*(14)
3 + j*(26)
38 + j*(-23)
26 + j*(-2)
26 + j*(11)
-4 + j*(-2)
3 + j*(13)
3 + j*(-51)
9 + j*(-7)
28 + j*(2)
-12 + j*(10)
-4 + j*(5)
29 + j*(6)
-2 + j*(-1)
12 + j*(-19)
15 + j*(-7)
16 + j*(0)
7 + j*(32)
34 + j*(-27)
5251 + j*(822)
842 + j*(-5250)
-5252 + j*(-879)
827 + j*(-5268)
5246 + j*(832)
-5254 + j*(-827)
848 + j*(-5267)
-5266 + j*(-821)
5249 + j*(807)
845 + j*(-5232)
5240 + j*(798)
814 + j*(-5277)
860 + j*(-5255)
-823 + j*(5286)
833 + j*(-5270)
5235 + j*(845)
865 + j*(-5238)
5287 + j*(811)
-832 + j*(5260)
-5255 + j*(-812)
-5230 + j*(-839)
-5257 + j*(-818)
-5247 + j*(-835)
808 + j*(-5246)
-838 + j*(5291)
5236 + j*(806)
-842 + j*(5226)
-5247 + j*(-820)
-5254 + j*(-825)
-5312 + j*(-836)
5239 + j*(830)
-5262 + j*(-797)
816 + j*(-5267)
-851 + j*(5270)
-839 + j*(5266)
-850 + j*(5257)
819 + j*(-5236)
5259 + j*(841)
-5240 + j*(-831)
-833 + j*(5267)
831 + j*(-5254)
5292 + j*(832)
-822 + j*(5291)
-5257 + j*(-822)
-821 + j*(5278)
-837 + j*(5244)
5252 + j*(878)
-5262 + j*(-857)
-807 + j*(5263)
844 + j*(-5250)
-5244 + j*(-859)
-5249 + j*(-840)
-5275 + j*(-842)
5245 + j*(839)
-5274 + j*(-809)
-812 + j*(5272)
845 + j*(-5290)
-5301 + j*(-869)
-850 + j*(5266)
5241 + j*(830)
837 + j*(-5273)
-809 + j*(5266)
-5277 + j*(-831)
-826 + j*(5274)
5300 + j*(813)
5275 + j*(861)
-783 + j*(5258)
5262 + j*(821)
-5223 + j*(-835)
-839 + j*(5237)
-801 + j*(5254)
5273 + j*(879)
10 + j*(-33)
-2 + j*(3)
38 + j*(-18)
9 + j*(-10)
33 + j*(13)
1 + j*(33)
-44 + j*(-5)
9 + j*(-14)
-14 + j*(-44)
12 + j*(-31)
5 + j*(16)
5 + j*(21)
-1 + j*(-2)
8 + j*(-14)
-34 + j*(7)
15 + j*(5)
12 + j*(11)
-7 + j*(4)
12 + j*(11)
2 + j*(66)
-15 + j*(17)
-37 + j*(-7)
4 + j*(15)
0 + j*(-26)
34 + j*(35)
0 + j*(-12)
-20 + j*(24)
-13 + j*(1)
2 + j*(14)
15 + j*(-8)
-16 + j*(11)
23 + j*(-23)
-14 + j*(20)
21 + j*(14)
15 + j*(-5)
12 + j*(2)
-16 + j*(34)
1 + j*(15)
-15 + j*(-39)
15 + j*(0)
13 + j*(-10)
18 + j*(-17)
2 + j*(-27)
10 + j*(-51)
47 + j*(-24)
21 + j*(-22)
11 + j*(6)
-11 + j*(19)
14 + j*(10)
-28 + j*(-26)
2 + j*(-32)
6 + j*(15)
44 + j*(-5)
-14 + j*(19)
30 + j*(0)
-30 + j*(-5)
9 + j*(18)
-12 + j*(-24)
-9 + j*(3)
33 + j*(1)
12 + j*(-13)
1 + j*(11)
1 + j*(-21)
42 + j*(-38)
28 + j*(10)
-29 + j*(2)
7 + j*(-14)
23 + j*(-24)
9 + j*(32)
-18 + j*(-25)
33 + j*(41)
-9 + j*(-14)
12 + j*(-22)
-10 + j*(3)
8 + j*(24)
5 + j*(-6)
5 + j*(-39)
0 + j*(18)
-17 + j*(9)
30 + j*(19)
-10 + j*(-15)
17 + j*(-13)
24 + j*(-12)
8 + j*(-3)
35 + j*(-10)
-8 + j*(10)
20 + j*(-21)
-6 + j*(-18)
4 + j*(8)
-20 + j*(-2)
-1 + j*(4)
26 + j*(-6)
0 + j*(40)
32 + j*(-8)
-7 + j*(3)
-49 + j*(-2)
-3 + j*(-2)
15 + j*(16)
10 + j*(10)
11 + j*(-8)
4 + j*(-1)
5 + j*(-3)
-8 + j*(25)
0 + j*(-16)
-2 + j*(-6)
-19 + j*(9)
15 + j*(-10)
43 + j*(-7)
20 + j*(-8)
0 + j*(0)
-13 + j*(26)
2 + j*(-15)
-12 + j*(-11)
5 + j*(-14)
8 + j*(-2)
-3 + j*(10)
-2 + j*(-19)
-23 + j*(3)
0 + j*(-4)
-23 + j*(-5)
10 + j*(-4)
-3 + j*(-1)
39 + j*(-56)
0 + j*(-3)
-16 + j*(10)
13 + j*(-19)
-25 + j*(-16)
29 + j*(-1)
24 + j*(17)
11 + j*(-12)
-18 + j*(-27)
12 + j*(17)
10 + j*(-17)
22 + j*(11)
-11 + j*(-7)
36 + j*(-15)
-5 + j*(-9)
25 + j*(22)
7 + j*(2)
23 + j*(-9)
-22 + j*(12)
25 + j*(5)
-2 + j*(0)
-19 + j*(16)
14 + j*(10)
5 + j*(-9)
6 + j*(-10)
2 + j*(-18)
11 + j*(-45)
4 + j*(18)
-39 + j*(42)
21 + j*(-10)
-2 + j*(10)
27 + j*(0)
16 + j*(17)
-2 + j*(-12)
22 + j*(-31)
14 + j*(-1)
-7 + j*(-2)
-14 + j*(3)
19 + j*(-4)
8 + j*(-1)
13 + j*(49)
22 + j*(38)
13 + j*(7)
0 + j*(4)
6 + j*(20)
-17 + j*(-33)
12 + j*(6)
-28 + j*(-5)
19 + j*(13)
17 + j*(13)
-21 + j*(4)
-4 + j*(3)
10 + j*(0)
21 + j*(21)
2 + j*(-17)
-17 + j*(-16)
6 + j*(-7)
21 + j*(6)
1 + j*(14)
17 + j*(-12)
5 + j*(-10)
-36 + j*(-2)
11 + j*(11)
9 + j*(8)
23 + j*(-4)
4 + j*(32)
19 + j*(13)
12 + j*(28)
20 + j*(-19)
-17 + j*(-18)
26 + j*(-16)
13 + j*(-5)
28 + j*(6)
-7 + j*(-13)
-16 + j*(-4)
-9 + j*(26)
-21 + j*(-28)
13 + j*(0)
-17 + j*(-26)
10 + j*(26)
42 + j*(0)
-3 + j*(-35)
25 + j*(26)
-8 + j*(36)
-3 + j*(-32)
-8 + j*(18)
-12 + j*(20)
-19 + j*(-11)
17 + j*(-4)
40 + j*(-26)
18 + j*(21)
-20 + j*(-20)
19 + j*(26)
-9 + j*(33)
9 + j*(24)
-6 + j*(29)
23 + j*(-10)
-1 + j*(12)
24 + j*(9)
28 + j*(-13)
15 + j*(21)
-17 + j*(-7)
-10 + j*(-40)
-4 + j*(7)
45 + j*(7)
21 + j*(-10)
31 + j*(-36)
-6 + j*(-18)
0 + j*(5)
26 + j*(7)
-2 + j*(36)
-1 + j*(24)
32 + j*(3)
0 + j*(17)
6 + j*(-20)
6 + j*(6)
17 + j*(0)
11 + j*(-2)
12 + j*(33)
33 + j*(-1)
20 + j*(-6)
-21 + j*(19)
-12 + j*(22)
24 + j*(-19)
2 + j*(14)
15 + j*(-6)
4 + j*(-18)
-28 + j*(14)
27 + j*(7)
-41 + j*(1)
9 + j*(-2)
7 + j*(3)
50 + j*(-17)
-2 + j*(19)
1 + j*(0)
16 + j*(-16)
0 + j*(-18)
0 + j*(-4)
-14 + j*(-13)
-4 + j*(-32)
-4 + j*(-19)
31 + j*(0)
50 + j*(-2)
-16 + j*(-3)
0 + j*(10)
4 + j*(-1)
27 + j*(-63)
-7 + j*(19)
-12 + j*(46)
4 + j*(46)
3 + j*(-25)
-9 + j*(-8)
7 + j*(-4)
5 + j*(-26)
-3 + j*(-8)
-27 + j*(12)
6 + j*(5)
-34 + j*(20)
-9 + j*(-15)
-12 + j*(-10)
-10 + j*(13)
5 + j*(-24)
18 + j*(6)
-13 + j*(0)
1 + j*(30)
14 + j*(21)
-15 + j*(-6)
20 + j*(1)
31 + j*(4)
-16 + j*(-6)
-4 + j*(12)
-11 + j*(-2)
29 + j*(-5)
0 + j*(41)
27 + j*(-13)
23 + j*(-20)
-15 + j*(-10)
-5 + j*(30)
12 + j*(-10)
27 + j*(6)
0 + j*(20)
-1 + j*(3)
-7 + j*(35)
21 + j*(4)
-10 + j*(-19)
23 + j*(3)
-7 + j*(-23)
6 + j*(41)
-8 + j*(-3)
-25 + j*(10)
2 + j*(-44)
-10 + j*(-10)
41 + j*(-20)
16 + j*(26)
8 + j*(17)
-23 + j*(4)
0 + j*(-1)
5 + j*(-16)
41 + j*(-31)
19 + j*(73)
18 + j*(33)
-6 + j*(-24)
10 + j*(-1)
-8 + j*(-9)
-4 + j*(15)
9 + j*(3)
-50 + j*(-6)
32 + j*(15)
7 + j*(6)
30 + j*(9)
16 + j*(15)
24 + j*(12)
8 + j*(8)
-7 + j*(39)
23 + j*(-3)
-1 + j*(6)
-1 + j*(-5)
1 + j*(-9)
-5 + j*(24)
-1 + j*(-16)
10 + j*(31)
-1 + j*(-6)
18 + j*(-29)
25 + j*(3)
-5 + j*(-20)
34 + j*(23)
19 + j*(10)
-19 + j*(-13)
28 + j*(-46)
0 + j*(4)
22 + j*(-11)
41 + j*(-30)
15 + j*(49)
20 + j*(0)
9 + j*(2)
6 + j*(7)
-5 + j*(14)
8 + j*(16)
5 + j*(4)
-27 + j*(49)
18 + j*(-6)
5 + j*(12)
34 + j*(0)
-9 + j*(-1)
1 + j*(40)
0 + j*(-29)
-1 + j*(-19)
19 + j*(7)
-18 + j*(25)
-22 + j*(17)
-12 + j*(-22)
20 + j*(-53)
-22 + j*(2)
53 + j*(22)
-18 + j*(-38)
-1 + j*(-18)
-16 + j*(-10)
-12 + j*(3)
26 + j*(-7)
16 + j*(15)
-19 + j*(7)
32 + j*(35)
29 + j*(48)
15 + j*(8)
0 + j*(14)
-5 + j*(0)
24 + j*(2)
27 + j*(6)
4 + j*(-26)
9 + j*(-25)
26 + j*(-15)
28 + j*(-2)
10 + j*(13)
-7 + j*(28)
-10 + j*(14)
-8 + j*(-14)
-5 + j*(-17)
-8 + j*(2)
-17 + j*(22)
13 + j*(-28)
-3 + j*(17)
18 + j*(-1)
8 + j*(1)
27 + j*(0)
1 + j*(0)
15 + j*(6)
-28 + j*(7)
8 + j*(-9)
22 + j*(11)
15 + j*(-28)
6 + j*(-24)
11 + j*(18)
7 + j*(3)
33 + j*(11)
1 + j*(-8)
-20 + j*(-27)
-4 + j*(12)
-12 + j*(-6)
10 + j*(42)
31 + j*(14)
-28 + j*(-10)
-22 + j*(7)
-28 + j*(14)
15 + j*(-28)
24 + j*(55)
-5 + j*(-21)
17 + j*(-24)
-1 + j*(5)
-21 + j*(-20)
-10 + j*(-5)
20 + j*(20)
-29 + j*(17)
-2 + j*(-20)
-4 + j*(15)
-13 + j*(0)
8 + j*(16)
55 + j*(4)
-22 + j*(-37)
-44 + j*(15)
17 + j*(-18)
11 + j*(-9)
28 + j*(-5)
12 + j*(-3)
-9 + j*(-15)
37 + j*(34)
35 + j*(16)
6 + j*(26)
0 + j*(-25)
-38 + j*(12)
22 + j*(-10)
6 + j*(28)
33 + j*(14)
27 + j*(-9)
-13 + j*(-11)
5 + j*(0)
-48 + j*(-4)
23 + j*(21)
33 + j*(-11)
6 + j*(19)
-18 + j*(-1)
19 + j*(-60)
2 + j*(-1)
21 + j*(27)
13 + j*(43)
21 + j*(14)
11 + j*(24)
26 + j*(-20)
-16 + j*(-20)
-6 + j*(16)
26 + j*(1)
37 + j*(40)
10 + j*(-12)
-17 + j*(8)
-33 + j*(-16)
12 + j*(20)
38 + j*(38)
7 + j*(12)
-15 + j*(39)
12 + j*(25)
-11 + j*(-19)
9 + j*(-21)
-14 + j*(-8)
4 + j*(-24)
26 + j*(28)
48 + j*(-31)
-13 + j*(7)
-13 + j*(50)
-40 + j*(-1)
-25 + j*(9)
-14 + j*(-21)
-15 + j*(-18)
27 + j*(50)
-2 + j*(9)
-11 + j*(-23)
19 + j*(0)
-23 + j*(-31)
-20 + j*(2)
7 + j*(-16)
53 + j*(-12)
-10 + j*(-30)
25 + j*(64)
-26 + j*(-15)
-11 + j*(20)
-57 + j*(-12)
-18 + j*(-56)
31 + j*(-1)
48 + j*(31)
-16 + j*(0)
19 + j*(-14)
12 + j*(-21)
-1 + j*(-16)
52 + j*(7)
-13 + j*(-24)
4 + j*(13)
11 + j*(23)
-13 + j*(87)
23 + j*(-60)
-1 + j*(4)
11 + j*(-59)
-16 + j*(28)
-16 + j*(-6)
35 + j*(0)
13 + j*(-1)
9 + j*(-35)
35 + j*(-7)
11 + j*(-28)
-10 + j*(-8)
2 + j*(-1)
-7 + j*(31)
-23 + j*(-24)
-30 + j*(-2)
9 + j*(35)
24 + j*(12)
34 + j*(-40)
36 + j*(-23)
19 + j*(-18)
