rxdataF_fftw = [27815 + j*(15833)
0 + j*(-4)
27768 + j*(15863)
2 + j*(0)
-15900 + j*(27761)
4 + j*(0)
-27774 + j*(-15890)
4 + j*(7)
27770 + j*(15861)
3 + j*(-1)
27726 + j*(15880)
10 + j*(-7)
-15886 + j*(27770)
-1 + j*(7)
27766 + j*(15876)
-2 + j*(-1)
-27794 + j*(-15837)
4 + j*(-2)
-15820 + j*(27797)
-6 + j*(1)
-15865 + j*(27719)
6 + j*(9)
-27800 + j*(-15876)
8 + j*(8)
27756 + j*(15796)
-2 + j*(5)
-27799 + j*(-15903)
0 + j*(6)
-15869 + j*(27721)
4 + j*(1)
15859 + j*(-27756)
0 + j*(12)
-15865 + j*(27778)
0 + j*(5)
-15830 + j*(27734)
-1 + j*(2)
-15902 + j*(27743)
5 + j*(-3)
-27804 + j*(-15892)
3 + j*(1)
-15864 + j*(27809)
-1 + j*(2)
-15910 + j*(27762)
4 + j*(2)
-15929 + j*(27757)
1 + j*(3)
-15864 + j*(27786)
2 + j*(8)
27710 + j*(15873)
-4 + j*(5)
-15842 + j*(27746)
0 + j*(-5)
15872 + j*(-27776)
-1 + j*(-1)
27802 + j*(15861)
13 + j*(-1)
-27758 + j*(-15826)
-4 + j*(8)
15903 + j*(-27770)
-1 + j*(1)
-15915 + j*(27767)
5 + j*(-1)
-27787 + j*(-15869)
1 + j*(5)
15948 + j*(-27750)
3 + j*(13)
-27761 + j*(-15915)
3 + j*(1)
-15877 + j*(27779)
4 + j*(-1)
15872 + j*(-27686)
8 + j*(11)
-15847 + j*(27812)
-3 + j*(-5)
-27804 + j*(-15859)
-3 + j*(4)
15905 + j*(-27803)
3 + j*(-4)
-27730 + j*(-15917)
4 + j*(2)
-15836 + j*(27759)
3 + j*(13)
15839 + j*(-27809)
-4 + j*(8)
-15910 + j*(27802)
3 + j*(7)
27742 + j*(15852)
-3 + j*(-1)
27798 + j*(15916)
-8 + j*(1)
15925 + j*(-27797)
1 + j*(10)
27754 + j*(15851)
1 + j*(-5)
-27769 + j*(-15910)
9 + j*(0)
-27773 + j*(-15870)
1 + j*(5)
-27725 + j*(-15923)
6 + j*(7)
15858 + j*(-27788)
-2 + j*(1)
-27752 + j*(-15853)
1 + j*(4)
-15894 + j*(27801)
2 + j*(3)
27780 + j*(15903)
-1 + j*(6)
15883 + j*(-27766)
0 + j*(6)
-15896 + j*(27762)
4 + j*(0)
-27803 + j*(-15932)
7 + j*(0)
15942 + j*(-27792)
1 + j*(4)
-15888 + j*(27785)
1 + j*(6)
27743 + j*(15888)
0 + j*(3)
-27786 + j*(-15906)
-1 + j*(8)
27767 + j*(15920)
-1 + j*(5)
-15901 + j*(27762)
0 + j*(-3)
-15868 + j*(27782)
4 + j*(5)
-27731 + j*(-15887)
0 + j*(11)
15878 + j*(-27777)
-2 + j*(-4)
27775 + j*(15877)
-2 + j*(4)
-27765 + j*(-15889)
7 + j*(1)
-15945 + j*(27738)
-6 + j*(-1)
27746 + j*(15874)
-2 + j*(10)
15893 + j*(-27779)
4 + j*(2)
27755 + j*(15928)
4 + j*(-6)
-15895 + j*(27774)
4 + j*(-10)
15911 + j*(-27797)
5 + j*(9)
-15933 + j*(27760)
-1 + j*(5)
-15868 + j*(27757)
4 + j*(1)
15880 + j*(-27768)
10 + j*(13)
-15838 + j*(27772)
1 + j*(11)
27791 + j*(15885)
-2 + j*(4)
-27769 + j*(-15870)
-5 + j*(7)
15908 + j*(-27793)
4 + j*(-1)
-15864 + j*(27774)
0 + j*(-14)
-27745 + j*(-15917)
7 + j*(0)
27796 + j*(15873)
-2 + j*(7)
63 + j*(9)
-2 + j*(1)
26 + j*(-19)
3 + j*(-5)
12 + j*(-14)
4 + j*(2)
-7 + j*(8)
1 + j*(0)
-11 + j*(11)
0 + j*(1)
26 + j*(-16)
-1 + j*(1)
38 + j*(-15)
1 + j*(2)
35 + j*(3)
-1 + j*(0)
13 + j*(-1)
4 + j*(2)
-22 + j*(51)
-3 + j*(8)
5 + j*(-14)
4 + j*(-3)
-21 + j*(15)
2 + j*(4)
23 + j*(62)
-2 + j*(0)
2 + j*(-7)
4 + j*(0)
15 + j*(0)
8 + j*(-8)
-1 + j*(-3)
6 + j*(0)
-13 + j*(-4)
2 + j*(-4)
-6 + j*(-2)
-7 + j*(2)
-24 + j*(-7)
-2 + j*(7)
0 + j*(0)
-1 + j*(-5)
25 + j*(-5)
-3 + j*(-7)
-7 + j*(15)
-2 + j*(5)
4 + j*(1)
6 + j*(2)
-26 + j*(-7)
1 + j*(0)
30 + j*(-31)
1 + j*(6)
19 + j*(30)
0 + j*(3)
-9 + j*(25)
1 + j*(9)
40 + j*(15)
7 + j*(5)
20 + j*(30)
-5 + j*(-2)
-38 + j*(85)
-3 + j*(1)
9 + j*(40)
11 + j*(1)
-9 + j*(-27)
3 + j*(-8)
19 + j*(5)
4 + j*(2)
11 + j*(-11)
9 + j*(-2)
-1 + j*(-5)
14 + j*(3)
-30 + j*(19)
0 + j*(-5)
32 + j*(0)
-6 + j*(6)
0 + j*(-2)
0 + j*(2)
-24 + j*(17)
0 + j*(2)
-23 + j*(-8)
1 + j*(6)
20 + j*(-1)
0 + j*(4)
-27 + j*(17)
2 + j*(-3)
-64 + j*(-36)
1 + j*(5)
7 + j*(26)
-8 + j*(0)
-31 + j*(56)
-3 + j*(1)
-53 + j*(-37)
2 + j*(0)
-31 + j*(-2)
11 + j*(0)
31 + j*(0)
-6 + j*(5)
18 + j*(1)
2 + j*(4)
-34 + j*(22)
1 + j*(-3)
-12 + j*(51)
5 + j*(0)
-54 + j*(9)
-6 + j*(-1)
21 + j*(0)
4 + j*(1)
-19 + j*(-2)
-5 + j*(4)
37 + j*(-51)
0 + j*(-6)
-7 + j*(1)
-2 + j*(0)
25 + j*(0)
-2 + j*(5)
9 + j*(6)
1 + j*(4)
-14 + j*(-10)
7 + j*(-5)
-5 + j*(19)
7 + j*(0)
-17 + j*(-36)
9 + j*(0)
-34 + j*(14)
0 + j*(4)
10 + j*(-44)
1 + j*(-2)
21 + j*(13)
6 + j*(2)
2 + j*(-14)
3 + j*(1)
-20 + j*(-9)
2 + j*(7)
-16 + j*(-23)
3 + j*(-2)
-6 + j*(12)
0 + j*(0)
-4 + j*(-28)
11 + j*(1)
-12 + j*(39)
5 + j*(5)
19 + j*(28)
-2 + j*(1)
-11 + j*(-62)
1 + j*(0)
-5 + j*(-41)
4 + j*(0)
10 + j*(-26)
0 + j*(4)
-44 + j*(-32)
3 + j*(5)
-21 + j*(-21)
6 + j*(-2)
-17 + j*(26)
0 + j*(-2)
0 + j*(-11)
0 + j*(0)
14 + j*(15)
3 + j*(1)
15 + j*(21)
3 + j*(0)
-9 + j*(-8)
1 + j*(0)
-33 + j*(5)
0 + j*(0)
-3 + j*(1)
5 + j*(0)
-1 + j*(-19)
-3 + j*(1)
-7 + j*(0)
5 + j*(0)
-38 + j*(5)
1 + j*(2)
12 + j*(6)
1 + j*(3)
30 + j*(12)
0 + j*(3)
8 + j*(-11)
1 + j*(1)
17 + j*(37)
1 + j*(-1)
0 + j*(-47)
4 + j*(2)
-3 + j*(10)
0 + j*(0)
20 + j*(62)
0 + j*(2)
-22 + j*(-2)
0 + j*(0)
18 + j*(-8)
2 + j*(1)
15 + j*(-15)
2 + j*(3)
-8 + j*(-26)
2 + j*(1)
-9 + j*(-34)
1 + j*(2)
-15 + j*(16)
1 + j*(3)
-30 + j*(-9)
3 + j*(-1)
-4 + j*(15)
2 + j*(2)
18 + j*(-16)
3 + j*(0)
52 + j*(-19)
2 + j*(0)
20 + j*(17)
1 + j*(3)
42 + j*(40)
1 + j*(0)
-28 + j*(18)
2 + j*(2)
-3 + j*(-7)
4 + j*(1)
0 + j*(-39)
-2 + j*(2)
-5 + j*(84)
5 + j*(1)
2 + j*(-30)
0 + j*(2)
-24 + j*(5)
1 + j*(1)
-12 + j*(-1)
3 + j*(3)
-37 + j*(-30)
2 + j*(-1)
21 + j*(-12)
1 + j*(0)
-16 + j*(-11)
1 + j*(-1)
26 + j*(7)
1 + j*(4)
10 + j*(0)
0 + j*(2)
40 + j*(-9)
1 + j*(0)
4 + j*(8)
4 + j*(1)
-43 + j*(-19)
0 + j*(7)
-13 + j*(18)
2 + j*(0)
-33 + j*(-65)
4 + j*(3)
-13 + j*(21)
1 + j*(1)
14 + j*(6)
8 + j*(1)
-30 + j*(-23)
1 + j*(-2)
11 + j*(6)
3 + j*(4)
21 + j*(-23)
3 + j*(3)
0 + j*(48)
5 + j*(0)
-14 + j*(23)
-2 + j*(0)
-16 + j*(8)
-1 + j*(1)
-43 + j*(-42)
12 + j*(0)
35 + j*(21)
1 + j*(4)
-27 + j*(36)
6 + j*(1)
-27 + j*(-6)
2 + j*(-6)
4 + j*(-13)
5 + j*(7)
28 + j*(24)
4 + j*(0)
5 + j*(-2)
3 + j*(2)
15 + j*(-13)
5 + j*(6)
-27 + j*(69)
-8 + j*(-3)
28 + j*(45)
1 + j*(7)
-68 + j*(-33)
8 + j*(-1)
21 + j*(-5)
0 + j*(7)
-27 + j*(16)
0 + j*(1)
-42 + j*(48)
13 + j*(5)
-1 + j*(-7)
6 + j*(7)
41 + j*(-3)
12 + j*(-2)
-21 + j*(-15)
4 + j*(-1)
6 + j*(46)
-5 + j*(1)
16 + j*(14)
3 + j*(0)
-6 + j*(25)
-1 + j*(10)
30 + j*(24)
-1 + j*(0)
-56 + j*(16)
-3 + j*(0)
-15 + j*(1)
-4 + j*(-7)
8 + j*(-51)
-1 + j*(4)
24 + j*(13)
1 + j*(8)
-37 + j*(42)
7 + j*(-4)
4 + j*(-12)
3 + j*(0)
-58 + j*(-42)
6 + j*(-7)
-6 + j*(26)
-6 + j*(2)
13 + j*(-31)
13 + j*(6)
3 + j*(-18)
3 + j*(4)
-33 + j*(-24)
-8 + j*(-4)
31 + j*(-10)
8 + j*(22)
-3 + j*(9)
1 + j*(-13)
29 + j*(-39)
-1 + j*(-9)
-10 + j*(29)
1 + j*(3)
54 + j*(11)
-2 + j*(-1)
62 + j*(16)
-4 + j*(-4)
-20 + j*(18)
3 + j*(5)
17 + j*(21)
-9 + j*(8)
28 + j*(8)
4 + j*(9)
32 + j*(-7)
10 + j*(-8)
-1 + j*(0)
-2 + j*(-4)
46 + j*(2)
-7 + j*(-4)
-28 + j*(-55)
7 + j*(-5)
-52 + j*(25)
-8 + j*(-2)
6 + j*(-8)
2 + j*(19)
-22 + j*(26)
3 + j*(2)
29 + j*(-15)
-12 + j*(10)
0 + j*(10)
-7 + j*(-5)
2 + j*(-59)
6 + j*(6)
22 + j*(66)
-26 + j*(3)
-12 + j*(-12)
19 + j*(-5)
36 + j*(-36)
23 + j*(4)
-58 + j*(27)
0 + j*(-18)
13 + j*(5)
-28 + j*(6)
35 + j*(-10)
-1 + j*(5)
12 + j*(5)
-4 + j*(0)
-7 + j*(-8)
-1 + j*(-9)
-10 + j*(8)
-2 + j*(-25)
40 + j*(-20)
-8 + j*(-2)
-16 + j*(-16)
8 + j*(-3)
-38 + j*(-40)
-19 + j*(10)
0 + j*(-6)
-14 + j*(19)
29 + j*(23)
-16 + j*(0)
41 + j*(4)
-13 + j*(9)
12 + j*(-59)
-3 + j*(-6)
10 + j*(-12)
24 + j*(-5)
-5 + j*(10)
21 + j*(10)
30 + j*(56)
1 + j*(-3)
18 + j*(-13)
-7 + j*(-3)
10 + j*(10)
0 + j*(17)
28 + j*(32)
-2 + j*(-2)
36 + j*(-41)
10 + j*(13)
16 + j*(-23)
-5 + j*(0)
36 + j*(-40)
19 + j*(12)
-12 + j*(-26)
23 + j*(41)
-33 + j*(-34)
4 + j*(9)
-4 + j*(-19)
26 + j*(3)
46 + j*(-28)
22 + j*(-5)
0 + j*(29)
28 + j*(-27)
-23 + j*(17)
-14 + j*(20)
31 + j*(5)
5 + j*(-12)
-34 + j*(-33)
22 + j*(6)
3 + j*(-25)
-10 + j*(2)
-31 + j*(-1)
24 + j*(2)
37 + j*(-6)
15 + j*(-3)
8 + j*(26)
9 + j*(17)
26 + j*(18)
20 + j*(1)
32 + j*(-40)
3 + j*(35)
-47 + j*(12)
4 + j*(-17)
-18 + j*(-20)
-21 + j*(-41)
16 + j*(-40)
14 + j*(-12)
15 + j*(-60)
0 + j*(-17)
-29 + j*(51)
25 + j*(30)
57 + j*(-33)
17 + j*(16)
-27 + j*(33)
30 + j*(-28)
-33 + j*(-82)
-27 + j*(1)
12 + j*(10)
0 + j*(-22)
-5 + j*(-6)
4 + j*(-25)
19 + j*(2)
-2 + j*(-2)
47 + j*(8)
-8 + j*(-13)
-25 + j*(0)
1 + j*(-29)
-15 + j*(-15)
-9 + j*(-14)
-17 + j*(-17)
-18 + j*(12)
29 + j*(-26)
