rxdataF_fftw = [-14171 + j*(-3324)
14111 + j*(3314)
3327 + j*(-14150)
-14143 + j*(-3344)
-3335 + j*(14153)
3324 + j*(-14128)
-14149 + j*(-3309)
-3328 + j*(14152)
-3328 + j*(14139)
-14142 + j*(-3356)
3331 + j*(-14150)
3332 + j*(-14167)
14180 + j*(3359)
-3369 + j*(14139)
-14174 + j*(-3327)
3377 + j*(-14128)
-3358 + j*(14152)
-3341 + j*(14135)
-3376 + j*(14159)
14142 + j*(3354)
3331 + j*(-14163)
-3337 + j*(14163)
-14175 + j*(-3307)
14138 + j*(3345)
-14189 + j*(-3296)
3338 + j*(-14129)
14118 + j*(3342)
3327 + j*(-14170)
-3334 + j*(14166)
-14104 + j*(-3371)
-14130 + j*(-3324)
14152 + j*(3349)
3328 + j*(-14139)
3340 + j*(-14152)
-3338 + j*(14164)
-3284 + j*(14160)
3333 + j*(-14161)
-3304 + j*(14180)
-14163 + j*(-3314)
-14179 + j*(-3330)
3356 + j*(-14158)
-3305 + j*(14169)
-14119 + j*(-3289)
3344 + j*(-14133)
-3350 + j*(14137)
14092 + j*(3288)
3294 + j*(-14140)
-3385 + j*(14141)
3342 + j*(-14119)
-14138 + j*(-3290)
-3324 + j*(14123)
14161 + j*(3337)
-14138 + j*(-3302)
14128 + j*(3341)
-14134 + j*(-3330)
-14111 + j*(-3338)
-14152 + j*(-3341)
3324 + j*(-14120)
14154 + j*(3313)
14114 + j*(3296)
14159 + j*(3349)
3339 + j*(-14162)
14160 + j*(3344)
-14154 + j*(-3340)
-3304 + j*(14145)
-14145 + j*(-3315)
3326 + j*(-14153)
14164 + j*(3336)
14162 + j*(3362)
-3342 + j*(14139)
-3364 + j*(14137)
-14119 + j*(-3338)
14130 + j*(3327)
-14119 + j*(-3362)
-3308 + j*(14119)
14133 + j*(3350)
3367 + j*(-14153)
3361 + j*(-14149)
-14121 + j*(-3286)
3303 + j*(-14120)
3355 + j*(-14154)
-14117 + j*(-3325)
-14131 + j*(-3333)
3335 + j*(-14106)
14147 + j*(3325)
-3305 + j*(14161)
3327 + j*(-14123)
3355 + j*(-14121)
-3331 + j*(14152)
-3321 + j*(14172)
14145 + j*(3347)
3331 + j*(-14129)
-3320 + j*(14144)
-3338 + j*(14166)
-14100 + j*(-3322)
-3366 + j*(14086)
-14114 + j*(-3361)
-3351 + j*(14156)
-14133 + j*(-3333)
3313 + j*(-14090)
-3327 + j*(14153)
-14168 + j*(-3347)
14130 + j*(3313)
14166 + j*(3302)
14129 + j*(3346)
14130 + j*(3347)
-3318 + j*(14144)
-3316 + j*(14144)
3316 + j*(-14153)
-14106 + j*(-3316)
14140 + j*(3360)
-3357 + j*(14153)
-14167 + j*(-3360)
14140 + j*(3322)
-14133 + j*(-3325)
-3342 + j*(14165)
-3327 + j*(14169)
14152 + j*(3333)
-3344 + j*(14128)
3328 + j*(-14148)
14171 + j*(3330)
14141 + j*(3320)
-3344 + j*(14143)
-3302 + j*(14151)
-14133 + j*(-3330)
-3309 + j*(14144)
3329 + j*(-14127)
-3347 + j*(14153)
-3292 + j*(14118)
-14138 + j*(-3317)
14144 + j*(3368)
-14126 + j*(-3338)
3315 + j*(-14164)
-3328 + j*(14135)
3360 + j*(-14171)
14141 + j*(3344)
3298 + j*(-14179)
3320 + j*(-14145)
-3314 + j*(14161)
3367 + j*(-14128)
14146 + j*(3313)
-14164 + j*(-3320)
3331 + j*(-14153)
14162 + j*(3331)
-3306 + j*(14140)
-14139 + j*(-3348)
14176 + j*(3327)
3333 + j*(-14126)
-14139 + j*(-3319)
-14154 + j*(-3345)
-3347 + j*(14121)
-3320 + j*(14122)
-14119 + j*(-3355)
3308 + j*(-14136)
-3325 + j*(14174)
-14155 + j*(-3344)
-3316 + j*(14149)
-14117 + j*(-3337)
3330 + j*(-14120)
-3355 + j*(14144)
-14117 + j*(-3388)
-3334 + j*(14140)
14132 + j*(3314)
-3351 + j*(14128)
-14144 + j*(-3348)
-14135 + j*(-3311)
3316 + j*(-14126)
-3357 + j*(14104)
-11 + j*(-2)
11 + j*(-38)
-10 + j*(-4)
5 + j*(-14)
0 + j*(13)
0 + j*(9)
0 + j*(-2)
-11 + j*(-13)
15 + j*(2)
28 + j*(-4)
11 + j*(9)
0 + j*(0)
-11 + j*(17)
-4 + j*(10)
4 + j*(25)
-19 + j*(-28)
35 + j*(-9)
-27 + j*(-3)
0 + j*(2)
0 + j*(9)
-18 + j*(27)
-9 + j*(1)
-32 + j*(0)
-2 + j*(20)
0 + j*(15)
-1 + j*(-24)
11 + j*(4)
29 + j*(-12)
-16 + j*(-45)
5 + j*(3)
-17 + j*(0)
-31 + j*(-17)
-28 + j*(-8)
-7 + j*(14)
19 + j*(3)
6 + j*(8)
-2 + j*(-28)
4 + j*(-12)
-2 + j*(-5)
12 + j*(0)
9 + j*(2)
-26 + j*(-6)
28 + j*(-29)
29 + j*(-26)
-10 + j*(-18)
27 + j*(11)
38 + j*(27)
15 + j*(-2)
-4 + j*(-12)
-11 + j*(19)
11 + j*(-12)
21 + j*(-17)
11 + j*(-9)
26 + j*(22)
-17 + j*(9)
35 + j*(27)
-3 + j*(27)
27 + j*(-12)
18 + j*(0)
1 + j*(-9)
36 + j*(-9)
5 + j*(-16)
-7 + j*(7)
-13 + j*(13)
2 + j*(0)
17 + j*(20)
-17 + j*(8)
-7 + j*(18)
4 + j*(-18)
8 + j*(5)
40 + j*(23)
-16 + j*(14)
6 + j*(19)
7 + j*(-6)
-9 + j*(1)
-12 + j*(29)
-5 + j*(15)
-20 + j*(-14)
36 + j*(-4)
25 + j*(-2)
6 + j*(1)
25 + j*(-8)
4 + j*(-3)
-22 + j*(-13)
16 + j*(-5)
10 + j*(-13)
-31 + j*(-10)
-6 + j*(29)
-12 + j*(12)
24 + j*(-5)
25 + j*(36)
0 + j*(35)
3 + j*(-25)
15 + j*(27)
-7 + j*(-16)
-18 + j*(19)
-18 + j*(9)
28 + j*(-19)
7 + j*(-5)
8 + j*(-5)
-9 + j*(14)
-37 + j*(-12)
8 + j*(17)
5 + j*(3)
-7 + j*(-9)
36 + j*(13)
27 + j*(4)
1 + j*(7)
-30 + j*(-3)
-3 + j*(-41)
-11 + j*(10)
24 + j*(0)
2 + j*(-8)
13 + j*(-9)
22 + j*(-2)
13 + j*(27)
-32 + j*(20)
10 + j*(2)
39 + j*(-20)
3 + j*(-37)
1 + j*(-16)
15 + j*(13)
-5 + j*(22)
-13 + j*(-11)
1 + j*(7)
-30 + j*(-4)
15 + j*(12)
-37 + j*(-5)
-15 + j*(-1)
-21 + j*(16)
-9 + j*(-13)
-9 + j*(26)
3 + j*(-18)
20 + j*(-2)
-3 + j*(19)
-3 + j*(33)
8 + j*(1)
10 + j*(8)
25 + j*(16)
28 + j*(30)
41 + j*(13)
7 + j*(52)
16 + j*(14)
-21 + j*(0)
17 + j*(-6)
-14 + j*(7)
-16 + j*(44)
43 + j*(-16)
9 + j*(4)
-4 + j*(1)
21 + j*(-45)
27 + j*(-11)
-27 + j*(15)
35 + j*(-17)
-24 + j*(30)
-13 + j*(-20)
13 + j*(-7)
-10 + j*(-17)
-1 + j*(-9)
-12 + j*(35)
10 + j*(-6)
11 + j*(0)
-3 + j*(-4)
-1 + j*(2)
3 + j*(-16)
19 + j*(4)
-14 + j*(-25)
0 + j*(-18)
40 + j*(14)
12 + j*(-22)
-9 + j*(-5)
23 + j*(-25)
35 + j*(-3)
9 + j*(-2)
8 + j*(23)
-20 + j*(11)
14 + j*(0)
27 + j*(-1)
-12 + j*(1)
28 + j*(5)
2 + j*(-2)
36 + j*(6)
9 + j*(23)
-21 + j*(-3)
34 + j*(9)
36 + j*(34)
-13 + j*(17)
22 + j*(0)
-14 + j*(-11)
10 + j*(27)
16 + j*(0)
0 + j*(-23)
20 + j*(-39)
14 + j*(22)
10 + j*(16)
0 + j*(-1)
17 + j*(16)
6 + j*(17)
20 + j*(16)
-4 + j*(18)
-4 + j*(10)
-8 + j*(-8)
9 + j*(3)
-15 + j*(9)
15 + j*(1)
5 + j*(-15)
-17 + j*(46)
1 + j*(-4)
29 + j*(1)
13 + j*(12)
2 + j*(-14)
9 + j*(-8)
-18 + j*(0)
12 + j*(-24)
31 + j*(5)
14 + j*(5)
5 + j*(9)
20 + j*(-15)
22 + j*(0)
23 + j*(2)
10 + j*(-9)
-1 + j*(16)
-14 + j*(-11)
-12 + j*(-16)
-3 + j*(-18)
32 + j*(24)
-8 + j*(25)
2 + j*(8)
6 + j*(-1)
-29 + j*(18)
-7 + j*(5)
-3 + j*(18)
5 + j*(-14)
2 + j*(39)
1 + j*(28)
16 + j*(19)
10 + j*(-1)
31 + j*(-31)
6 + j*(11)
7 + j*(0)
-7 + j*(15)
-7 + j*(10)
7 + j*(0)
21 + j*(6)
-13 + j*(40)
8 + j*(-5)
-23 + j*(2)
5 + j*(0)
2 + j*(-21)
10 + j*(15)
-17 + j*(14)
30 + j*(10)
-5 + j*(-3)
-10 + j*(8)
-29 + j*(24)
-18 + j*(-7)
-23 + j*(2)
-16 + j*(-5)
3 + j*(-12)
19 + j*(-10)
33 + j*(52)
-7 + j*(9)
14 + j*(18)
17 + j*(7)
-5 + j*(16)
13 + j*(-16)
1 + j*(8)
-1 + j*(-16)
1 + j*(2)
-7 + j*(3)
0 + j*(-21)
4 + j*(23)
-10 + j*(-13)
5 + j*(-2)
-6 + j*(-33)
-36 + j*(-6)
1 + j*(42)
9 + j*(-4)
45 + j*(-3)
-7 + j*(0)
12 + j*(13)
-5 + j*(0)
-10 + j*(-23)
-34 + j*(27)
-4 + j*(-11)
24 + j*(-2)
-2 + j*(31)
31 + j*(7)
-22 + j*(-33)
42 + j*(4)
-10 + j*(-1)
-18 + j*(26)
3 + j*(10)
-11 + j*(10)
16 + j*(-12)
-10 + j*(-31)
1 + j*(2)
2 + j*(4)
8 + j*(3)
4 + j*(-2)
-24 + j*(0)
4 + j*(-22)
14 + j*(-13)
-2 + j*(-37)
-27 + j*(-9)
1 + j*(3)
3 + j*(-21)
2 + j*(-15)
5 + j*(-28)
13 + j*(45)
20 + j*(3)
0 + j*(6)
6 + j*(-27)
26 + j*(-17)
2 + j*(24)
25 + j*(10)
-9 + j*(-10)
16 + j*(28)
-20 + j*(44)
-1 + j*(16)
10 + j*(-6)
-13 + j*(5)
-19 + j*(11)
-1 + j*(-22)
-22 + j*(3)
6 + j*(0)
-31 + j*(-10)
52 + j*(15)
6 + j*(-3)
11 + j*(0)
7 + j*(-11)
3 + j*(-1)
-6 + j*(-7)
-7 + j*(29)
22 + j*(-5)
-28 + j*(-29)
-14 + j*(0)
-3 + j*(29)
13 + j*(4)
-31 + j*(45)
-1 + j*(-9)
-10 + j*(-30)
5 + j*(-7)
-35 + j*(0)
23 + j*(-18)
1 + j*(-6)
12 + j*(7)
0 + j*(-11)
23 + j*(-21)
22 + j*(-14)
1 + j*(-16)
-44 + j*(14)
6 + j*(19)
-27 + j*(4)
-65 + j*(20)
-33 + j*(-34)
-10 + j*(-35)
-1 + j*(-29)
6 + j*(-1)
-37 + j*(-55)
-16 + j*(-9)
40 + j*(31)
28 + j*(16)
0 + j*(9)
-17 + j*(2)
32 + j*(6)
33 + j*(-1)
-34 + j*(4)
-4 + j*(-20)
-19 + j*(8)
5 + j*(-18)
12 + j*(-31)
11 + j*(-6)
33 + j*(10)
-17 + j*(-51)
-2 + j*(-9)
16 + j*(-41)
29 + j*(-18)
-27 + j*(-24)
-52 + j*(-6)
11 + j*(-10)
0 + j*(-12)
-11 + j*(-40)
-24 + j*(-9)
26 + j*(-6)
-17 + j*(10)
-30 + j*(25)
13 + j*(-37)
27 + j*(1)
0 + j*(-1)
16 + j*(-42)
-2 + j*(2)
13 + j*(-57)
-28 + j*(25)
-37 + j*(38)
-15 + j*(23)
-23 + j*(1)
-30 + j*(-9)
7 + j*(-6)
38 + j*(-83)
0 + j*(4)
35 + j*(60)
25 + j*(62)
29 + j*(-8)
-26 + j*(21)
-46 + j*(39)
34 + j*(24)
21 + j*(-47)
23 + j*(25)
-12 + j*(-68)
