rxdataF_comp = [-12 + j*(11)
-12 + j*(-12)
-12 + j*(11)
-12 + j*(-12)
-12 + j*(11)
-12 + j*(-12)
-12 + j*(10)
-12 + j*(10)
-12 + j*(10)
-12 + j*(10)
11 + j*(-12)
11 + j*(11)
-12 + j*(11)
11 + j*(11)
-11 + j*(-12)
-12 + j*(-12)
11 + j*(-11)
11 + j*(-12)
11 + j*(10)
-12 + j*(-11)
11 + j*(11)
10 + j*(11)
-12 + j*(11)
-12 + j*(11)
-12 + j*(-12)
-11 + j*(11)
11 + j*(11)
-11 + j*(-12)
11 + j*(-11)
11 + j*(-12)
10 + j*(11)
10 + j*(11)
-12 + j*(-12)
-12 + j*(11)
10 + j*(11)
-12 + j*(-12)
-12 + j*(11)
11 + j*(-12)
11 + j*(11)
-12 + j*(10)
-12 + j*(10)
10 + j*(11)
-12 + j*(10)
-12 + j*(11)
11 + j*(11)
-11 + j*(-12)
-12 + j*(10)
11 + j*(11)
11 + j*(-11)
11 + j*(-11)
11 + j*(-12)
10 + j*(11)
-12 + j*(10)
-11 + j*(-12)
10 + j*(11)
-12 + j*(-12)
-12 + j*(-12)
-12 + j*(11)
-12 + j*(-12)
11 + j*(-12)
-12 + j*(-12)
-12 + j*(10)
-12 + j*(10)
-12 + j*(10)
11 + j*(-12)
-12 + j*(11)
-11 + j*(11)
-12 + j*(-12)
11 + j*(-12)
-12 + j*(10)
-12 + j*(10)
-12 + j*(10)
-12 + j*(11)
11 + j*(11)
-12 + j*(10)
-11 + j*(-12)
11 + j*(11)
11 + j*(11)
11 + j*(11)
-12 + j*(11)
-11 + j*(-12)
10 + j*(11)
10 + j*(11)
-12 + j*(10)
-11 + j*(-12)
11 + j*(-12)
-11 + j*(-11)
11 + j*(-12)
-11 + j*(-12)
-12 + j*(10)
13 + j*(-11)
11 + j*(-11)
-11 + j*(10)
11 + j*(-11)
11 + j*(-11)
11 + j*(-11)
-11 + j*(-12)
11 + j*(12)
12 + j*(-11)
-12 + j*(-10)
11 + j*(11)
11 + j*(11)
-11 + j*(-12)
-11 + j*(11)
-11 + j*(11)
-11 + j*(11)
11 + j*(-11)
10 + j*(11)
0 + j*(0)
0 + j*(0)
0 + j*(0)
-1 + j*(0)
-1 + j*(-1)
-1 + j*(-1)
-1 + j*(-1)
-1 + j*(-1)
-1 + j*(0)
0 + j*(0)
0 + j*(-1)
-1 + j*(-1)
-1 + j*(-1)
-1 + j*(-1)
-1 + j*(-1)
0 + j*(0)
-1 + j*(0)
0 + j*(0)
0 + j*(0)
-1 + j*(-1)
-1 + j*(-1)
0 + j*(-1)
-1 + j*(-1)
-1 + j*(0)
-1 + j*(-1)
0 + j*(-1)
-1 + j*(-1)
0 + j*(-1)
0 + j*(-1)
0 + j*(-1)
-1 + j*(-1)
0 + j*(-1)
-1 + j*(-1)
0 + j*(-1)
0 + j*(0)
0 + j*(-1)
0 + j*(0)
0 + j*(0)
-1 + j*(0)
0 + j*(-1)
0 + j*(-1)
0 + j*(-1)
0 + j*(0)
0 + j*(0)
0 + j*(0)
-1 + j*(-1)
0 + j*(-1)
0 + j*(-1)
0 + j*(-1)
0 + j*(0)
0 + j*(0)
0 + j*(0)
0 + j*(-1)
0 + j*(0)
0 + j*(0)
0 + j*(0)
0 + j*(-1)
-1 + j*(0)
0 + j*(0)
0 + j*(-1)
0 + j*(-1)
0 + j*(0)
0 + j*(0)
0 + j*(-1)
0 + j*(-1)
0 + j*(0)
0 + j*(-1)
0 + j*(-1)
-1 + j*(0)
-1 + j*(0)
0 + j*(0)
0 + j*(0)
0 + j*(0)
0 + j*(0)
0 + j*(-1)
0 + j*(0)
0 + j*(0)
0 + j*(0)
0 + j*(0)
0 + j*(0)
0 + j*(0)
0 + j*(0)
0 + j*(0)
0 + j*(0)
0 + j*(0)
0 + j*(0)
0 + j*(0)
0 + j*(0)
0 + j*(0)
0 + j*(0)
0 + j*(0)
-1 + j*(-1)
-1 + j*(-1)
-1 + j*(-1)
-1 + j*(0)
-1 + j*(-1)
0 + j*(0)
-1 + j*(0)
-1 + j*(-1)
0 + j*(0)
0 + j*(0)
0 + j*(0)
0 + j*(0)
0 + j*(0)
-1 + j*(0)
-1 + j*(-1)
0 + j*(0)
-1 + j*(-1)
0 + j*(0)
0 + j*(0)
0 + j*(0)
0 + j*(0)
0 + j*(0)
0 + j*(0)
0 + j*(0)
0 + j*(0)
0 + j*(0)
0 + j*(0)
0 + j*(0)
0 + j*(0)
0 + j*(0)
0 + j*(0)
0 + j*(0)
0 + j*(0)
0 + j*(0)
0 + j*(0)
0 + j*(0)
0 + j*(0)
0 + j*(0)
0 + j*(0)
0 + j*(0)
0 + j*(0)
0 + j*(0)
0 + j*(0)
0 + j*(0)
0 + j*(0)
0 + j*(0)
0 + j*(0)
0 + j*(0)
0 + j*(0)
0 + j*(0)
0 + j*(0)
0 + j*(0)
0 + j*(0)
0 + j*(0)
0 + j*(0)
0 + j*(0)
0 + j*(0)
0 + j*(0)
0 + j*(0)
0 + j*(0)
0 + j*(0)
0 + j*(0)
0 + j*(0)
0 + j*(0)
0 + j*(0)
0 + j*(0)
0 + j*(0)
0 + j*(0)
0 + j*(0)
0 + j*(0)
0 + j*(0)
0 + j*(0)
0 + j*(0)
0 + j*(0)
0 + j*(0)
0 + j*(0)
0 + j*(0)
0 + j*(0)
0 + j*(0)
0 + j*(0)
0 + j*(0)
0 + j*(0)
0 + j*(0)
0 + j*(0)
0 + j*(0)
0 + j*(0)
0 + j*(0)
0 + j*(0)
0 + j*(0)
-11 + j*(-12)
-11 + j*(-12)
-12 + j*(11)
-12 + j*(10)
10 + j*(11)
11 + j*(-12)
-12 + j*(11)
-11 + j*(-11)
10 + j*(-11)
11 + j*(-12)
11 + j*(11)
-12 + j*(-12)
11 + j*(11)
11 + j*(-12)
11 + j*(11)
-11 + j*(-12)
11 + j*(-12)
11 + j*(-11)
11 + j*(11)
11 + j*(11)
11 + j*(-12)
11 + j*(11)
11 + j*(-12)
11 + j*(-12)
-12 + j*(10)
-11 + j*(-12)
-12 + j*(-12)
-12 + j*(11)
-11 + j*(-12)
11 + j*(-12)
11 + j*(11)
-12 + j*(11)
-11 + j*(-12)
11 + j*(11)
-12 + j*(-12)
-12 + j*(10)
11 + j*(11)
-12 + j*(-12)
-12 + j*(-12)
11 + j*(-11)
11 + j*(11)
-12 + j*(11)
-12 + j*(11)
-12 + j*(11)
11 + j*(-12)
10 + j*(11)
-12 + j*(11)
11 + j*(-11)
11 + j*(11)
11 + j*(-12)
11 + j*(-12)
11 + j*(-12)
11 + j*(11)
11 + j*(11)
-11 + j*(-12)
10 + j*(11)
11 + j*(-11)
11 + j*(-12)
-11 + j*(-12)
11 + j*(-12)
-12 + j*(-12)
-12 + j*(10)
-12 + j*(-12)
10 + j*(11)
11 + j*(11)
-12 + j*(11)
11 + j*(-11)
11 + j*(-12)
11 + j*(-12)
-12 + j*(10)
-12 + j*(11)
-12 + j*(11)
-12 + j*(-12)
10 + j*(10)
11 + j*(11)
-12 + j*(11)
10 + j*(11)
11 + j*(11)
-12 + j*(-11)
11 + j*(-12)
-12 + j*(-11)
-12 + j*(-12)
-12 + j*(-12)
11 + j*(-12)
-12 + j*(-12)
11 + j*(-12)
10 + j*(-12)
-12 + j*(10)
-12 + j*(11)
-12 + j*(-12)
11 + j*(-14)
11 + j*(-13)
11 + j*(-13)
11 + j*(11)
-12 + j*(10)
10 + j*(10)
-12 + j*(10)
-11 + j*(10)
10 + j*(-12)
11 + j*(-12)
11 + j*(-11)
-11 + j*(-13)
11 + j*(-11)
11 + j*(-11)
10 + j*(10)
-11 + j*(-13)
-12 + j*(10)
11 + j*(11)
0 + j*(-1)
0 + j*(-1)
0 + j*(-1)
0 + j*(0)
0 + j*(0)
-1 + j*(0)
0 + j*(0)
-1 + j*(0)
-1 + j*(0)
0 + j*(0)
0 + j*(0)
0 + j*(0)
0 + j*(-1)
0 + j*(-1)
0 + j*(0)
-1 + j*(0)
-1 + j*(-1)
-1 + j*(-1)
0 + j*(0)
0 + j*(0)
0 + j*(0)
-1 + j*(0)
-1 + j*(0)
-1 + j*(0)
-1 + j*(0)
-1 + j*(0)
-1 + j*(-1)
0 + j*(0)
0 + j*(0)
0 + j*(0)
-1 + j*(0)
0 + j*(0)
0 + j*(0)
0 + j*(0)
-1 + j*(-1)
-1 + j*(0)
-1 + j*(0)
0 + j*(-1)
-1 + j*(-1)
-1 + j*(0)
-1 + j*(-1)
0 + j*(0)
-1 + j*(0)
0 + j*(-1)
0 + j*(-1)
-1 + j*(0)
-1 + j*(-1)
-1 + j*(0)
0 + j*(-1)
-1 + j*(0)
-1 + j*(-1)
0 + j*(0)
-1 + j*(0)
-1 + j*(0)
-1 + j*(0)
-1 + j*(-1)
0 + j*(-1)
0 + j*(-1)
-1 + j*(-1)
0 + j*(-1)
0 + j*(0)
0 + j*(0)
-1 + j*(-1)
-1 + j*(0)
0 + j*(-1)
0 + j*(-1)
0 + j*(-1)
0 + j*(0)
0 + j*(-1)
0 + j*(0)
0 + j*(-1)
0 + j*(0)
0 + j*(0)
0 + j*(-1)
0 + j*(-1)
0 + j*(-1)
0 + j*(-1)
0 + j*(-1)
0 + j*(-1)
0 + j*(-1)
0 + j*(0)
0 + j*(0)
0 + j*(0)
0 + j*(0)
0 + j*(0)
0 + j*(0)
0 + j*(0)
0 + j*(0)
-1 + j*(0)
0 + j*(0)
0 + j*(0)
0 + j*(0)
-1 + j*(0)
0 + j*(0)
0 + j*(0)
-1 + j*(0)
0 + j*(0)
0 + j*(0)
-1 + j*(0)
0 + j*(-1)
0 + j*(0)
0 + j*(0)
-1 + j*(0)
-1 + j*(0)
-1 + j*(0)
0 + j*(0)
0 + j*(0)
0 + j*(0)
0 + j*(0)
0 + j*(0)
0 + j*(0)
0 + j*(0)
0 + j*(0)
0 + j*(0)
0 + j*(0)
0 + j*(0)
0 + j*(0)
0 + j*(0)
0 + j*(0)
0 + j*(0)
0 + j*(0)
0 + j*(0)
0 + j*(0)
0 + j*(0)
0 + j*(0)
0 + j*(0)
0 + j*(0)
0 + j*(0)
0 + j*(0)
0 + j*(0)
0 + j*(0)
0 + j*(0)
0 + j*(0)
0 + j*(0)
0 + j*(0)
0 + j*(0)
0 + j*(0)
0 + j*(0)
0 + j*(0)
0 + j*(0)
0 + j*(0)
0 + j*(0)
0 + j*(0)
0 + j*(0)
0 + j*(0)
0 + j*(0)
0 + j*(0)
0 + j*(0)
0 + j*(0)
0 + j*(0)
0 + j*(0)
0 + j*(0)
0 + j*(0)
0 + j*(0)
0 + j*(0)
0 + j*(0)
0 + j*(0)
0 + j*(0)
0 + j*(0)
0 + j*(0)
0 + j*(0)
0 + j*(0)
0 + j*(0)
0 + j*(0)
0 + j*(0)
0 + j*(0)
0 + j*(0)
0 + j*(0)
0 + j*(0)
0 + j*(0)
0 + j*(0)
0 + j*(0)
0 + j*(0)
0 + j*(0)
0 + j*(0)
0 + j*(0)
0 + j*(0)
0 + j*(0)
0 + j*(0)
0 + j*(0)
0 + j*(0)
0 + j*(0)
0 + j*(0)
0 + j*(0)
0 + j*(0)
0 + j*(0)
0 + j*(0)
0 + j*(0)
0 + j*(0)
0 + j*(0)
0 + j*(0)
0 + j*(0)
0 + j*(0)
0 + j*(0)
0 + j*(0)
0 + j*(0)
0 + j*(0)
0 + j*(0)
0 + j*(0)
0 + j*(0)
0 + j*(0)
0 + j*(0)
0 + j*(0)
0 + j*(0)
0 + j*(0)
0 + j*(0)
0 + j*(0)
0 + j*(0)
0 + j*(0)
0 + j*(0)
0 + j*(0)
0 + j*(0)
0 + j*(0)
0 + j*(0)
0 + j*(0)
0 + j*(0)
0 + j*(0)
0 + j*(0)
0 + j*(0)
0 + j*(0)
0 + j*(0)
0 + j*(0)
0 + j*(0)
0 + j*(0)
0 + j*(0)
0 + j*(0)
0 + j*(0)
0 + j*(0)
0 + j*(0)
0 + j*(0)
0 + j*(0)
0 + j*(0)
0 + j*(0)
0 + j*(0)
0 + j*(0)
0 + j*(0)
0 + j*(0)
0 + j*(0)
0 + j*(0)
0 + j*(0)
0 + j*(0)
0 + j*(0)
0 + j*(0)
0 + j*(0)
0 + j*(0)
0 + j*(0)
0 + j*(0)
0 + j*(0)
0 + j*(0)
0 + j*(0)
0 + j*(0)
0 + j*(0)
0 + j*(0)
0 + j*(0)
0 + j*(0)
0 + j*(0)
0 + j*(0)
0 + j*(0)
0 + j*(0)
0 + j*(0)
0 + j*(0)
0 + j*(0)
0 + j*(0)
0 + j*(0)
0 + j*(0)
0 + j*(0)
0 + j*(0)
0 + j*(0)
0 + j*(0)
0 + j*(0)
0 + j*(0)
0 + j*(0)
0 + j*(0)
0 + j*(0)
0 + j*(0)
0 + j*(0)
0 + j*(0)
0 + j*(0)
0 + j*(0)
0 + j*(0)
0 + j*(0)
0 + j*(0)
0 + j*(0)
0 + j*(0)
0 + j*(0)
0 + j*(0)
0 + j*(0)
0 + j*(0)
0 + j*(0)
0 + j*(0)
0 + j*(0)
0 + j*(0)
0 + j*(0)
0 + j*(0)
0 + j*(0)
0 + j*(0)
0 + j*(0)
0 + j*(0)
0 + j*(0)
0 + j*(0)
0 + j*(0)
0 + j*(0)
0 + j*(0)
0 + j*(0)
0 + j*(0)
0 + j*(0)
0 + j*(0)
0 + j*(0)
0 + j*(0)
0 + j*(0)
0 + j*(0)
0 + j*(0)
0 + j*(0)
0 + j*(0)
0 + j*(0)
0 + j*(0)
0 + j*(0)
0 + j*(0)
0 + j*(0)
0 + j*(0)
0 + j*(0)
0 + j*(0)
