rxdata12 = [-937 + j*(671)
-860 + j*(719)
-792 + j*(766)
-727 + j*(805)
-673 + j*(836)
-621 + j*(852)
-579 + j*(853)
-537 + j*(834)
-500 + j*(798)
-463 + j*(738)
-426 + j*(661)
-387 + j*(561)
-345 + j*(447)
-300 + j*(314)
-252 + j*(171)
-200 + j*(18)
-147 + j*(-140)
-93 + j*(-299)
-41 + j*(-457)
7 + j*(-608)
50 + j*(-749)
84 + j*(-880)
108 + j*(-994)
119 + j*(-1093)
117 + j*(-1173)
98 + j*(-1234)
65 + j*(-1277)
16 + j*(-1299)
-45 + j*(-1305)
-121 + j*(-1289)
-207 + j*(-1262)
-302 + j*(-1212)
-401 + j*(-1153)
-502 + j*(-1074)
-601 + j*(-988)
-697 + j*(-886)
-783 + j*(-775)
-862 + j*(-655)
-927 + j*(-523)
-980 + j*(-388)
-1018 + j*(-244)
-1042 + j*(-98)
-1053 + j*(50)
-1049 + j*(198)
-1034 + j*(344)
-1010 + j*(483)
-975 + j*(614)
-937 + j*(734)
-892 + j*(836)
-846 + j*(923)
-797 + j*(988)
-748 + j*(1029)
-699 + j*(1047)
-650 + j*(1036)
-599 + j*(1001)
-549 + j*(939)
-496 + j*(853)
-440 + j*(745)
-380 + j*(617)
-312 + j*(474)
-239 + j*(320)
-158 + j*(161)
-67 + j*(1)
31 + j*(-154)
139 + j*(-299)
253 + j*(-429)
377 + j*(-541)
503 + j*(-629)
636 + j*(-693)
770 + j*(-729)
904 + j*(-738)
1037 + j*(-719)
1165 + j*(-674)
1289 + j*(-604)
1406 + j*(-513)
1517 + j*(-404)
1619 + j*(-280)
1711 + j*(-147)
1796 + j*(-8)
1871 + j*(133)
1939 + j*(272)
1997 + j*(407)
2049 + j*(532)
2091 + j*(649)
2126 + j*(751)
2153 + j*(841)
2172 + j*(917)
2181 + j*(978)
2181 + j*(1023)
2168 + j*(1055)
2146 + j*(1070)
2109 + j*(1074)
2061 + j*(1060)
1999 + j*(1037)
1925 + j*(995)
1839 + j*(944)
1745 + j*(875)
1643 + j*(796)
1539 + j*(702)
1434 + j*(596)
1335 + j*(480)
1247 + j*(352)
1172 + j*(217)
1119 + j*(76)
1090 + j*(-64)
1088 + j*(-206)
1121 + j*(-339)
1182 + j*(-466)
1280 + j*(-575)
1407 + j*(-668)
1565 + j*(-738)
1747 + j*(-782)
1947 + j*(-798)
2159 + j*(-787)
2374 + j*(-744)
2583 + j*(-677)
2776 + j*(-583)
2946 + j*(-470)
3081 + j*(-342)
3177 + j*(-207)
3225 + j*(-72)
3221 + j*(55)
3163 + j*(167)
3052 + j*(254)
2888 + j*(310)
2678 + j*(330)
2426 + j*(307)
2142 + j*(243)
1836 + j*(132)
1519 + j*(-16)
1202 + j*(-205)
899 + j*(-422)
617 + j*(-662)
371 + j*(-911)
165 + j*(-1161)
9 + j*(-1395)
-94 + j*(-1605)
-143 + j*(-1775)
-137 + j*(-1894)
-81 + j*(-1957)
19 + j*(-1948)
159 + j*(-1870)
326 + j*(-1717)
515 + j*(-1490)
707 + j*(-1198)
901 + j*(-840)
1079 + j*(-437)
1237 + j*(7)
1366 + j*(473)
1459 + j*(947)
1516 + j*(1411)
1534 + j*(1850)
1513 + j*(2249)
1460 + j*(2591)
1376 + j*(2870)
1272 + j*(3072)
1153 + j*(3195)
1028 + j*(3234)
908 + j*(3190)
797 + j*(3069)
706 + j*(2877)
639 + j*(2623)
600 + j*(2323)
592 + j*(1986)
613 + j*(1628)
664 + j*(1264)
739 + j*(908)
832 + j*(573)
940 + j*(269)
1049 + j*(6)
1157 + j*(-210)
1253 + j*(-376)
1329 + j*(-490)
1383 + j*(-556)
1404 + j*(-574)
1396 + j*(-554)
1351 + j*(-501)
1277 + j*(-425)
1170 + j*(-335)
1042 + j*(-239)
894 + j*(-147)
736 + j*(-64)
575 + j*(0)
420 + j*(46)
279 + j*(71)
159 + j*(71)
66 + j*(54)
2 + j*(16)
-24 + j*(-30)
-21 + j*(-85)
14 + j*(-137)
77 + j*(-183)
163 + j*(-217)
261 + j*(-228)
366 + j*(-219)
466 + j*(-178)
555 + j*(-113)
621 + j*(-14)
658 + j*(109)
658 + j*(259)
617 + j*(429)
533 + j*(611)
404 + j*(805)
234 + j*(997)
25 + j*(1185)
-214 + j*(1360)
-477 + j*(1518)
-754 + j*(1650)
-1033 + j*(1759)
-1306 + j*(1834)
-1558 + j*(1882)
-1783 + j*(1896)
-1967 + j*(1882)
-2106 + j*(1840)
-2190 + j*(1774)
-2220 + j*(1687)
-2190 + j*(1584)
-2103 + j*(1468)
-1960 + j*(1342)
-1769 + j*(1211)
-1530 + j*(1076)
-1260 + j*(941)
-959 + j*(806)
-645 + j*(672)
-320 + j*(539)
-2 + j*(406)
306 + j*(274)
592 + j*(140)
850 + j*(5)
1072 + j*(-131)
1255 + j*(-269)
1394 + j*(-409)
1486 + j*(-547)
1531 + j*(-684)
1532 + j*(-814)
1484 + j*(-937)
1395 + j*(-1046)
1265 + j*(-1140)
1099 + j*(-1213)
903 + j*(-1265)
676 + j*(-1289)
430 + j*(-1287)
165 + j*(-1254)
-109 + j*(-1194)
-391 + j*(-1105)
-670 + j*(-994)
-944 + j*(-859)
-1205 + j*(-710)
-1446 + j*(-548)
-1661 + j*(-382)
-1845 + j*(-217)
-1991 + j*(-59)
-2096 + j*(83)
-2151 + j*(209)
-2158 + j*(310)
-2111 + j*(386)
-2011 + j*(434)
-1858 + j*(452)
-1655 + j*(442)
-1405 + j*(404)
-1118 + j*(344)
-796 + j*(261)
-455 + j*(165)
-98 + j*(55)
254 + j*(-61)
599 + j*(-180)
915 + j*(-299)
1200 + j*(-413)
1435 + j*(-521)
1615 + j*(-621)
1732 + j*(-712)
1779 + j*(-796)
1756 + j*(-872)
1662 + j*(-942)
1499 + j*(-1009)
1275 + j*(-1071)
997 + j*(-1133)
676 + j*(-1194)
324 + j*(-1255)
-43 + j*(-1314)
-413 + j*(-1372)
-770 + j*(-1423)
-1100 + j*(-1468)
-1390 + j*(-1499)
-1628 + j*(-1514)
-1806 + j*(-1508)
-1917 + j*(-1476)
-1957 + j*(-1416)
-1925 + j*(-1325)
-1822 + j*(-1200)
-1657 + j*(-1042)
-1432 + j*(-853)
-1161 + j*(-636)
-853 + j*(-396)
-520 + j*(-142)
-174 + j*(120)
170 + j*(377)
504 + j*(624)
814 + j*(845)
1094 + j*(1033)
1335 + j*(1175)
1532 + j*(1265)
1684 + j*(1296)
1786 + j*(1261)
1846 + j*(1162)
1860 + j*(996)
1837 + j*(769)
1779 + j*(486)
1693 + j*(156)
1586 + j*(-210)
1462 + j*(-599)
1327 + j*(-999)
1184 + j*(-1393)
1037 + j*(-1768)
890 + j*(-2110)
738 + j*(-2406)
587 + j*(-2646)
433 + j*(-2820)
275 + j*(-2924)
112 + j*(-2956)
-60 + j*(-2913)
-240 + j*(-2800)
-432 + j*(-2623)
-634 + j*(-2388)
-846 + j*(-2109)
-1065 + j*(-1792)
-1289 + j*(-1454)
-1514 + j*(-1106)
-1734 + j*(-760)
-1944 + j*(-428)
-2138 + j*(-122)
-2309 + j*(152)
-2453 + j*(384)
-2562 + j*(573)
-2634 + j*(713)
-2666 + j*(804)
-2655 + j*(850)
-2603 + j*(849)
-2510 + j*(811)
-2380 + j*(737)
-2219 + j*(636)
-2030 + j*(513)
-1824 + j*(373)
-1602 + j*(226)
-1379 + j*(73)
-1156 + j*(-77)
-944 + j*(-224)
-746 + j*(-363)
-569 + j*(-491)
-412 + j*(-608)
-284 + j*(-712)
-177 + j*(-800)
-97 + j*(-876)
-37 + j*(-934)
3 + j*(-978)
29 + j*(-1002)
47 + j*(-1010)
56 + j*(-996)
66 + j*(-961)
77 + j*(-902)
92 + j*(-818)
115 + j*(-707)
143 + j*(-569)
179 + j*(-403)
220 + j*(-213)
263 + j*(1)
307 + j*(237)
346 + j*(487)
380 + j*(748)
402 + j*(1012)
414 + j*(1270)
411 + j*(1519)
394 + j*(1744)
365 + j*(1944)
322 + j*(2106)
273 + j*(2227)
219 + j*(2300)
167 + j*(2324)
123 + j*(2296)
93 + j*(2216)
80 + j*(2090)
94 + j*(1918)
137 + j*(1710)
212 + j*(1471)
323 + j*(1212)
467 + j*(941)
647 + j*(668)
852 + j*(403)
1086 + j*(153)
1333 + j*(-73)
1594 + j*(-270)
1853 + j*(-436)
2107 + j*(-565)
2342 + j*(-663)
2555 + j*(-726)
2735 + j*(-763)
2880 + j*(-777)
2982 + j*(-774)
3044 + j*(-763)
3061 + j*(-751)
3040 + j*(-743)
2981 + j*(-749)
2892 + j*(-769)
2779 + j*(-812)
2650 + j*(-875)
2514 + j*(-960)
2376 + j*(-1065)
2249 + j*(-1184)
2133 + j*(-1314)
2039 + j*(-1446)
1966 + j*(-1574)
1918 + j*(-1689)
1896 + j*(-1786)
1894 + j*(-1852)
1913 + j*(-1888)
1945 + j*(-1885)
1985 + j*(-1842)
2027 + j*(-1757)
2062 + j*(-1633)
2086 + j*(-1472)
2092 + j*(-1280)
2074 + j*(-1063)
2031 + j*(-830)
1957 + j*(-589)
1857 + j*(-347)
1727 + j*(-115)
1573 + j*(98)
1398 + j*(290)
1205 + j*(453)
1003 + j*(582)
792 + j*(679)
583 + j*(741)
377 + j*(773)
179 + j*(776)
-8 + j*(755)
-186 + j*(718)
-351 + j*(666)
-508 + j*(614)
-659 + j*(554)
-805 + j*(505)
-955 + j*(458)
-1106 + j*(423)
-1271 + j*(398)
-1444 + j*(380)
-1634 + j*(368)
-1836 + j*(359)
-2052 + j*(345)
-2277 + j*(325)
-2505 + j*(290)
-2731 + j*(239)
-2945 + j*(166)
-3137 + j*(69)
-3299 + j*(-52)
-3417 + j*(-196)
-3486 + j*(-362)
-3493 + j*(-543)
-3436 + j*(-733)
-3307 + j*(-924)
-3109 + j*(-1108)
-2839 + j*(-1275)
-2507 + j*(-1416)
-2117 + j*(-1523)
-1683 + j*(-1588)
-1218 + j*(-1609)
-736 + j*(-1580)
-256 + j*(-1503)
204 + j*(-1379)
632 + j*(-1217)
1007 + j*(-1020)
1320 + j*(-803)
1557 + j*(-577)
1712 + j*(-353)
1781 + j*(-149)
1766 + j*(27)
1668 + j*(156)
1500 + j*(237)
1268 + j*(253)
991 + j*(210)
684 + j*(97)
364 + j*(-73)
50 + j*(-302)
-241 + j*(-572)
-494 + j*(-877)
-696 + j*(-1192)
-836 + j*(-1509)
-908 + j*(-1801)
-910 + j*(-2055)
-843 + j*(-2252)
-711 + j*(-2378)
-528 + j*(-2421)
-299 + j*(-2371)
-44 + j*(-2229)
223 + j*(-1990)
487 + j*(-1666)
731 + j*(-1261)
941 + j*(-796)
1104 + j*(-282)
1213 + j*(253)
1258 + j*(793)
1241 + j*(1314)
1163 + j*(1788)
1027 + j*(2205)
846 + j*(2535)
626 + j*(2774)
389 + j*(2903)
142 + j*(2925)
-91 + j*(2834)
-304 + j*(2637)
-476 + j*(2344)
-601 + j*(1968)
-667 + j*(1527)
