rxdata0 = [-527 + j*(-223)
-388 + j*(-216)
-240 + j*(-214)
-87 + j*(-210)
67 + j*(-206)
221 + j*(-201)
369 + j*(-190)
511 + j*(-178)
641 + j*(-155)
759 + j*(-127)
862 + j*(-89)
947 + j*(-40)
1016 + j*(17)
1064 + j*(90)
1095 + j*(172)
1105 + j*(269)
1097 + j*(376)
1071 + j*(496)
1029 + j*(625)
972 + j*(763)
903 + j*(908)
821 + j*(1057)
732 + j*(1207)
634 + j*(1358)
536 + j*(1502)
431 + j*(1643)
330 + j*(1770)
229 + j*(1886)
131 + j*(1982)
40 + j*(2062)
-47 + j*(2117)
-125 + j*(2148)
-197 + j*(2155)
-260 + j*(2129)
-316 + j*(2080)
-364 + j*(1997)
-405 + j*(1888)
-440 + j*(1750)
-469 + j*(1585)
-494 + j*(1396)
-516 + j*(1186)
-536 + j*(954)
-554 + j*(711)
-573 + j*(452)
-593 + j*(188)
-614 + j*(-79)
-638 + j*(-345)
-664 + j*(-607)
-693 + j*(-857)
-727 + j*(-1094)
-761 + j*(-1312)
-801 + j*(-1509)
-840 + j*(-1682)
-883 + j*(-1826)
-924 + j*(-1944)
-966 + j*(-2028)
-1006 + j*(-2083)
-1045 + j*(-2106)
-1079 + j*(-2097)
-1110 + j*(-2059)
-1134 + j*(-1991)
-1154 + j*(-1898)
-1165 + j*(-1782)
-1171 + j*(-1643)
-1168 + j*(-1488)
-1158 + j*(-1318)
-1140 + j*(-1139)
-1114 + j*(-951)
-1080 + j*(-762)
-1039 + j*(-573)
-992 + j*(-386)
-937 + j*(-209)
-880 + j*(-39)
-813 + j*(114)
-745 + j*(257)
-672 + j*(380)
-595 + j*(488)
-516 + j*(576)
-433 + j*(645)
-348 + j*(696)
-261 + j*(726)
-170 + j*(739)
-78 + j*(733)
17 + j*(711)
113 + j*(676)
215 + j*(625)
316 + j*(563)
425 + j*(490)
532 + j*(409)
646 + j*(321)
759 + j*(228)
876 + j*(129)
995 + j*(30)
1113 + j*(-70)
1233 + j*(-171)
1348 + j*(-270)
1464 + j*(-366)
1570 + j*(-461)
1674 + j*(-550)
1766 + j*(-635)
1849 + j*(-713)
1917 + j*(-786)
1973 + j*(-851)
2008 + j*(-909)
2028 + j*(-957)
2024 + j*(-997)
2000 + j*(-1026)
1952 + j*(-1046)
1880 + j*(-1053)
1784 + j*(-1048)
1664 + j*(-1031)
1522 + j*(-1001)
1356 + j*(-956)
1171 + j*(-899)
968 + j*(-826)
748 + j*(-742)
517 + j*(-640)
277 + j*(-529)
32 + j*(-403)
-214 + j*(-268)
-458 + j*(-122)
-694 + j*(30)
-918 + j*(190)
-1128 + j*(352)
-1318 + j*(518)
-1486 + j*(679)
-1628 + j*(839)
-1741 + j*(989)
-1826 + j*(1132)
-1878 + j*(1260)
-1899 + j*(1374)
-1887 + j*(1470)
-1844 + j*(1544)
-1771 + j*(1599)
-1668 + j*(1628)
-1543 + j*(1634)
-1393 + j*(1615)
-1226 + j*(1571)
-1042 + j*(1502)
-850 + j*(1411)
-649 + j*(1297)
-449 + j*(1164)
-249 + j*(1014)
-57 + j*(851)
124 + j*(676)
291 + j*(496)
442 + j*(311)
572 + j*(129)
681 + j*(-48)
768 + j*(-216)
829 + j*(-373)
869 + j*(-513)
884 + j*(-634)
878 + j*(-735)
852 + j*(-810)
808 + j*(-863)
748 + j*(-889)
679 + j*(-892)
598 + j*(-867)
514 + j*(-822)
427 + j*(-753)
341 + j*(-666)
261 + j*(-564)
187 + j*(-448)
123 + j*(-324)
71 + j*(-195)
32 + j*(-67)
8 + j*(59)
0 + j*(175)
4 + j*(282)
23 + j*(373)
54 + j*(447)
98 + j*(499)
148 + j*(530)
208 + j*(536)
267 + j*(521)
332 + j*(479)
389 + j*(416)
445 + j*(331)
491 + j*(226)
527 + j*(107)
551 + j*(-25)
558 + j*(-167)
551 + j*(-313)
526 + j*(-459)
484 + j*(-602)
425 + j*(-736)
350 + j*(-858)
259 + j*(-962)
156 + j*(-1048)
41 + j*(-1109)
-79 + j*(-1146)
-207 + j*(-1156)
-335 + j*(-1137)
-463 + j*(-1091)
-584 + j*(-1014)
-698 + j*(-914)
-799 + j*(-787)
-887 + j*(-638)
-958 + j*(-473)
-1009 + j*(-289)
-1040 + j*(-99)
-1050 + j*(102)
-1037 + j*(301)
-1004 + j*(499)
-948 + j*(690)
-875 + j*(868)
-782 + j*(1032)
-676 + j*(1173)
-556 + j*(1295)
-429 + j*(1389)
-295 + j*(1458)
-159 + j*(1497)
-26 + j*(1509)
103 + j*(1493)
223 + j*(1449)
330 + j*(1380)
426 + j*(1289)
501 + j*(1177)
562 + j*(1050)
600 + j*(908)
619 + j*(759)
616 + j*(604)
595 + j*(449)
552 + j*(297)
495 + j*(152)
420 + j*(18)
335 + j*(-102)
239 + j*(-208)
136 + j*(-295)
31 + j*(-364)
-74 + j*(-411)
-176 + j*(-441)
-271 + j*(-450)
-357 + j*(-443)
-431 + j*(-418)
-491 + j*(-380)
-534 + j*(-332)
-560 + j*(-275)
-570 + j*(-213)
-559 + j*(-151)
-534 + j*(-88)
-489 + j*(-33)
-432 + j*(16)
-362 + j*(53)
-280 + j*(77)
-194 + j*(87)
-98 + j*(80)
-6 + j*(56)
88 + j*(14)
174 + j*(-43)
255 + j*(-117)
325 + j*(-204)
382 + j*(-307)
424 + j*(-415)
450 + j*(-534)
458 + j*(-654)
449 + j*(-777)
421 + j*(-894)
376 + j*(-1007)
315 + j*(-1109)
239 + j*(-1198)
150 + j*(-1273)
50 + j*(-1327)
-56 + j*(-1364)
-168 + j*(-1377)
-280 + j*(-1368)
-392 + j*(-1337)
-499 + j*(-1281)
-598 + j*(-1205)
-687 + j*(-1106)
-762 + j*(-990)
-823 + j*(-856)
-864 + j*(-708)
-890 + j*(-549)
-894 + j*(-383)
-880 + j*(-211)
-845 + j*(-41)
-791 + j*(130)
-720 + j*(291)
-631 + j*(447)
-528 + j*(588)
-414 + j*(715)
-286 + j*(826)
-155 + j*(917)
-15 + j*(989)
122 + j*(1039)
263 + j*(1068)
397 + j*(1076)
528 + j*(1063)
650 + j*(1030)
762 + j*(978)
863 + j*(909)
949 + j*(827)
1024 + j*(730)
1082 + j*(624)
1127 + j*(510)
1156 + j*(390)
1171 + j*(267)
1173 + j*(145)
1161 + j*(23)
1138 + j*(-93)
1105 + j*(-204)
1062 + j*(-309)
1012 + j*(-403)
956 + j*(-488)
894 + j*(-561)
830 + j*(-622)
762 + j*(-672)
693 + j*(-707)
624 + j*(-731)
554 + j*(-741)
486 + j*(-739)
418 + j*(-725)
353 + j*(-699)
286 + j*(-662)
225 + j*(-614)
161 + j*(-556)
102 + j*(-490)
42 + j*(-414)
-14 + j*(-331)
-71 + j*(-239)
-126 + j*(-143)
-181 + j*(-39)
-233 + j*(67)
-284 + j*(178)
-332 + j*(293)
-378 + j*(409)
-420 + j*(526)
-458 + j*(641)
-491 + j*(757)
-519 + j*(867)
-540 + j*(974)
-555 + j*(1074)
-561 + j*(1165)
-559 + j*(1248)
-549 + j*(1319)
-530 + j*(1376)
-503 + j*(1420)
-466 + j*(1446)
-423 + j*(1457)
-373 + j*(1449)
-315 + j*(1422)
-254 + j*(1375)
-189 + j*(1309)
-122 + j*(1222)
-56 + j*(1118)
8 + j*(994)
69 + j*(854)
126 + j*(701)
174 + j*(531)
214 + j*(354)
243 + j*(166)
261 + j*(-23)
267 + j*(-216)
259 + j*(-408)
239 + j*(-594)
205 + j*(-772)
158 + j*(-938)
100 + j*(-1090)
31 + j*(-1224)
-46 + j*(-1338)
-131 + j*(-1431)
-220 + j*(-1498)
-312 + j*(-1541)
-404 + j*(-1558)
-493 + j*(-1548)
-576 + j*(-1515)
-652 + j*(-1453)
-717 + j*(-1371)
-770 + j*(-1265)
-808 + j*(-1142)
-831 + j*(-1001)
-835 + j*(-848)
-823 + j*(-685)
-791 + j*(-516)
-744 + j*(-342)
-676 + j*(-171)
-596 + j*(-4)
-498 + j*(155)
-391 + j*(305)
-272 + j*(441)
-147 + j*(562)
-17 + j*(665)
112 + j*(750)
240 + j*(817)
362 + j*(862)
476 + j*(891)
578 + j*(898)
667 + j*(892)
738 + j*(866)
792 + j*(830)
825 + j*(781)
838 + j*(725)
830 + j*(661)
800 + j*(597)
753 + j*(529)
682 + j*(464)
599 + j*(403)
495 + j*(349)
383 + j*(302)
258 + j*(264)
128 + j*(236)
-5 + j*(218)
-141 + j*(211)
-272 + j*(212)
-398 + j*(222)
-515 + j*(241)
-619 + j*(262)
-710 + j*(289)
-784 + j*(315)
-841 + j*(342)
-879 + j*(363)
-898 + j*(380)
-897 + j*(385)
-878 + j*(383)
-839 + j*(365)
-785 + j*(335)
-716 + j*(289)
-633 + j*(227)
-541 + j*(149)
-439 + j*(55)
-335 + j*(-53)
-226 + j*(-175)
-118 + j*(-310)
-12 + j*(-453)
87 + j*(-605)
180 + j*(-760)
263 + j*(-915)
336 + j*(-1069)
396 + j*(-1217)
444 + j*(-1355)
478 + j*(-1482)
500 + j*(-1590)
507 + j*(-1684)
505 + j*(-1753)
488 + j*(-1803)
464 + j*(-1825)
431 + j*(-1824)
391 + j*(-1796)
347 + j*(-1742)
299 + j*(-1664)
251 + j*(-1561)
203 + j*(-1437)
157 + j*(-1292)
115 + j*(-1131)
78 + j*(-956)
47 + j*(-769)
22 + j*(-575)
5 + j*(-377)
-6 + j*(-179)
-10 + j*(15)
-7 + j*(202)
0 + j*(382)
15 + j*(546)
30 + j*(698)
52 + j*(831)
73 + j*(946)
97 + j*(1040)
119 + j*(1114)
141 + j*(1167)
159 + j*(1199)
176 + j*(1213)
188 + j*(1205)
197 + j*(1185)
201 + j*(1144)
202 + j*(1094)
200 + j*(1031)
194 + j*(960)
186 + j*(883)
178 + j*(801)
169 + j*(719)
161 + j*(637)
155 + j*(557)
151 + j*(483)
153 + j*(413)
158 + j*(353)
171 + j*(296)
189 + j*(253)
215 + j*(214)
246 + j*(187)
285 + j*(167)
329 + j*(155)
379 + j*(151)
433 + j*(153)
491 + j*(159)
550 + j*(171)
610 + j*(185)
667 + j*(200)
722 + j*(217)
770 + j*(234)
812 + j*(247)
845 + j*(262)
867 + j*(271)
878 + j*(278)
875 + j*(282)
858 + j*(280)
828 + j*(276)
781 + j*(267)
720 + j*(255)
646 + j*(239)
557 + j*(222)
456 + j*(200)
344 + j*(178)
224 + j*(152)
94 + j*(128)
-37 + j*(99)
-175 + j*(75)
-311 + j*(45)
-447 + j*(20)
-578 + j*(-7)
-703 + j*(-32)
-820 + j*(-59)
-927 + j*(-85)
-1022 + j*(-109)
-1105 + j*(-134)
-1173 + j*(-158)
-1227 + j*(-183)
-1266 + j*(-207)
-1292 + j*(-231)
-1301 + j*(-255)
-1299 + j*(-277)
-1283 + j*(-301)
-1255 + j*(-320)
-1219 + j*(-342)
-1171 + j*(-358)
