rxdata6 = [967 + j*(116)
965 + j*(357)
928 + j*(607)
862 + j*(854)
766 + j*(1096)
647 + j*(1325)
507 + j*(1536)
351 + j*(1725)
186 + j*(1886)
14 + j*(2017)
-155 + j*(2114)
-320 + j*(2180)
-474 + j*(2208)
-612 + j*(2206)
-731 + j*(2167)
-825 + j*(2100)
-896 + j*(2005)
-937 + j*(1886)
-950 + j*(1745)
-934 + j*(1589)
-890 + j*(1420)
-820 + j*(1247)
-725 + j*(1068)
-609 + j*(893)
-477 + j*(724)
-331 + j*(564)
-178 + j*(416)
-20 + j*(285)
133 + j*(168)
282 + j*(75)
418 + j*(-4)
540 + j*(-60)
641 + j*(-102)
719 + j*(-122)
771 + j*(-131)
795 + j*(-124)
791 + j*(-108)
755 + j*(-84)
693 + j*(-55)
600 + j*(-23)
484 + j*(7)
343 + j*(34)
183 + j*(56)
7 + j*(70)
-181 + j*(76)
-378 + j*(72)
-577 + j*(56)
-778 + j*(32)
-971 + j*(-4)
-1158 + j*(-50)
-1330 + j*(-103)
-1490 + j*(-165)
-1629 + j*(-230)
-1750 + j*(-302)
-1849 + j*(-373)
-1924 + j*(-445)
-1980 + j*(-515)
-2010 + j*(-581)
-2020 + j*(-643)
-2008 + j*(-697)
-1978 + j*(-745)
-1928 + j*(-782)
-1864 + j*(-813)
-1784 + j*(-832)
-1695 + j*(-845)
-1593 + j*(-845)
-1486 + j*(-840)
-1371 + j*(-824)
-1254 + j*(-802)
-1134 + j*(-773)
-1014 + j*(-738)
-896 + j*(-698)
-781 + j*(-657)
-670 + j*(-611)
-563 + j*(-567)
-464 + j*(-519)
-371 + j*(-477)
-285 + j*(-434)
-208 + j*(-399)
-138 + j*(-366)
-77 + j*(-342)
-24 + j*(-324)
22 + j*(-317)
59 + j*(-318)
94 + j*(-330)
120 + j*(-353)
145 + j*(-387)
167 + j*(-432)
188 + j*(-486)
211 + j*(-551)
234 + j*(-622)
263 + j*(-702)
296 + j*(-783)
335 + j*(-868)
382 + j*(-949)
435 + j*(-1027)
497 + j*(-1097)
564 + j*(-1156)
640 + j*(-1200)
718 + j*(-1228)
801 + j*(-1235)
884 + j*(-1222)
966 + j*(-1183)
1043 + j*(-1122)
1114 + j*(-1037)
1175 + j*(-927)
1223 + j*(-796)
1256 + j*(-645)
1273 + j*(-478)
1269 + j*(-298)
1249 + j*(-111)
1206 + j*(78)
1147 + j*(266)
1067 + j*(447)
973 + j*(614)
865 + j*(765)
747 + j*(893)
623 + j*(997)
498 + j*(1071)
375 + j*(1116)
259 + j*(1129)
155 + j*(1113)
66 + j*(1066)
-4 + j*(992)
-52 + j*(895)
-78 + j*(776)
-77 + j*(644)
-53 + j*(501)
-4 + j*(353)
69 + j*(207)
160 + j*(66)
272 + j*(-62)
394 + j*(-175)
528 + j*(-269)
665 + j*(-340)
803 + j*(-388)
938 + j*(-409)
1065 + j*(-406)
1180 + j*(-375)
1283 + j*(-324)
1369 + j*(-248)
1437 + j*(-157)
1490 + j*(-48)
1522 + j*(72)
1541 + j*(200)
1544 + j*(336)
1535 + j*(471)
1517 + j*(608)
1491 + j*(739)
1462 + j*(867)
1428 + j*(986)
1397 + j*(1099)
1365 + j*(1202)
1336 + j*(1296)
1310 + j*(1379)
1285 + j*(1453)
1260 + j*(1515)
1235 + j*(1569)
1206 + j*(1608)
1173 + j*(1637)
1128 + j*(1651)
1076 + j*(1653)
1007 + j*(1635)
927 + j*(1602)
828 + j*(1547)
715 + j*(1471)
583 + j*(1372)
441 + j*(1249)
284 + j*(1101)
121 + j*(928)
-45 + j*(733)
-210 + j*(515)
-368 + j*(281)
-513 + j*(31)
-640 + j*(-226)
-742 + j*(-485)
-815 + j*(-741)
-855 + j*(-986)
-857 + j*(-1210)
-823 + j*(-1410)
-749 + j*(-1573)
-640 + j*(-1698)
-494 + j*(-1775)
-318 + j*(-1804)
-115 + j*(-1777)
105 + j*(-1697)
340 + j*(-1563)
578 + j*(-1379)
816 + j*(-1148)
1041 + j*(-877)
1250 + j*(-575)
1436 + j*(-250)
1591 + j*(86)
1714 + j*(425)
1801 + j*(753)
1851 + j*(1061)
1866 + j*(1338)
1845 + j*(1574)
1794 + j*(1763)
1716 + j*(1898)
1616 + j*(1975)
1501 + j*(1994)
1376 + j*(1956)
1249 + j*(1861)
1122 + j*(1717)
1003 + j*(1530)
895 + j*(1308)
801 + j*(1061)
722 + j*(801)
659 + j*(535)
609 + j*(278)
575 + j*(36)
545 + j*(-178)
524 + j*(-362)
500 + j*(-506)
475 + j*(-609)
440 + j*(-667)
391 + j*(-684)
329 + j*(-659)
245 + j*(-600)
146 + j*(-508)
27 + j*(-395)
-106 + j*(-266)
-252 + j*(-130)
-407 + j*(5)
-560 + j*(129)
-710 + j*(240)
-845 + j*(326)
-958 + j*(389)
-1045 + j*(421)
-1094 + j*(425)
-1104 + j*(399)
-1068 + j*(348)
-985 + j*(272)
-854 + j*(181)
-675 + j*(76)
-454 + j*(-32)
-195 + j*(-141)
94 + j*(-242)
403 + j*(-331)
725 + j*(-403)
1045 + j*(-453)
1355 + j*(-483)
1641 + j*(-486)
1893 + j*(-471)
2103 + j*(-434)
2261 + j*(-382)
2362 + j*(-322)
2401 + j*(-253)
2378 + j*(-190)
2293 + j*(-131)
2148 + j*(-87)
1950 + j*(-60)
1705 + j*(-58)
1422 + j*(-80)
1112 + j*(-131)
786 + j*(-207)
453 + j*(-311)
127 + j*(-436)
-185 + j*(-580)
-471 + j*(-735)
-726 + j*(-898)
-943 + j*(-1059)
-1119 + j*(-1212)
-1250 + j*(-1351)
-1338 + j*(-1467)
-1385 + j*(-1560)
-1393 + j*(-1622)
-1369 + j*(-1652)
-1317 + j*(-1650)
-1247 + j*(-1617)
-1161 + j*(-1556)
-1070 + j*(-1470)
-976 + j*(-1368)
-887 + j*(-1251)
-804 + j*(-1134)
-733 + j*(-1017)
-671 + j*(-914)
-621 + j*(-826)
-578 + j*(-762)
-541 + j*(-726)
-505 + j*(-721)
-464 + j*(-747)
-416 + j*(-804)
-353 + j*(-890)
-274 + j*(-997)
-172 + j*(-1125)
-47 + j*(-1260)
100 + j*(-1397)
273 + j*(-1527)
465 + j*(-1641)
675 + j*(-1729)
895 + j*(-1786)
1118 + j*(-1802)
1337 + j*(-1776)
1540 + j*(-1703)
1723 + j*(-1583)
1872 + j*(-1417)
1983 + j*(-1209)
2044 + j*(-963)
2053 + j*(-690)
2004 + j*(-395)
1896 + j*(-91)
1728 + j*(213)
1504 + j*(507)
1229 + j*(779)
909 + j*(1021)
553 + j*(1223)
172 + j*(1382)
-224 + j*(1489)
-621 + j*(1544)
-1009 + j*(1547)
-1373 + j*(1498)
-1705 + j*(1404)
-1994 + j*(1268)
-2231 + j*(1101)
-2411 + j*(908)
-2528 + j*(702)
-2583 + j*(490)
-2573 + j*(283)
-2505 + j*(91)
-2379 + j*(-78)
-2204 + j*(-218)
-1988 + j*(-324)
-1739 + j*(-391)
-1467 + j*(-419)
-1181 + j*(-406)
-891 + j*(-358)
-606 + j*(-273)
-334 + j*(-162)
-79 + j*(-26)
148 + j*(123)
350 + j*(284)
520 + j*(444)
658 + j*(602)
766 + j*(746)
844 + j*(875)
895 + j*(982)
922 + j*(1068)
929 + j*(1129)
919 + j*(1165)
897 + j*(1178)
863 + j*(1168)
824 + j*(1142)
777 + j*(1099)
727 + j*(1046)
674 + j*(984)
614 + j*(919)
552 + j*(852)
482 + j*(788)
406 + j*(726)
322 + j*(669)
228 + j*(615)
124 + j*(564)
11 + j*(516)
-112 + j*(466)
-241 + j*(415)
-377 + j*(358)
-514 + j*(293)
-649 + j*(221)
-779 + j*(137)
-898 + j*(44)
-1003 + j*(-60)
-1085 + j*(-174)
-1146 + j*(-295)
-1180 + j*(-419)
-1184 + j*(-546)
-1158 + j*(-665)
-1103 + j*(-780)
-1017 + j*(-880)
-907 + j*(-964)
-774 + j*(-1026)
-624 + j*(-1065)
-462 + j*(-1078)
-298 + j*(-1064)
-132 + j*(-1025)
20 + j*(-961)
162 + j*(-877)
279 + j*(-777)
375 + j*(-665)
440 + j*(-551)
476 + j*(-436)
483 + j*(-333)
459 + j*(-245)
411 + j*(-180)
342 + j*(-143)
257 + j*(-137)
165 + j*(-167)
68 + j*(-232)
-19 + j*(-334)
-95 + j*(-466)
-152 + j*(-629)
-183 + j*(-814)
-184 + j*(-1016)
-156 + j*(-1226)
-90 + j*(-1436)
3 + j*(-1638)
130 + j*(-1823)
280 + j*(-1983)
451 + j*(-2111)
631 + j*(-2202)
818 + j*(-2253)
999 + j*(-2260)
1167 + j*(-2222)
1314 + j*(-2145)
1431 + j*(-2026)
1513 + j*(-1877)
1555 + j*(-1697)
1555 + j*(-1500)
1510 + j*(-1289)
1423 + j*(-1075)
1297 + j*(-865)
1135 + j*(-666)
948 + j*(-485)
740 + j*(-326)
523 + j*(-194)
306 + j*(-90)
96 + j*(-14)
-91 + j*(34)
-256 + j*(59)
-383 + j*(65)
-473 + j*(57)
-517 + j*(39)
-517 + j*(22)
-472 + j*(7)
-385 + j*(3)
-260 + j*(15)
-104 + j*(45)
76 + j*(96)
271 + j*(168)
474 + j*(260)
672 + j*(371)
859 + j*(492)
1025 + j*(626)
1163 + j*(755)
1268 + j*(882)
1335 + j*(993)
1363 + j*(1081)
1349 + j*(1144)
1298 + j*(1168)
1209 + j*(1155)
1090 + j*(1097)
945 + j*(995)
781 + j*(849)
605 + j*(659)
425 + j*(434)
247 + j*(174)
78 + j*(-107)
-75 + j*(-406)
-210 + j*(-712)
-321 + j*(-1014)
-408 + j*(-1306)
-469 + j*(-1573)
-504 + j*(-1813)
-516 + j*(-2013)
-505 + j*(-2173)
-477 + j*(-2282)
-435 + j*(-2345)
-381 + j*(-2355)
-322 + j*(-2317)
-258 + j*(-2233)
-196 + j*(-2105)
-135 + j*(-1942)
-79 + j*(-1746)
-28 + j*(-1527)
15 + j*(-1288)
56 + j*(-1041)
87 + j*(-786)
118 + j*(-534)
143 + j*(-289)
166 + j*(-53)
190 + j*(167)
209 + j*(372)
232 + j*(558)
251 + j*(724)
269 + j*(872)
283 + j*(998)
292 + j*(1106)
294 + j*(1193)
286 + j*(1260)
268 + j*(1307)
235 + j*(1335)
189 + j*(1341)
127 + j*(1326)
51 + j*(1287)
-37 + j*(1226)
-138 + j*(1140)
-244 + j*(1030)
-356 + j*(895)
-464 + j*(738)
-566 + j*(557)
-657 + j*(360)
-726 + j*(144)
-776 + j*(-79)
-794 + j*(-310)
-784 + j*(-542)
-739 + j*(-764)
-661 + j*(-976)
-551 + j*(-1164)
-410 + j*(-1328)
-246 + j*(-1458)
-62 + j*(-1550)
133 + j*(-1605)
329 + j*(-1615)
521 + j*(-1585)
695 + j*(-1513)
845 + j*(-1406)
961 + j*(-1265)
1035 + j*(-1100)
1062 + j*(-918)
1038 + j*(-727)
962 + j*(-536)
832 + j*(-355)
653 + j*(-192)
430 + j*(-54)
169 + j*(51)
