rxdata2 = [1027 + j*(1928)
1002 + j*(1903)
970 + j*(1850)
937 + j*(1772)
906 + j*(1671)
881 + j*(1550)
862 + j*(1416)
854 + j*(1271)
850 + j*(1125)
856 + j*(979)
865 + j*(841)
876 + j*(716)
884 + j*(605)
886 + j*(515)
879 + j*(444)
858 + j*(395)
819 + j*(368)
762 + j*(362)
683 + j*(374)
583 + j*(402)
460 + j*(445)
319 + j*(495)
158 + j*(555)
-15 + j*(615)
-200 + j*(677)
-391 + j*(735)
-582 + j*(788)
-772 + j*(834)
-951 + j*(871)
-1119 + j*(898)
-1268 + j*(914)
-1398 + j*(919)
-1503 + j*(913)
-1583 + j*(896)
-1638 + j*(867)
-1662 + j*(828)
-1662 + j*(778)
-1633 + j*(719)
-1578 + j*(651)
-1500 + j*(575)
-1399 + j*(492)
-1278 + j*(402)
-1140 + j*(312)
-986 + j*(217)
-821 + j*(126)
-645 + j*(37)
-466 + j*(-41)
-284 + j*(-109)
-105 + j*(-160)
68 + j*(-193)
231 + j*(-201)
376 + j*(-182)
505 + j*(-134)
606 + j*(-55)
679 + j*(56)
719 + j*(198)
722 + j*(369)
687 + j*(567)
610 + j*(785)
495 + j*(1019)
339 + j*(1258)
150 + j*(1500)
-71 + j*(1731)
-315 + j*(1945)
-577 + j*(2134)
-843 + j*(2290)
-1106 + j*(2405)
-1354 + j*(2478)
-1573 + j*(2502)
-1755 + j*(2481)
-1887 + j*(2409)
-1961 + j*(2299)
-1970 + j*(2149)
-1909 + j*(1971)
-1775 + j*(1773)
-1569 + j*(1565)
-1296 + j*(1359)
-961 + j*(1166)
-577 + j*(994)
-153 + j*(856)
293 + j*(756)
746 + j*(704)
1191 + j*(697)
1605 + j*(741)
1977 + j*(830)
2287 + j*(959)
2526 + j*(1122)
2679 + j*(1305)
2743 + j*(1502)
2712 + j*(1696)
2588 + j*(1876)
2377 + j*(2029)
2085 + j*(2145)
1729 + j*(2213)
1318 + j*(2227)
874 + j*(2181)
414 + j*(2076)
-41 + j*(1914)
-474 + j*(1699)
-866 + j*(1443)
-1203 + j*(1154)
-1472 + j*(847)
-1661 + j*(538)
-1770 + j*(240)
-1794 + j*(-27)
-1738 + j*(-254)
-1609 + j*(-424)
-1418 + j*(-529)
-1176 + j*(-562)
-904 + j*(-518)
-612 + j*(-400)
-324 + j*(-210)
-51 + j*(42)
186 + j*(348)
381 + j*(691)
519 + j*(1058)
595 + j*(1428)
608 + j*(1786)
555 + j*(2114)
446 + j*(2397)
287 + j*(2622)
88 + j*(2779)
-133 + j*(2861)
-367 + j*(2866)
-595 + j*(2792)
-802 + j*(2650)
-975 + j*(2443)
-1102 + j*(2188)
-1175 + j*(1895)
-1186 + j*(1582)
-1135 + j*(1264)
-1020 + j*(960)
-849 + j*(683)
-629 + j*(446)
-370 + j*(262)
-88 + j*(135)
207 + j*(72)
497 + j*(70)
771 + j*(127)
1011 + j*(235)
1209 + j*(383)
1356 + j*(560)
1445 + j*(750)
1474 + j*(939)
1444 + j*(1111)
1359 + j*(1253)
1228 + j*(1354)
1058 + j*(1403)
862 + j*(1395)
654 + j*(1327)
445 + j*(1201)
250 + j*(1020)
80 + j*(794)
-54 + j*(536)
-147 + j*(254)
-194 + j*(-29)
-191 + j*(-307)
-143 + j*(-556)
-52 + j*(-765)
70 + j*(-922)
220 + j*(-1014)
382 + j*(-1038)
545 + j*(-988)
698 + j*(-865)
827 + j*(-675)
924 + j*(-422)
980 + j*(-121)
990 + j*(217)
951 + j*(576)
863 + j*(940)
731 + j*(1295)
560 + j*(1621)
360 + j*(1908)
141 + j*(2141)
-82 + j*(2313)
-299 + j*(2418)
-497 + j*(2452)
-662 + j*(2417)
-785 + j*(2316)
-856 + j*(2157)
-873 + j*(1947)
-830 + j*(1700)
-730 + j*(1425)
-576 + j*(1136)
-374 + j*(845)
-134 + j*(562)
131 + j*(297)
414 + j*(58)
696 + j*(-152)
968 + j*(-328)
1216 + j*(-474)
1431 + j*(-586)
1604 + j*(-677)
1729 + j*(-742)
1804 + j*(-798)
1829 + j*(-844)
1806 + j*(-892)
1743 + j*(-946)
1645 + j*(-1012)
1525 + j*(-1092)
1390 + j*(-1187)
1255 + j*(-1298)
1129 + j*(-1421)
1021 + j*(-1553)
941 + j*(-1685)
893 + j*(-1813)
883 + j*(-1927)
909 + j*(-2019)
971 + j*(-2085)
1064 + j*(-2113)
1181 + j*(-2105)
1312 + j*(-2051)
1449 + j*(-1960)
1578 + j*(-1823)
1692 + j*(-1654)
1776 + j*(-1453)
1825 + j*(-1234)
1827 + j*(-1002)
1783 + j*(-773)
1685 + j*(-553)
1537 + j*(-360)
1341 + j*(-196)
1104 + j*(-77)
834 + j*(-3)
540 + j*(13)
236 + j*(-19)
-66 + j*(-107)
-356 + j*(-241)
-620 + j*(-416)
-849 + j*(-624)
-1033 + j*(-851)
-1167 + j*(-1089)
-1245 + j*(-1321)
-1266 + j*(-1539)
-1235 + j*(-1727)
-1148 + j*(-1880)
-1022 + j*(-1986)
-855 + j*(-2043)
-662 + j*(-2044)
-452 + j*(-1995)
-234 + j*(-1894)
-19 + j*(-1749)
182 + j*(-1568)
368 + j*(-1360)
525 + j*(-1135)
656 + j*(-907)
753 + j*(-684)
820 + j*(-479)
859 + j*(-300)
870 + j*(-151)
862 + j*(-43)
836 + j*(27)
799 + j*(58)
758 + j*(52)
714 + j*(17)
674 + j*(-42)
638 + j*(-115)
608 + j*(-193)
583 + j*(-265)
560 + j*(-322)
536 + j*(-355)
508 + j*(-355)
469 + j*(-317)
415 + j*(-239)
342 + j*(-119)
245 + j*(41)
124 + j*(237)
-26 + j*(465)
-200 + j*(712)
-398 + j*(974)
-613 + j*(1236)
-839 + j*(1493)
-1066 + j*(1730)
-1285 + j*(1942)
-1486 + j*(2116)
-1657 + j*(2252)
-1788 + j*(2343)
-1869 + j*(2388)
-1894 + j*(2389)
-1854 + j*(2345)
-1751 + j*(2266)
-1580 + j*(2153)
-1348 + j*(2019)
-1058 + j*(1868)
-723 + j*(1709)
-350 + j*(1551)
41 + j*(1398)
442 + j*(1258)
831 + j*(1133)
1195 + j*(1027)
1516 + j*(938)
1783 + j*(867)
1981 + j*(809)
2103 + j*(762)
2142 + j*(717)
2095 + j*(673)
1967 + j*(621)
1756 + j*(558)
1480 + j*(480)
1139 + j*(383)
758 + j*(269)
344 + j*(136)
-82 + j*(-11)
-502 + j*(-166)
-905 + j*(-327)
-1269 + j*(-480)
-1585 + j*(-622)
-1841 + j*(-739)
-2028 + j*(-824)
-2143 + j*(-869)
-2181 + j*(-865)
-2149 + j*(-810)
-2046 + j*(-695)
-1884 + j*(-527)
-1671 + j*(-300)
-1417 + j*(-27)
-1138 + j*(291)
-842 + j*(639)
-547 + j*(1011)
-259 + j*(1388)
6 + j*(1759)
243 + j*(2108)
444 + j*(2419)
604 + j*(2683)
724 + j*(2884)
799 + j*(3017)
836 + j*(3073)
835 + j*(3048)
803 + j*(2946)
747 + j*(2762)
671 + j*(2513)
585 + j*(2198)
492 + j*(1836)
402 + j*(1435)
315 + j*(1014)
239 + j*(584)
174 + j*(166)
124 + j*(-230)
85 + j*(-587)
61 + j*(-897)
46 + j*(-1148)
41 + j*(-1334)
43 + j*(-1449)
48 + j*(-1495)
58 + j*(-1469)
66 + j*(-1379)
76 + j*(-1229)
83 + j*(-1029)
94 + j*(-786)
105 + j*(-513)
122 + j*(-218)
145 + j*(84)
180 + j*(386)
228 + j*(677)
293 + j*(950)
379 + j*(1196)
484 + j*(1411)
613 + j*(1593)
762 + j*(1736)
933 + j*(1844)
1122 + j*(1914)
1324 + j*(1953)
1536 + j*(1959)
1751 + j*(1939)
1961 + j*(1897)
2162 + j*(1836)
2343 + j*(1763)
2502 + j*(1678)
2626 + j*(1588)
2716 + j*(1495)
2761 + j*(1400)
2762 + j*(1307)
2716 + j*(1215)
2620 + j*(1124)
2480 + j*(1037)
2293 + j*(950)
2066 + j*(865)
1804 + j*(780)
1514 + j*(692)
1200 + j*(604)
872 + j*(510)
538 + j*(413)
204 + j*(311)
-120 + j*(201)
-429 + j*(86)
-715 + j*(-35)
-974 + j*(-164)
-1198 + j*(-300)
-1388 + j*(-442)
-1535 + j*(-591)
-1644 + j*(-742)
-1709 + j*(-900)
-1733 + j*(-1057)
-1716 + j*(-1218)
-1661 + j*(-1374)
-1571 + j*(-1529)
-1447 + j*(-1674)
-1296 + j*(-1813)
-1121 + j*(-1936)
-927 + j*(-2043)
-720 + j*(-2130)
-504 + j*(-2194)
-285 + j*(-2231)
-70 + j*(-2238)
138 + j*(-2215)
332 + j*(-2155)
508 + j*(-2065)
661 + j*(-1938)
789 + j*(-1780)
886 + j*(-1590)
953 + j*(-1375)
986 + j*(-1137)
986 + j*(-881)
956 + j*(-617)
894 + j*(-348)
809 + j*(-83)
699 + j*(167)
575 + j*(401)
440 + j*(608)
301 + j*(784)
167 + j*(921)
43 + j*(1018)
-62 + j*(1071)
-142 + j*(1081)
-194 + j*(1047)
-208 + j*(973)
-187 + j*(863)
-123 + j*(723)
-20 + j*(558)
122 + j*(379)
299 + j*(190)
507 + j*(5)
739 + j*(-171)
988 + j*(-331)
1245 + j*(-463)
1501 + j*(-566)
1746 + j*(-632)
1971 + j*(-658)
2168 + j*(-643)
2327 + j*(-584)
2445 + j*(-487)
2511 + j*(-350)
2530 + j*(-182)
2491 + j*(16)
2403 + j*(235)
2263 + j*(470)
2075 + j*(713)
1849 + j*(955)
1586 + j*(1192)
1300 + j*(1415)
995 + j*(1620)
684 + j*(1800)
373 + j*(1952)
73 + j*(2072)
-208 + j*(2157)
-463 + j*(2207)
-688 + j*(2219)
-874 + j*(2196)
-1022 + j*(2137)
-1127 + j*(2044)
-1189 + j*(1919)
-1209 + j*(1763)
-1188 + j*(1582)
-1131 + j*(1375)
-1040 + j*(1146)
-918 + j*(901)
-774 + j*(641)
-607 + j*(369)
-427 + j*(92)
-235 + j*(-189)
-38 + j*(-468)
161 + j*(-741)
358 + j*(-1002)
552 + j*(-1248)
735 + j*(-1471)
911 + j*(-1670)
1070 + j*(-1837)
1216 + j*(-1970)
1344 + j*(-2063)
1453 + j*(-2115)
1542 + j*(-2122)
1610 + j*(-2086)
1654 + j*(-2005)
1675 + j*(-1881)
1673 + j*(-1717)
1647 + j*(-1518)
1599 + j*(-1289)
1528 + j*(-1036)
1438 + j*(-768)
1330 + j*(-490)
1209 + j*(-215)
1077 + j*(54)
940 + j*(304)
801 + j*(531)
667 + j*(728)
541 + j*(887)
430 + j*(1008)
335 + j*(1086)
266 + j*(1121)
218 + j*(1115)
200 + j*(1070)
207 + j*(990)
242 + j*(882)
300 + j*(749)
379 + j*(602)
473 + j*(445)
579 + j*(286)
682 + j*(134)
786 + j*(-9)
872 + j*(-134)
939 + j*(-241)
977 + j*(-325)
980 + j*(-387)
944 + j*(-425)
863 + j*(-445)
