rxdata9 = [779 + j*(-1015)
664 + j*(-1129)
564 + j*(-1248)
479 + j*(-1368)
416 + j*(-1483)
373 + j*(-1585)
351 + j*(-1669)
349 + j*(-1732)
363 + j*(-1766)
389 + j*(-1771)
424 + j*(-1743)
457 + j*(-1685)
489 + j*(-1594)
510 + j*(-1477)
515 + j*(-1336)
504 + j*(-1177)
470 + j*(-1005)
413 + j*(-830)
332 + j*(-652)
230 + j*(-485)
108 + j*(-329)
-28 + j*(-192)
-176 + j*(-78)
-328 + j*(12)
-479 + j*(78)
-623 + j*(118)
-752 + j*(138)
-863 + j*(137)
-949 + j*(122)
-1011 + j*(99)
-1040 + j*(70)
-1042 + j*(44)
-1013 + j*(25)
-957 + j*(18)
-877 + j*(27)
-776 + j*(54)
-660 + j*(102)
-534 + j*(169)
-403 + j*(254)
-272 + j*(355)
-148 + j*(465)
-32 + j*(584)
69 + j*(699)
157 + j*(809)
228 + j*(904)
284 + j*(981)
323 + j*(1031)
351 + j*(1052)
368 + j*(1040)
378 + j*(991)
384 + j*(910)
390 + j*(790)
399 + j*(641)
414 + j*(463)
436 + j*(263)
468 + j*(48)
509 + j*(-176)
558 + j*(-401)
615 + j*(-620)
675 + j*(-824)
737 + j*(-1009)
796 + j*(-1163)
849 + j*(-1288)
890 + j*(-1375)
918 + j*(-1424)
928 + j*(-1433)
916 + j*(-1400)
883 + j*(-1331)
825 + j*(-1223)
743 + j*(-1086)
638 + j*(-916)
514 + j*(-726)
370 + j*(-516)
212 + j*(-292)
44 + j*(-62)
-128 + j*(171)
-301 + j*(401)
-471 + j*(625)
-629 + j*(838)
-776 + j*(1036)
-905 + j*(1218)
-1013 + j*(1379)
-1101 + j*(1518)
-1161 + j*(1634)
-1200 + j*(1725)
-1212 + j*(1790)
-1201 + j*(1829)
-1167 + j*(1842)
-1114 + j*(1828)
-1041 + j*(1790)
-955 + j*(1725)
-853 + j*(1637)
-745 + j*(1528)
-624 + j*(1398)
-503 + j*(1250)
-376 + j*(1088)
-252 + j*(913)
-126 + j*(734)
-6 + j*(548)
108 + j*(366)
217 + j*(187)
316 + j*(20)
406 + j*(-134)
485 + j*(-267)
549 + j*(-381)
602 + j*(-469)
636 + j*(-531)
657 + j*(-564)
658 + j*(-568)
646 + j*(-546)
612 + j*(-497)
565 + j*(-425)
500 + j*(-334)
420 + j*(-227)
330 + j*(-108)
227 + j*(12)
122 + j*(138)
10 + j*(255)
-96 + j*(365)
-202 + j*(457)
-295 + j*(535)
-377 + j*(588)
-440 + j*(621)
-485 + j*(625)
-505 + j*(607)
-502 + j*(562)
-472 + j*(495)
-415 + j*(407)
-335 + j*(299)
-227 + j*(177)
-100 + j*(42)
46 + j*(-100)
209 + j*(-246)
381 + j*(-394)
563 + j*(-540)
745 + j*(-679)
928 + j*(-810)
1104 + j*(-930)
1270 + j*(-1038)
1426 + j*(-1130)
1564 + j*(-1207)
1687 + j*(-1266)
1788 + j*(-1307)
1872 + j*(-1330)
1933 + j*(-1332)
1973 + j*(-1318)
1993 + j*(-1280)
1991 + j*(-1227)
1968 + j*(-1151)
1924 + j*(-1060)
1860 + j*(-951)
1776 + j*(-827)
1671 + j*(-690)
1548 + j*(-542)
1404 + j*(-389)
1241 + j*(-231)
1062 + j*(-76)
863 + j*(72)
652 + j*(211)
428 + j*(331)
194 + j*(431)
-44 + j*(505)
-283 + j*(548)
-516 + j*(559)
-739 + j*(536)
-944 + j*(475)
-1125 + j*(384)
-1277 + j*(258)
-1391 + j*(108)
-1467 + j*(-66)
-1494 + j*(-253)
-1478 + j*(-448)
-1410 + j*(-637)
-1296 + j*(-816)
-1138 + j*(-972)
-936 + j*(-1095)
-705 + j*(-1180)
-444 + j*(-1216)
-170 + j*(-1202)
110 + j*(-1132)
385 + j*(-1004)
644 + j*(-824)
872 + j*(-590)
1065 + j*(-314)
1208 + j*(-2)
1300 + j*(333)
1332 + j*(682)
1304 + j*(1029)
1216 + j*(1364)
1071 + j*(1669)
876 + j*(1935)
639 + j*(2151)
371 + j*(2307)
81 + j*(2398)
-212 + j*(2419)
-501 + j*(2372)
-768 + j*(2258)
-1004 + j*(2084)
-1195 + j*(1859)
-1336 + j*(1594)
-1416 + j*(1301)
-1437 + j*(997)
-1394 + j*(696)
-1294 + j*(410)
-1138 + j*(158)
-941 + j*(-52)
-708 + j*(-207)
-456 + j*(-301)
-196 + j*(-329)
55 + j*(-291)
286 + j*(-189)
482 + j*(-28)
634 + j*(181)
732 + j*(430)
769 + j*(704)
744 + j*(988)
656 + j*(1267)
509 + j*(1527)
311 + j*(1752)
71 + j*(1932)
-199 + j*(2056)
-487 + j*(2117)
-776 + j*(2112)
-1055 + j*(2037)
-1306 + j*(1901)
-1519 + j*(1704)
-1683 + j*(1460)
-1790 + j*(1179)
-1834 + j*(871)
-1815 + j*(555)
-1733 + j*(242)
-1595 + j*(-49)
-1409 + j*(-312)
-1182 + j*(-531)
-935 + j*(-698)
-673 + j*(-810)
-417 + j*(-862)
-179 + j*(-856)
26 + j*(-796)
189 + j*(-688)
298 + j*(-544)
348 + j*(-373)
336 + j*(-191)
261 + j*(-8)
129 + j*(158)
-52 + j*(298)
-275 + j*(401)
-522 + j*(455)
-785 + j*(460)
-1041 + j*(406)
-1281 + j*(300)
-1483 + j*(140)
-1640 + j*(-64)
-1733 + j*(-303)
-1759 + j*(-567)
-1710 + j*(-840)
-1584 + j*(-1111)
-1384 + j*(-1364)
-1114 + j*(-1584)
-785 + j*(-1763)
-408 + j*(-1885)
0 + j*(-1947)
426 + j*(-1941)
850 + j*(-1868)
1255 + j*(-1728)
1624 + j*(-1527)
1940 + j*(-1272)
2192 + j*(-978)
2367 + j*(-650)
2460 + j*(-311)
2465 + j*(31)
2385 + j*(358)
2222 + j*(654)
1985 + j*(913)
1685 + j*(1117)
1334 + j*(1264)
949 + j*(1347)
545 + j*(1363)
142 + j*(1316)
-245 + j*(1210)
-600 + j*(1053)
-910 + j*(854)
-1161 + j*(628)
-1346 + j*(384)
-1457 + j*(142)
-1494 + j*(-91)
-1456 + j*(-295)
-1348 + j*(-466)
-1177 + j*(-588)
-953 + j*(-656)
-684 + j*(-667)
-387 + j*(-617)
-73 + j*(-511)
244 + j*(-351)
550 + j*(-144)
836 + j*(99)
1086 + j*(368)
1297 + j*(650)
1458 + j*(932)
1568 + j*(1201)
1623 + j*(1445)
1624 + j*(1650)
1573 + j*(1809)
1475 + j*(1914)
1336 + j*(1957)
1161 + j*(1941)
961 + j*(1859)
741 + j*(1718)
512 + j*(1522)
277 + j*(1276)
48 + j*(991)
-170 + j*(675)
-376 + j*(342)
-560 + j*(1)
-726 + j*(-333)
-867 + j*(-654)
-987 + j*(-946)
-1085 + j*(-1206)
-1160 + j*(-1420)
-1218 + j*(-1584)
-1258 + j*(-1697)
-1285 + j*(-1749)
-1300 + j*(-1749)
-1306 + j*(-1689)
-1305 + j*(-1577)
-1299 + j*(-1415)
-1290 + j*(-1210)
-1278 + j*(-966)
-1265 + j*(-693)
-1251 + j*(-395)
-1235 + j*(-83)
-1220 + j*(236)
-1203 + j*(554)
-1184 + j*(865)
-1165 + j*(1160)
-1143 + j*(1435)
-1121 + j*(1680)
-1094 + j*(1896)
-1066 + j*(2073)
-1035 + j*(2214)
-1000 + j*(2311)
-964 + j*(2369)
-920 + j*(2384)
-875 + j*(2359)
-822 + j*(2297)
-765 + j*(2200)
-701 + j*(2075)
-629 + j*(1924)
-550 + j*(1757)
-462 + j*(1576)
-365 + j*(1393)
-262 + j*(1213)
-150 + j*(1043)
-33 + j*(894)
90 + j*(764)
213 + j*(668)
340 + j*(604)
459 + j*(580)
574 + j*(594)
677 + j*(648)
766 + j*(741)
838 + j*(870)
890 + j*(1029)
917 + j*(1212)
922 + j*(1415)
901 + j*(1623)
855 + j*(1835)
786 + j*(2034)
696 + j*(2219)
589 + j*(2373)
470 + j*(2496)
343 + j*(2577)
216 + j*(2613)
95 + j*(2601)
-15 + j*(2541)
-109 + j*(2432)
-178 + j*(2282)
-222 + j*(2091)
-235 + j*(1870)
-214 + j*(1627)
-166 + j*(1369)
-83 + j*(1110)
21 + j*(856)
153 + j*(620)
297 + j*(412)
451 + j*(235)
605 + j*(100)
753 + j*(8)
883 + j*(-37)
992 + j*(-37)
1066 + j*(6)
1109 + j*(88)
1109 + j*(202)
1070 + j*(340)
988 + j*(492)
869 + j*(650)
714 + j*(802)
534 + j*(938)
333 + j*(1052)
122 + j*(1130)
-87 + j*(1175)
-285 + j*(1173)
-461 + j*(1129)
-604 + j*(1039)
-706 + j*(907)
-758 + j*(737)
-757 + j*(534)
-697 + j*(306)
-580 + j*(63)
-405 + j*(-189)
-181 + j*(-439)
91 + j*(-679)
397 + j*(-899)
732 + j*(-1093)
1079 + j*(-1256)
1431 + j*(-1383)
1770 + j*(-1473)
2089 + j*(-1523)
2375 + j*(-1538)
2617 + j*(-1517)
2810 + j*(-1468)
2947 + j*(-1392)
3023 + j*(-1299)
3041 + j*(-1191)
2999 + j*(-1078)
2902 + j*(-964)
2755 + j*(-852)
2565 + j*(-749)
2341 + j*(-656)
2091 + j*(-574)
1825 + j*(-505)
1551 + j*(-449)
1278 + j*(-400)
1013 + j*(-360)
762 + j*(-323)
530 + j*(-288)
320 + j*(-251)
132 + j*(-210)
-31 + j*(-164)
-174 + j*(-111)
-297 + j*(-54)
-404 + j*(8)
-498 + j*(71)
-584 + j*(131)
-663 + j*(183)
-739 + j*(224)
-813 + j*(246)
-888 + j*(245)
-959 + j*(216)
-1031 + j*(154)
-1096 + j*(59)
-1153 + j*(-72)
-1200 + j*(-239)
-1227 + j*(-436)
-1240 + j*(-664)
-1224 + j*(-912)
-1185 + j*(-1176)
-1115 + j*(-1444)
-1019 + j*(-1709)
-892 + j*(-1959)
-741 + j*(-2185)
-566 + j*(-2378)
-377 + j*(-2528)
-176 + j*(-2630)
26 + j*(-2677)
223 + j*(-2669)
407 + j*(-2602)
569 + j*(-2483)
703 + j*(-2313)
801 + j*(-2100)
861 + j*(-1853)
878 + j*(-1582)
852 + j*(-1300)
784 + j*(-1017)
679 + j*(-748)
539 + j*(-501)
378 + j*(-289)
195 + j*(-120)
10 + j*(0)
-175 + j*(66)
-343 + j*(76)
-491 + j*(34)
-604 + j*(-61)
-681 + j*(-200)
-709 + j*(-377)
-693 + j*(-582)
-624 + j*(-805)
-512 + j*(-1033)
-352 + j*(-1257)
-159 + j*(-1467)
66 + j*(-1649)
310 + j*(-1802)
564 + j*(-1911)
816 + j*(-1981)
1056 + j*(-2003)
1274 + j*(-1983)
1460 + j*(-1918)
1608 + j*(-1818)
1713 + j*(-1684)
1769 + j*(-1527)
1779 + j*(-1352)
1743 + j*(-1169)
1665 + j*(-986)
1552 + j*(-809)
1412 + j*(-645)
1253 + j*(-498)
1087 + j*(-372)
923 + j*(-268)
773 + j*(-184)
644 + j*(-122)
546 + j*(-72)
485 + j*(-34)
465 + j*(-1)
