rxdata1 = [32 + j*(1144)
65 + j*(1232)
102 + j*(1305)
135 + j*(1366)
170 + j*(1410)
207 + j*(1439)
244 + j*(1452)
286 + j*(1446)
328 + j*(1422)
377 + j*(1381)
426 + j*(1320)
481 + j*(1242)
536 + j*(1146)
594 + j*(1032)
651 + j*(903)
710 + j*(758)
765 + j*(600)
819 + j*(431)
866 + j*(250)
907 + j*(64)
941 + j*(-126)
964 + j*(-319)
976 + j*(-510)
978 + j*(-699)
962 + j*(-878)
936 + j*(-1047)
893 + j*(-1202)
837 + j*(-1340)
766 + j*(-1460)
681 + j*(-1557)
584 + j*(-1629)
477 + j*(-1677)
359 + j*(-1696)
235 + j*(-1688)
106 + j*(-1652)
-25 + j*(-1589)
-155 + j*(-1498)
-282 + j*(-1382)
-404 + j*(-1244)
-516 + j*(-1083)
-616 + j*(-907)
-706 + j*(-716)
-776 + j*(-515)
-832 + j*(-308)
-868 + j*(-99)
-886 + j*(106)
-885 + j*(304)
-865 + j*(491)
-827 + j*(663)
-773 + j*(816)
-705 + j*(946)
-624 + j*(1053)
-534 + j*(1131)
-435 + j*(1183)
-335 + j*(1204)
-232 + j*(1199)
-133 + j*(1164)
-40 + j*(1103)
43 + j*(1018)
117 + j*(913)
176 + j*(788)
219 + j*(651)
246 + j*(502)
253 + j*(349)
245 + j*(194)
216 + j*(44)
172 + j*(-96)
112 + j*(-228)
39 + j*(-339)
-43 + j*(-435)
-134 + j*(-504)
-229 + j*(-553)
-324 + j*(-574)
-418 + j*(-569)
-502 + j*(-539)
-578 + j*(-483)
-638 + j*(-405)
-682 + j*(-307)
-707 + j*(-191)
-709 + j*(-64)
-688 + j*(73)
-644 + j*(214)
-573 + j*(354)
-483 + j*(489)
-366 + j*(611)
-234 + j*(721)
-82 + j*(807)
83 + j*(874)
257 + j*(911)
437 + j*(922)
617 + j*(900)
792 + j*(849)
960 + j*(765)
1111 + j*(654)
1246 + j*(513)
1356 + j*(350)
1441 + j*(164)
1494 + j*(-37)
1518 + j*(-250)
1506 + j*(-467)
1462 + j*(-686)
1382 + j*(-896)
1272 + j*(-1097)
1129 + j*(-1277)
960 + j*(-1435)
767 + j*(-1563)
554 + j*(-1659)
328 + j*(-1717)
93 + j*(-1739)
-145 + j*(-1716)
-379 + j*(-1656)
-605 + j*(-1552)
-814 + j*(-1410)
-1004 + j*(-1233)
-1167 + j*(-1020)
-1300 + j*(-782)
-1401 + j*(-518)
-1463 + j*(-241)
-1488 + j*(49)
-1473 + j*(340)
-1421 + j*(629)
-1329 + j*(906)
-1204 + j*(1166)
-1047 + j*(1401)
-861 + j*(1606)
-656 + j*(1775)
-429 + j*(1906)
-196 + j*(1991)
44 + j*(2034)
280 + j*(2027)
507 + j*(1976)
719 + j*(1880)
910 + j*(1741)
1073 + j*(1564)
1205 + j*(1351)
1300 + j*(1110)
1359 + j*(845)
1375 + j*(565)
1351 + j*(275)
1285 + j*(-16)
1180 + j*(-301)
1038 + j*(-576)
863 + j*(-828)
659 + j*(-1057)
431 + j*(-1253)
186 + j*(-1414)
-68 + j*(-1536)
-329 + j*(-1615)
-586 + j*(-1650)
-833 + j*(-1641)
-1063 + j*(-1589)
-1270 + j*(-1496)
-1449 + j*(-1364)
-1593 + j*(-1198)
-1699 + j*(-1003)
-1766 + j*(-783)
-1786 + j*(-547)
-1766 + j*(-299)
-1699 + j*(-47)
-1592 + j*(201)
-1443 + j*(440)
-1260 + j*(665)
-1043 + j*(866)
-802 + j*(1041)
-538 + j*(1185)
-262 + j*(1293)
21 + j*(1364)
304 + j*(1395)
579 + j*(1387)
842 + j*(1339)
1080 + j*(1254)
1297 + j*(1133)
1476 + j*(982)
1625 + j*(803)
1729 + j*(601)
1795 + j*(383)
1815 + j*(153)
1793 + j*(-81)
1727 + j*(-314)
1622 + j*(-541)
1478 + j*(-754)
1301 + j*(-951)
1096 + j*(-1123)
867 + j*(-1270)
622 + j*(-1386)
365 + j*(-1469)
104 + j*(-1519)
-153 + j*(-1534)
-402 + j*(-1513)
-636 + j*(-1461)
-850 + j*(-1375)
-1036 + j*(-1262)
-1193 + j*(-1122)
-1316 + j*(-963)
-1402 + j*(-784)
-1450 + j*(-595)
-1458 + j*(-397)
-1430 + j*(-198)
-1361 + j*(0)
-1260 + j*(190)
-1125 + j*(370)
-962 + j*(534)
-775 + j*(681)
-569 + j*(806)
-351 + j*(908)
-122 + j*(986)
106 + j*(1037)
334 + j*(1067)
550 + j*(1068)
755 + j*(1049)
940 + j*(1007)
1103 + j*(947)
1240 + j*(872)
1347 + j*(781)
1426 + j*(683)
1470 + j*(578)
1483 + j*(469)
1464 + j*(363)
1412 + j*(258)
1334 + j*(161)
1225 + j*(72)
1097 + j*(-5)
945 + j*(-71)
778 + j*(-122)
598 + j*(-159)
410 + j*(-181)
218 + j*(-188)
26 + j*(-182)
-161 + j*(-163)
-342 + j*(-133)
-509 + j*(-93)
-664 + j*(-47)
-800 + j*(4)
-919 + j*(60)
-1017 + j*(114)
-1092 + j*(170)
-1147 + j*(218)
-1178 + j*(265)
-1188 + j*(301)
-1179 + j*(331)
-1148 + j*(350)
-1102 + j*(359)
-1039 + j*(359)
-964 + j*(345)
-877 + j*(324)
-781 + j*(289)
-681 + j*(250)
-576 + j*(199)
-470 + j*(143)
-364 + j*(83)
-263 + j*(17)
-166 + j*(-47)
-75 + j*(-115)
7 + j*(-178)
82 + j*(-242)
146 + j*(-297)
200 + j*(-351)
244 + j*(-395)
278 + j*(-435)
301 + j*(-464)
314 + j*(-486)
318 + j*(-500)
314 + j*(-505)
301 + j*(-502)
282 + j*(-492)
256 + j*(-474)
226 + j*(-452)
192 + j*(-422)
155 + j*(-390)
116 + j*(-355)
76 + j*(-316)
36 + j*(-277)
-2 + j*(-238)
-39 + j*(-198)
-73 + j*(-161)
-104 + j*(-125)
-130 + j*(-92)
-153 + j*(-63)
-168 + j*(-35)
-180 + j*(-14)
-183 + j*(7)
-182 + j*(21)
-173 + j*(34)
-157 + j*(42)
-135 + j*(47)
-106 + j*(50)
-70 + j*(48)
-29 + j*(45)
19 + j*(40)
70 + j*(31)
129 + j*(22)
189 + j*(11)
252 + j*(-1)
317 + j*(-14)
382 + j*(-29)
446 + j*(-45)
507 + j*(-61)
566 + j*(-78)
618 + j*(-95)
665 + j*(-112)
704 + j*(-129)
733 + j*(-145)
752 + j*(-161)
760 + j*(-175)
755 + j*(-189)
739 + j*(-199)
710 + j*(-210)
666 + j*(-214)
611 + j*(-218)
542 + j*(-216)
463 + j*(-210)
372 + j*(-202)
272 + j*(-185)
165 + j*(-165)
51 + j*(-138)
-65 + j*(-108)
-184 + j*(-70)
-302 + j*(-28)
-417 + j*(19)
-527 + j*(69)
-628 + j*(125)
-719 + j*(181)
-799 + j*(243)
-863 + j*(303)
-913 + j*(363)
-944 + j*(422)
-957 + j*(478)
-952 + j*(529)
-926 + j*(576)
-882 + j*(614)
-820 + j*(646)
-738 + j*(668)
-643 + j*(682)
-530 + j*(683)
-407 + j*(675)
-273 + j*(656)
-132 + j*(623)
14 + j*(583)
161 + j*(530)
307 + j*(468)
449 + j*(399)
583 + j*(320)
707 + j*(238)
818 + j*(149)
915 + j*(59)
992 + j*(-31)
1053 + j*(-119)
1091 + j*(-207)
1110 + j*(-286)
1106 + j*(-362)
1080 + j*(-426)
1034 + j*(-483)
967 + j*(-526)
881 + j*(-558)
778 + j*(-576)
659 + j*(-581)
528 + j*(-571)
387 + j*(-548)
238 + j*(-513)
84 + j*(-464)
-70 + j*(-404)
-224 + j*(-333)
-373 + j*(-256)
-515 + j*(-170)
-647 + j*(-81)
-767 + j*(12)
-873 + j*(104)
-962 + j*(196)
-1035 + j*(284)
-1087 + j*(367)
-1122 + j*(442)
-1136 + j*(507)
-1131 + j*(563)
-1107 + j*(606)
-1066 + j*(637)
-1006 + j*(654)
-933 + j*(656)
-845 + j*(645)
-746 + j*(620)
-637 + j*(582)
-521 + j*(531)
-401 + j*(469)
-279 + j*(397)
-157 + j*(316)
-37 + j*(228)
77 + j*(135)
184 + j*(40)
284 + j*(-57)
371 + j*(-154)
448 + j*(-248)
510 + j*(-337)
560 + j*(-422)
593 + j*(-498)
613 + j*(-566)
615 + j*(-623)
605 + j*(-670)
578 + j*(-705)
540 + j*(-729)
487 + j*(-739)
426 + j*(-738)
351 + j*(-726)
273 + j*(-701)
183 + j*(-668)
94 + j*(-624)
-1 + j*(-573)
-96 + j*(-513)
-189 + j*(-448)
-281 + j*(-380)
-364 + j*(-308)
-445 + j*(-237)
-513 + j*(-162)
-575 + j*(-93)
-623 + j*(-25)
-661 + j*(37)
-685 + j*(95)
-695 + j*(146)
-691 + j*(189)
-673 + j*(225)
-641 + j*(252)
-595 + j*(270)
-537 + j*(278)
-466 + j*(279)
-385 + j*(267)
-292 + j*(253)
-192 + j*(225)
-85 + j*(194)
26 + j*(156)
141 + j*(113)
258 + j*(66)
373 + j*(17)
488 + j*(-34)
595 + j*(-84)
699 + j*(-135)
793 + j*(-181)
878 + j*(-225)
953 + j*(-262)
1015 + j*(-296)
1065 + j*(-320)
1101 + j*(-339)
1122 + j*(-347)
1130 + j*(-348)
1122 + j*(-341)
1102 + j*(-322)
1066 + j*(-298)
1020 + j*(-262)
960 + j*(-220)
891 + j*(-172)
811 + j*(-115)
725 + j*(-56)
632 + j*(8)
533 + j*(74)
434 + j*(141)
331 + j*(208)
230 + j*(272)
130 + j*(332)
34 + j*(387)
-59 + j*(437)
-144 + j*(476)
-225 + j*(510)
-296 + j*(530)
-362 + j*(543)
-417 + j*(543)
-466 + j*(533)
-505 + j*(513)
-537 + j*(481)
-559 + j*(440)
-577 + j*(389)
-585 + j*(331)
-590 + j*(267)
-587 + j*(197)
-582 + j*(125)
-573 + j*(51)
-561 + j*(-21)
-547 + j*(-91)
-532 + j*(-156)
-515 + j*(-214)
-500 + j*(-264)
-482 + j*(-305)
-469 + j*(-332)
-452 + j*(-349)
-438 + j*(-351)
-424 + j*(-340)
-409 + j*(-314)
-395 + j*(-274)
-379 + j*(-221)
-363 + j*(-155)
-346 + j*(-77)
-325 + j*(9)
-303 + j*(106)
-277 + j*(207)
-250 + j*(313)
-217 + j*(419)
-183 + j*(525)
-143 + j*(627)
-102 + j*(723)
-56 + j*(809)
-9 + j*(885)
41 + j*(947)
91 + j*(994)
143 + j*(1025)
195 + j*(1037)
246 + j*(1030)
295 + j*(1005)
341 + j*(960)
384 + j*(894)
421 + j*(813)
454 + j*(713)
480 + j*(598)
500 + j*(470)
513 + j*(327)
519 + j*(181)
517 + j*(22)
507 + j*(-135)
491 + j*(-298)
467 + j*(-456)
437 + j*(-611)
401 + j*(-758)
359 + j*(-896)
314 + j*(-1020)
265 + j*(-1133)
213 + j*(-1228)
159 + j*(-1307)
104 + j*(-1367)
49 + j*(-1408)
-6 + j*(-1431)
-58 + j*(-1432)
-111 + j*(-1418)
