rxdata8 = [-76 + j*(-685)
-77 + j*(-474)
-82 + j*(-237)
-90 + j*(22)
-107 + j*(293)
-128 + j*(568)
-161 + j*(838)
-195 + j*(1093)
-237 + j*(1327)
-276 + j*(1533)
-313 + j*(1706)
-344 + j*(1840)
-362 + j*(1934)
-369 + j*(1987)
-357 + j*(1999)
-328 + j*(1973)
-279 + j*(1910)
-210 + j*(1816)
-124 + j*(1696)
-20 + j*(1552)
93 + j*(1392)
217 + j*(1219)
346 + j*(1037)
473 + j*(853)
598 + j*(666)
712 + j*(482)
814 + j*(301)
898 + j*(123)
965 + j*(-46)
1012 + j*(-214)
1039 + j*(-373)
1047 + j*(-529)
1036 + j*(-678)
1012 + j*(-820)
972 + j*(-957)
926 + j*(-1084)
870 + j*(-1203)
815 + j*(-1310)
757 + j*(-1404)
702 + j*(-1482)
652 + j*(-1543)
605 + j*(-1583)
565 + j*(-1603)
528 + j*(-1600)
494 + j*(-1576)
463 + j*(-1529)
432 + j*(-1464)
398 + j*(-1378)
362 + j*(-1281)
318 + j*(-1170)
271 + j*(-1057)
216 + j*(-937)
156 + j*(-825)
90 + j*(-716)
24 + j*(-623)
-43 + j*(-541)
-104 + j*(-478)
-161 + j*(-432)
-204 + j*(-404)
-233 + j*(-394)
-243 + j*(-397)
-233 + j*(-410)
-201 + j*(-430)
-145 + j*(-450)
-68 + j*(-466)
29 + j*(-471)
143 + j*(-460)
270 + j*(-432)
403 + j*(-377)
537 + j*(-300)
666 + j*(-194)
780 + j*(-66)
877 + j*(85)
948 + j*(254)
991 + j*(437)
999 + j*(625)
974 + j*(811)
911 + j*(989)
817 + j*(1147)
691 + j*(1282)
540 + j*(1382)
370 + j*(1446)
188 + j*(1466)
2 + j*(1443)
-178 + j*(1374)
-348 + j*(1260)
-493 + j*(1106)
-614 + j*(914)
-699 + j*(696)
-746 + j*(454)
-755 + j*(201)
-721 + j*(-54)
-650 + j*(-306)
-541 + j*(-541)
-406 + j*(-754)
-242 + j*(-937)
-66 + j*(-1084)
121 + j*(-1194)
305 + j*(-1261)
482 + j*(-1288)
642 + j*(-1276)
778 + j*(-1226)
886 + j*(-1147)
962 + j*(-1039)
999 + j*(-912)
1005 + j*(-770)
971 + j*(-621)
909 + j*(-470)
816 + j*(-321)
700 + j*(-179)
567 + j*(-48)
422 + j*(73)
272 + j*(181)
121 + j*(280)
-23 + j*(367)
-158 + j*(450)
-281 + j*(527)
-389 + j*(603)
-481 + j*(683)
-559 + j*(763)
-623 + j*(853)
-675 + j*(946)
-720 + j*(1048)
-758 + j*(1152)
-794 + j*(1259)
-832 + j*(1364)
-870 + j*(1461)
-914 + j*(1547)
-961 + j*(1615)
-1013 + j*(1662)
-1066 + j*(1677)
-1121 + j*(1662)
-1169 + j*(1608)
-1213 + j*(1517)
-1241 + j*(1385)
-1254 + j*(1215)
-1245 + j*(1008)
-1213 + j*(767)
-1151 + j*(501)
-1063 + j*(211)
-942 + j*(-87)
-794 + j*(-395)
-620 + j*(-696)
-425 + j*(-988)
-211 + j*(-1259)
11 + j*(-1502)
238 + j*(-1714)
459 + j*(-1887)
669 + j*(-2020)
858 + j*(-2111)
1021 + j*(-2160)
1151 + j*(-2169)
1243 + j*(-2140)
1293 + j*(-2080)
1302 + j*(-1989)
1266 + j*(-1878)
1191 + j*(-1749)
1076 + j*(-1610)
931 + j*(-1465)
755 + j*(-1318)
562 + j*(-1177)
354 + j*(-1039)
142 + j*(-913)
-67 + j*(-793)
-270 + j*(-685)
-455 + j*(-586)
-622 + j*(-494)
-764 + j*(-409)
-880 + j*(-328)
-967 + j*(-252)
-1027 + j*(-176)
-1059 + j*(-103)
-1066 + j*(-29)
-1051 + j*(41)
-1017 + j*(110)
-968 + j*(175)
-905 + j*(233)
-834 + j*(282)
-756 + j*(318)
-675 + j*(341)
-590 + j*(345)
-503 + j*(331)
-414 + j*(296)
-322 + j*(240)
-227 + j*(165)
-128 + j*(71)
-23 + j*(-36)
86 + j*(-154)
204 + j*(-278)
326 + j*(-402)
455 + j*(-521)
585 + j*(-627)
718 + j*(-716)
845 + j*(-782)
969 + j*(-821)
1077 + j*(-830)
1170 + j*(-809)
1241 + j*(-754)
1284 + j*(-674)
1298 + j*(-564)
1276 + j*(-436)
1220 + j*(-292)
1127 + j*(-142)
998 + j*(6)
837 + j*(145)
647 + j*(266)
435 + j*(360)
206 + j*(421)
-27 + j*(442)
-260 + j*(422)
-483 + j*(354)
-682 + j*(243)
-855 + j*(86)
-987 + j*(-109)
-1078 + j*(-339)
-1117 + j*(-595)
-1106 + j*(-870)
-1040 + j*(-1153)
-923 + j*(-1435)
-757 + j*(-1705)
-548 + j*(-1955)
-303 + j*(-2176)
-33 + j*(-2360)
256 + j*(-2504)
549 + j*(-2603)
841 + j*(-2656)
1116 + j*(-2666)
1368 + j*(-2632)
1586 + j*(-2562)
1767 + j*(-2462)
1903 + j*(-2337)
1996 + j*(-2199)
2039 + j*(-2054)
2042 + j*(-1912)
2001 + j*(-1781)
1929 + j*(-1667)
1827 + j*(-1577)
1710 + j*(-1513)
1581 + j*(-1480)
1451 + j*(-1476)
1332 + j*(-1498)
1225 + j*(-1546)
1144 + j*(-1612)
1086 + j*(-1691)
1060 + j*(-1776)
1066 + j*(-1857)
1099 + j*(-1929)
1158 + j*(-1982)
1239 + j*(-2012)
1332 + j*(-2012)
1434 + j*(-1979)
1531 + j*(-1913)
1618 + j*(-1810)
1686 + j*(-1678)
1723 + j*(-1514)
1729 + j*(-1331)
1694 + j*(-1131)
1618 + j*(-925)
1499 + j*(-720)
1338 + j*(-528)
1142 + j*(-355)
913 + j*(-209)
664 + j*(-99)
399 + j*(-27)
135 + j*(0)
-122 + j*(-15)
-356 + j*(-76)
-560 + j*(-175)
-719 + j*(-309)
-829 + j*(-472)
-880 + j*(-652)
-869 + j*(-843)
-795 + j*(-1032)
-658 + j*(-1209)
-460 + j*(-1368)
-211 + j*(-1494)
83 + j*(-1582)
411 + j*(-1629)
761 + j*(-1625)
1120 + j*(-1575)
1473 + j*(-1474)
1810 + j*(-1330)
2116 + j*(-1146)
2378 + j*(-930)
2593 + j*(-689)
2746 + j*(-436)
2839 + j*(-178)
2866 + j*(69)
2830 + j*(302)
2733 + j*(505)
2582 + j*(676)
2386 + j*(805)
2153 + j*(892)
1895 + j*(931)
1625 + j*(929)
1353 + j*(884)
1093 + j*(806)
852 + j*(702)
644 + j*(580)
470 + j*(453)
340 + j*(329)
254 + j*(223)
212 + j*(141)
212 + j*(97)
251 + j*(94)
319 + j*(141)
410 + j*(238)
515 + j*(389)
622 + j*(585)
725 + j*(828)
808 + j*(1104)
871 + j*(1407)
899 + j*(1722)
892 + j*(2035)
844 + j*(2335)
757 + j*(2603)
630 + j*(2830)
469 + j*(2999)
279 + j*(3101)
66 + j*(3128)
-156 + j*(3073)
-382 + j*(2934)
-598 + j*(2710)
-795 + j*(2407)
-962 + j*(2030)
-1092 + j*(1590)
-1175 + j*(1099)
-1209 + j*(570)
-1188 + j*(24)
-1113 + j*(-528)
-985 + j*(-1064)
-808 + j*(-1573)
-589 + j*(-2032)
-336 + j*(-2435)
-59 + j*(-2763)
230 + j*(-3013)
521 + j*(-3175)
803 + j*(-3248)
1062 + j*(-3232)
1289 + j*(-3127)
1475 + j*(-2946)
1613 + j*(-2690)
1696 + j*(-2376)
1721 + j*(-2012)
1688 + j*(-1613)
1598 + j*(-1195)
1455 + j*(-767)
1261 + j*(-350)
1028 + j*(52)
761 + j*(419)
470 + j*(751)
166 + j*(1033)
-143 + j*(1263)
-447 + j*(1438)
-737 + j*(1556)
-1007 + j*(1618)
-1247 + j*(1627)
-1455 + j*(1587)
-1626 + j*(1503)
-1759 + j*(1382)
-1853 + j*(1230)
-1910 + j*(1055)
-1930 + j*(864)
-1919 + j*(661)
-1877 + j*(458)
-1813 + j*(254)
-1727 + j*(61)
-1627 + j*(-123)
-1513 + j*(-289)
-1395 + j*(-441)
-1270 + j*(-568)
-1145 + j*(-677)
-1019 + j*(-761)
-896 + j*(-820)
-775 + j*(-858)
-658 + j*(-868)
-545 + j*(-855)
-436 + j*(-817)
-330 + j*(-754)
-230 + j*(-669)
-134 + j*(-560)
-43 + j*(-430)
39 + j*(-280)
116 + j*(-112)
182 + j*(70)
236 + j*(266)
279 + j*(469)
304 + j*(678)
317 + j*(885)
307 + j*(1088)
284 + j*(1278)
240 + j*(1456)
178 + j*(1611)
102 + j*(1743)
10 + j*(1846)
-90 + j*(1916)
-200 + j*(1954)
-312 + j*(1956)
-424 + j*(1923)
-527 + j*(1858)
-624 + j*(1761)
-701 + j*(1637)
-763 + j*(1491)
-800 + j*(1328)
-814 + j*(1153)
-802 + j*(976)
-762 + j*(799)
-696 + j*(633)
-606 + j*(479)
-493 + j*(348)
-363 + j*(240)
-219 + j*(160)
-64 + j*(109)
93 + j*(89)
251 + j*(98)
401 + j*(134)
542 + j*(196)
667 + j*(276)
773 + j*(372)
858 + j*(477)
919 + j*(586)
955 + j*(690)
968 + j*(788)
956 + j*(867)
922 + j*(930)
870 + j*(966)
798 + j*(978)
715 + j*(959)
620 + j*(909)
521 + j*(829)
416 + j*(720)
314 + j*(583)
213 + j*(421)
120 + j*(238)
35 + j*(38)
-40 + j*(-173)
-102 + j*(-395)
-152 + j*(-618)
-189 + j*(-840)
-211 + j*(-1057)
-220 + j*(-1262)
-215 + j*(-1454)
-196 + j*(-1627)
-166 + j*(-1779)
-121 + j*(-1908)
-66 + j*(-2009)
-3 + j*(-2084)
72 + j*(-2129)
152 + j*(-2144)
240 + j*(-2130)
331 + j*(-2084)
425 + j*(-2011)
515 + j*(-1908)
608 + j*(-1781)
687 + j*(-1628)
766 + j*(-1456)
826 + j*(-1265)
878 + j*(-1062)
910 + j*(-850)
923 + j*(-634)
919 + j*(-420)
889 + j*(-211)
842 + j*(-16)
772 + j*(161)
682 + j*(316)
577 + j*(445)
456 + j*(542)
325 + j*(607)
190 + j*(635)
50 + j*(627)
-80 + j*(583)
-206 + j*(506)
-314 + j*(397)
-405 + j*(262)
-472 + j*(104)
-515 + j*(-68)
-527 + j*(-251)
-513 + j*(-435)
-468 + j*(-614)
-398 + j*(-783)
-302 + j*(-931)
-188 + j*(-1058)
-56 + j*(-1152)
84 + j*(-1218)
228 + j*(-1245)
370 + j*(-1239)
502 + j*(-1196)
622 + j*(-1120)
719 + j*(-1012)
793 + j*(-878)
840 + j*(-721)
855 + j*(-547)
841 + j*(-361)
793 + j*(-170)
719 + j*(21)
615 + j*(209)
489 + j*(388)
345 + j*(555)
185 + j*(709)
16 + j*(845)
-156 + j*(966)
-327 + j*(1072)
-494 + j*(1161)
-650 + j*(1241)
-795 + j*(1305)
-924 + j*(1365)
-1036 + j*(1416)
-1130 + j*(1464)
-1207 + j*(1509)
-1266 + j*(1553)
-1309 + j*(1595)
-1336 + j*(1638)
-1350 + j*(1677)
