rxdata7 = [972 + j*(1023)
894 + j*(1231)
780 + j*(1430)
635 + j*(1614)
462 + j*(1779)
269 + j*(1919)
63 + j*(2035)
-148 + j*(2120)
-360 + j*(2178)
-564 + j*(2204)
-752 + j*(2204)
-921 + j*(2175)
-1060 + j*(2123)
-1172 + j*(2048)
-1247 + j*(1955)
-1287 + j*(1847)
-1290 + j*(1729)
-1256 + j*(1601)
-1188 + j*(1470)
-1087 + j*(1334)
-958 + j*(1202)
-804 + j*(1069)
-632 + j*(942)
-443 + j*(818)
-250 + j*(699)
-48 + j*(586)
146 + j*(477)
338 + j*(374)
515 + j*(276)
677 + j*(181)
820 + j*(93)
941 + j*(6)
1036 + j*(-72)
1108 + j*(-148)
1152 + j*(-216)
1171 + j*(-276)
1165 + j*(-328)
1132 + j*(-368)
1080 + j*(-397)
1003 + j*(-411)
910 + j*(-409)
801 + j*(-392)
678 + j*(-354)
547 + j*(-300)
409 + j*(-226)
266 + j*(-135)
126 + j*(-26)
-13 + j*(98)
-144 + j*(235)
-265 + j*(383)
-375 + j*(539)
-468 + j*(697)
-543 + j*(857)
-600 + j*(1011)
-633 + j*(1159)
-644 + j*(1294)
-632 + j*(1413)
-596 + j*(1514)
-536 + j*(1592)
-455 + j*(1646)
-352 + j*(1674)
-232 + j*(1673)
-96 + j*(1646)
50 + j*(1588)
206 + j*(1504)
365 + j*(1393)
524 + j*(1258)
677 + j*(1099)
818 + j*(922)
947 + j*(725)
1054 + j*(516)
1141 + j*(294)
1200 + j*(65)
1231 + j*(-167)
1232 + j*(-402)
1201 + j*(-634)
1141 + j*(-864)
1049 + j*(-1083)
930 + j*(-1294)
786 + j*(-1493)
620 + j*(-1674)
438 + j*(-1842)
243 + j*(-1988)
41 + j*(-2116)
-161 + j*(-2221)
-359 + j*(-2303)
-549 + j*(-2361)
-722 + j*(-2394)
-879 + j*(-2402)
-1011 + j*(-2383)
-1118 + j*(-2339)
-1199 + j*(-2270)
-1249 + j*(-2175)
-1272 + j*(-2057)
-1266 + j*(-1918)
-1239 + j*(-1757)
-1184 + j*(-1580)
-1117 + j*(-1386)
-1032 + j*(-1183)
-941 + j*(-970)
-845 + j*(-756)
-751 + j*(-540)
-665 + j*(-331)
-588 + j*(-132)
-530 + j*(55)
-487 + j*(220)
-470 + j*(365)
-472 + j*(483)
-502 + j*(571)
-550 + j*(628)
-622 + j*(652)
-711 + j*(641)
-815 + j*(597)
-928 + j*(519)
-1048 + j*(414)
-1164 + j*(278)
-1277 + j*(121)
-1376 + j*(-55)
-1458 + j*(-244)
-1519 + j*(-441)
-1552 + j*(-639)
-1558 + j*(-832)
-1529 + j*(-1016)
-1468 + j*(-1180)
-1375 + j*(-1326)
-1249 + j*(-1440)
-1093 + j*(-1530)
-911 + j*(-1581)
-706 + j*(-1602)
-484 + j*(-1585)
-250 + j*(-1534)
-9 + j*(-1451)
231 + j*(-1335)
465 + j*(-1196)
690 + j*(-1032)
896 + j*(-852)
1084 + j*(-659)
1246 + j*(-462)
1381 + j*(-262)
1488 + j*(-68)
1564 + j*(115)
1612 + j*(287)
1630 + j*(438)
1622 + j*(572)
1589 + j*(682)
1536 + j*(769)
1464 + j*(832)
1379 + j*(873)
1282 + j*(892)
1180 + j*(892)
1073 + j*(874)
966 + j*(842)
862 + j*(798)
763 + j*(746)
670 + j*(686)
586 + j*(624)
510 + j*(558)
443 + j*(490)
389 + j*(423)
341 + j*(355)
306 + j*(287)
277 + j*(219)
261 + j*(147)
250 + j*(73)
251 + j*(-6)
258 + j*(-90)
273 + j*(-179)
297 + j*(-277)
327 + j*(-379)
365 + j*(-490)
410 + j*(-602)
462 + j*(-721)
517 + j*(-837)
581 + j*(-954)
643 + j*(-1063)
711 + j*(-1165)
777 + j*(-1255)
839 + j*(-1327)
902 + j*(-1383)
952 + j*(-1414)
999 + j*(-1421)
1031 + j*(-1402)
1051 + j*(-1356)
1058 + j*(-1281)
1047 + j*(-1178)
1021 + j*(-1051)
977 + j*(-897)
918 + j*(-725)
845 + j*(-532)
757 + j*(-328)
660 + j*(-113)
553 + j*(105)
442 + j*(324)
328 + j*(541)
217 + j*(747)
111 + j*(943)
10 + j*(1121)
-76 + j*(1283)
-153 + j*(1419)
-214 + j*(1536)
-260 + j*(1623)
-292 + j*(1688)
-307 + j*(1723)
-309 + j*(1732)
-299 + j*(1712)
-277 + j*(1666)
-247 + j*(1592)
-211 + j*(1493)
-171 + j*(1369)
-130 + j*(1222)
-88 + j*(1052)
-49 + j*(861)
-12 + j*(653)
22 + j*(429)
51 + j*(192)
82 + j*(-54)
107 + j*(-306)
136 + j*(-560)
165 + j*(-810)
199 + j*(-1054)
238 + j*(-1283)
285 + j*(-1496)
339 + j*(-1685)
403 + j*(-1848)
475 + j*(-1978)
557 + j*(-2074)
646 + j*(-2132)
740 + j*(-2150)
839 + j*(-2130)
936 + j*(-2069)
1034 + j*(-1972)
1124 + j*(-1840)
1208 + j*(-1679)
1280 + j*(-1494)
1340 + j*(-1290)
1384 + j*(-1076)
1414 + j*(-856)
1429 + j*(-641)
1429 + j*(-434)
1417 + j*(-245)
1395 + j*(-77)
1367 + j*(63)
1336 + j*(175)
1306 + j*(255)
1283 + j*(304)
1269 + j*(322)
1268 + j*(314)
1285 + j*(280)
1319 + j*(229)
1374 + j*(165)
1448 + j*(94)
1541 + j*(26)
1651 + j*(-37)
1771 + j*(-86)
1903 + j*(-118)
2036 + j*(-128)
2167 + j*(-109)
2289 + j*(-69)
2397 + j*(3)
2485 + j*(96)
2546 + j*(215)
2580 + j*(352)
2579 + j*(502)
2543 + j*(660)
2472 + j*(821)
2364 + j*(976)
2223 + j*(1122)
2050 + j*(1252)
1848 + j*(1362)
1625 + j*(1448)
1381 + j*(1508)
1126 + j*(1542)
863 + j*(1548)
595 + j*(1528)
332 + j*(1487)
72 + j*(1424)
-177 + j*(1348)
-415 + j*(1258)
-643 + j*(1164)
-852 + j*(1065)
-1053 + j*(971)
-1232 + j*(878)
-1405 + j*(796)
-1559 + j*(722)
-1704 + j*(658)
-1833 + j*(604)
-1950 + j*(558)
-2053 + j*(519)
-2138 + j*(486)
-2207 + j*(454)
-2253 + j*(423)
-2275 + j*(388)
-2271 + j*(349)
-2232 + j*(305)
-2162 + j*(253)
-2052 + j*(196)
-1905 + j*(132)
-1719 + j*(66)
-1492 + j*(-1)
-1232 + j*(-67)
-936 + j*(-128)
-616 + j*(-183)
-274 + j*(-225)
77 + j*(-256)
434 + j*(-272)
779 + j*(-274)
1109 + j*(-260)
1409 + j*(-235)
1671 + j*(-199)
1887 + j*(-159)
2048 + j*(-116)
2152 + j*(-78)
2191 + j*(-50)
2170 + j*(-38)
2087 + j*(-48)
1948 + j*(-82)
1759 + j*(-147)
1528 + j*(-243)
1266 + j*(-369)
984 + j*(-528)
694 + j*(-712)
407 + j*(-919)
137 + j*(-1141)
-108 + j*(-1371)
-318 + j*(-1598)
-485 + j*(-1814)
-608 + j*(-2008)
-678 + j*(-2172)
-702 + j*(-2295)
-679 + j*(-2374)
-614 + j*(-2399)
-517 + j*(-2368)
-393 + j*(-2285)
-255 + j*(-2145)
-109 + j*(-1957)
29 + j*(-1726)
156 + j*(-1460)
259 + j*(-1172)
332 + j*(-872)
371 + j*(-572)
370 + j*(-287)
332 + j*(-27)
255 + j*(197)
146 + j*(377)
8 + j*(505)
-151 + j*(578)
-325 + j*(592)
-504 + j*(554)
-679 + j*(463)
-844 + j*(330)
-990 + j*(163)
-1114 + j*(-29)
-1208 + j*(-228)
-1274 + j*(-430)
-1309 + j*(-612)
-1316 + j*(-771)
-1298 + j*(-891)
-1260 + j*(-964)
-1208 + j*(-988)
-1149 + j*(-953)
-1090 + j*(-865)
-1037 + j*(-723)
-997 + j*(-533)
-973 + j*(-304)
-969 + j*(-45)
-987 + j*(232)
-1023 + j*(515)
-1079 + j*(791)
-1148 + j*(1049)
-1223 + j*(1274)
-1299 + j*(1462)
-1364 + j*(1600)
-1415 + j*(1686)
-1439 + j*(1717)
-1431 + j*(1693)
-1384 + j*(1619)
-1294 + j*(1498)
-1158 + j*(1342)
-977 + j*(1155)
-752 + j*(954)
-490 + j*(745)
-197 + j*(544)
117 + j*(358)
442 + j*(199)
768 + j*(72)
1078 + j*(-13)
1365 + j*(-58)
1615 + j*(-59)
1817 + j*(-20)
1969 + j*(58)
2058 + j*(166)
2088 + j*(300)
2056 + j*(449)
1966 + j*(605)
1824 + j*(759)
1642 + j*(901)
1424 + j*(1027)
1191 + j*(1128)
949 + j*(1200)
717 + j*(1244)
505 + j*(1255)
327 + j*(1242)
192 + j*(1201)
109 + j*(1144)
84 + j*(1075)
115 + j*(1001)
207 + j*(930)
352 + j*(871)
544 + j*(828)
774 + j*(809)
1029 + j*(816)
1295 + j*(851)
1561 + j*(915)
1808 + j*(1004)
2027 + j*(1116)
2201 + j*(1242)
2322 + j*(1378)
2380 + j*(1513)
2368 + j*(1639)
2287 + j*(1746)
2133 + j*(1827)
1913 + j*(1871)
1630 + j*(1876)
1296 + j*(1834)
920 + j*(1745)
515 + j*(1606)
93 + j*(1424)
-328 + j*(1199)
-738 + j*(940)
-1125 + j*(655)
-1473 + j*(354)
-1778 + j*(48)
-2028 + j*(-254)
-2222 + j*(-537)
-2356 + j*(-797)
-2429 + j*(-1019)
-2445 + j*(-1200)
-2407 + j*(-1333)
-2324 + j*(-1414)
-2200 + j*(-1443)
-2047 + j*(-1423)
-1871 + j*(-1355)
-1683 + j*(-1249)
-1490 + j*(-1107)
-1301 + j*(-944)
-1120 + j*(-764)
-955 + j*(-584)
-806 + j*(-405)
-679 + j*(-246)
-570 + j*(-106)
-484 + j*(0)
-411 + j*(71)
-355 + j*(104)
-309 + j*(96)
-268 + j*(48)
-231 + j*(-34)
-191 + j*(-150)
-145 + j*(-293)
-92 + j*(-454)
-29 + j*(-628)
45 + j*(-803)
131 + j*(-975)
227 + j*(-1133)
333 + j*(-1272)
443 + j*(-1383)
560 + j*(-1466)
673 + j*(-1513)
785 + j*(-1525)
888 + j*(-1500)
980 + j*(-1442)
1060 + j*(-1350)
1121 + j*(-1232)
1166 + j*(-1089)
1189 + j*(-930)
1193 + j*(-760)
1175 + j*(-586)
1137 + j*(-413)
1081 + j*(-249)
1008 + j*(-99)
918 + j*(33)
819 + j*(141)
707 + j*(224)
590 + j*(278)
468 + j*(306)
346 + j*(302)
224 + j*(273)
108 + j*(216)
-2 + j*(140)
-104 + j*(43)
-195 + j*(-66)
-274 + j*(-185)
-339 + j*(-308)
-387 + j*(-430)
-424 + j*(-544)
-439 + j*(-648)
-443 + j*(-732)
-426 + j*(-799)
-395 + j*(-837)
-347 + j*(-851)
-286 + j*(-832)
-210 + j*(-784)
-124 + j*(-703)
-25 + j*(-592)
78 + j*(-453)
190 + j*(-287)
303 + j*(-100)
418 + j*(105)
530 + j*(323)
640 + j*(547)
742 + j*(772)
838 + j*(990)
921 + j*(1196)
