rxdata4 = [-2860 + j*(-1258)
-2806 + j*(-1282)
-2701 + j*(-1281)
-2546 + j*(-1253)
-2348 + j*(-1195)
-2113 + j*(-1112)
-1846 + j*(-1000)
-1558 + j*(-867)
-1253 + j*(-713)
-941 + j*(-546)
-629 + j*(-373)
-322 + j*(-198)
-30 + j*(-30)
245 + j*(121)
500 + j*(253)
729 + j*(356)
934 + j*(427)
1111 + j*(459)
1263 + j*(451)
1390 + j*(403)
1493 + j*(312)
1574 + j*(186)
1636 + j*(23)
1678 + j*(-164)
1708 + j*(-377)
1717 + j*(-601)
1716 + j*(-832)
1695 + j*(-1058)
1662 + j*(-1274)
1608 + j*(-1470)
1537 + j*(-1639)
1445 + j*(-1778)
1328 + j*(-1878)
1189 + j*(-1943)
1022 + j*(-1966)
829 + j*(-1953)
611 + j*(-1904)
370 + j*(-1823)
106 + j*(-1718)
-172 + j*(-1591)
-462 + j*(-1455)
-758 + j*(-1309)
-1049 + j*(-1169)
-1329 + j*(-1031)
-1589 + j*(-911)
-1819 + j*(-805)
-2014 + j*(-720)
-2163 + j*(-656)
-2261 + j*(-614)
-2304 + j*(-590)
-2288 + j*(-586)
-2213 + j*(-593)
-2079 + j*(-611)
-1890 + j*(-632)
-1650 + j*(-651)
-1371 + j*(-664)
-1053 + j*(-667)
-718 + j*(-656)
-364 + j*(-627)
-14 + j*(-581)
327 + j*(-515)
647 + j*(-434)
936 + j*(-335)
1186 + j*(-228)
1391 + j*(-109)
1543 + j*(8)
1646 + j*(126)
1693 + j*(236)
1692 + j*(336)
1643 + j*(420)
1554 + j*(486)
1431 + j*(533)
1283 + j*(560)
1120 + j*(568)
948 + j*(559)
778 + j*(538)
618 + j*(506)
472 + j*(471)
350 + j*(436)
251 + j*(408)
179 + j*(391)
136 + j*(388)
118 + j*(405)
124 + j*(442)
149 + j*(502)
191 + j*(581)
239 + j*(679)
295 + j*(792)
348 + j*(915)
395 + j*(1042)
437 + j*(1165)
463 + j*(1281)
479 + j*(1378)
481 + j*(1455)
473 + j*(1503)
454 + j*(1521)
432 + j*(1502)
408 + j*(1450)
388 + j*(1361)
377 + j*(1244)
379 + j*(1097)
398 + j*(931)
438 + j*(750)
500 + j*(566)
584 + j*(384)
691 + j*(216)
816 + j*(71)
958 + j*(-45)
1108 + j*(-124)
1265 + j*(-163)
1416 + j*(-156)
1560 + j*(-105)
1683 + j*(-9)
1783 + j*(128)
1852 + j*(300)
1884 + j*(500)
1877 + j*(720)
1827 + j*(948)
1735 + j*(1176)
1602 + j*(1391)
1431 + j*(1584)
1227 + j*(1743)
997 + j*(1864)
747 + j*(1934)
488 + j*(1953)
225 + j*(1916)
-28 + j*(1822)
-269 + j*(1675)
-484 + j*(1476)
-673 + j*(1234)
-824 + j*(954)
-939 + j*(647)
-1014 + j*(321)
-1048 + j*(-11)
-1045 + j*(-341)
-1007 + j*(-659)
-940 + j*(-953)
-849 + j*(-1217)
-742 + j*(-1444)
-625 + j*(-1627)
-508 + j*(-1764)
-395 + j*(-1853)
-296 + j*(-1894)
-214 + j*(-1890)
-157 + j*(-1842)
-126 + j*(-1758)
-126 + j*(-1641)
-154 + j*(-1498)
-213 + j*(-1338)
-299 + j*(-1163)
-408 + j*(-988)
-537 + j*(-810)
-682 + j*(-643)
-834 + j*(-486)
-993 + j*(-347)
-1146 + j*(-229)
-1295 + j*(-130)
-1429 + j*(-57)
-1547 + j*(-4)
-1645 + j*(24)
-1720 + j*(32)
-1769 + j*(22)
-1796 + j*(-5)
-1794 + j*(-46)
-1771 + j*(-97)
-1723 + j*(-157)
-1658 + j*(-219)
-1574 + j*(-284)
-1477 + j*(-348)
-1368 + j*(-407)
-1254 + j*(-460)
-1134 + j*(-504)
-1014 + j*(-539)
-897 + j*(-561)
-784 + j*(-570)
-679 + j*(-565)
-583 + j*(-545)
-497 + j*(-511)
-423 + j*(-461)
-361 + j*(-397)
-312 + j*(-319)
-275 + j*(-228)
-251 + j*(-125)
-238 + j*(-15)
-235 + j*(105)
-241 + j*(226)
-253 + j*(352)
-272 + j*(475)
-292 + j*(596)
-313 + j*(707)
-333 + j*(811)
-346 + j*(898)
-355 + j*(974)
-351 + j*(1029)
-338 + j*(1069)
-309 + j*(1088)
-266 + j*(1088)
-207 + j*(1069)
-131 + j*(1033)
-40 + j*(981)
66 + j*(915)
183 + j*(839)
312 + j*(755)
446 + j*(664)
583 + j*(575)
717 + j*(483)
844 + j*(399)
958 + j*(316)
1055 + j*(245)
1129 + j*(179)
1178 + j*(124)
1195 + j*(76)
1182 + j*(37)
1131 + j*(5)
1048 + j*(-23)
930 + j*(-46)
781 + j*(-71)
603 + j*(-93)
401 + j*(-121)
180 + j*(-148)
-53 + j*(-182)
-291 + j*(-218)
-530 + j*(-258)
-758 + j*(-299)
-974 + j*(-341)
-1167 + j*(-379)
-1335 + j*(-413)
-1471 + j*(-437)
-1576 + j*(-452)
-1643 + j*(-449)
-1677 + j*(-433)
-1675 + j*(-394)
-1642 + j*(-338)
-1580 + j*(-260)
-1494 + j*(-164)
-1389 + j*(-50)
-1270 + j*(77)
-1145 + j*(217)
-1016 + j*(360)
-892 + j*(504)
-775 + j*(642)
-671 + j*(767)
-581 + j*(873)
-508 + j*(954)
-453 + j*(1004)
-414 + j*(1021)
-391 + j*(1000)
-383 + j*(939)
-384 + j*(840)
-396 + j*(701)
-410 + j*(528)
-427 + j*(323)
-441 + j*(94)
-452 + j*(-153)
-455 + j*(-412)
-451 + j*(-673)
-440 + j*(-928)
-421 + j*(-1169)
-397 + j*(-1387)
-367 + j*(-1576)
-337 + j*(-1731)
-307 + j*(-1844)
-283 + j*(-1916)
-265 + j*(-1942)
-259 + j*(-1923)
-265 + j*(-1861)
-286 + j*(-1757)
-321 + j*(-1620)
-373 + j*(-1448)
-439 + j*(-1252)
-518 + j*(-1036)
-606 + j*(-808)
-702 + j*(-574)
-799 + j*(-340)
-897 + j*(-110)
-985 + j*(108)
-1065 + j*(314)
-1129 + j*(503)
-1174 + j*(673)
-1199 + j*(825)
-1199 + j*(958)
-1177 + j*(1072)
-1128 + j*(1170)
-1059 + j*(1253)
-967 + j*(1323)
-860 + j*(1383)
-736 + j*(1434)
-605 + j*(1480)
-466 + j*(1519)
-330 + j*(1556)
-195 + j*(1587)
-70 + j*(1617)
44 + j*(1642)
144 + j*(1665)
228 + j*(1681)
296 + j*(1694)
348 + j*(1698)
383 + j*(1697)
405 + j*(1688)
416 + j*(1672)
418 + j*(1648)
414 + j*(1619)
410 + j*(1584)
406 + j*(1546)
407 + j*(1505)
413 + j*(1464)
426 + j*(1424)
452 + j*(1386)
482 + j*(1354)
524 + j*(1324)
572 + j*(1301)
624 + j*(1281)
681 + j*(1263)
736 + j*(1248)
789 + j*(1230)
837 + j*(1208)
877 + j*(1179)
906 + j*(1136)
924 + j*(1080)
928 + j*(1004)
921 + j*(907)
899 + j*(788)
869 + j*(642)
825 + j*(474)
775 + j*(279)
719 + j*(65)
659 + j*(-168)
597 + j*(-414)
536 + j*(-669)
477 + j*(-924)
420 + j*(-1175)
366 + j*(-1413)
315 + j*(-1631)
265 + j*(-1822)
215 + j*(-1981)
161 + j*(-2101)
102 + j*(-2179)
36 + j*(-2213)
-44 + j*(-2201)
-134 + j*(-2144)
-245 + j*(-2045)
-369 + j*(-1906)
-515 + j*(-1734)
-676 + j*(-1535)
-855 + j*(-1315)
-1048 + j*(-1083)
-1250 + j*(-848)
-1460 + j*(-615)
-1668 + j*(-394)
-1872 + j*(-191)
-2063 + j*(-11)
-2236 + j*(140)
-2383 + j*(259)
-2500 + j*(348)
-2580 + j*(401)
-2622 + j*(425)
-2621 + j*(418)
-2577 + j*(386)
-2488 + j*(332)
-2359 + j*(263)
-2191 + j*(182)
-1987 + j*(95)
-1758 + j*(10)
-1502 + j*(-73)
-1236 + j*(-145)
-959 + j*(-209)
-684 + j*(-257)
-414 + j*(-291)
-158 + j*(-309)
77 + j*(-311)
290 + j*(-301)
475 + j*(-276)
631 + j*(-243)
756 + j*(-200)
852 + j*(-153)
916 + j*(-101)
955 + j*(-49)
969 + j*(2)
963 + j*(53)
939 + j*(101)
903 + j*(148)
855 + j*(190)
801 + j*(231)
742 + j*(269)
681 + j*(305)
616 + j*(339)
553 + j*(373)
486 + j*(402)
418 + j*(432)
349 + j*(452)
273 + j*(472)
195 + j*(478)
109 + j*(477)
17 + j*(459)
-80 + j*(427)
-185 + j*(375)
-293 + j*(303)
-405 + j*(207)
-517 + j*(90)
-627 + j*(-51)
-730 + j*(-212)
-824 + j*(-393)
-904 + j*(-588)
-970 + j*(-792)
-1015 + j*(-1004)
-1040 + j*(-1209)
-1042 + j*(-1410)
-1024 + j*(-1591)
-981 + j*(-1752)
-922 + j*(-1881)
-845 + j*(-1975)
-757 + j*(-2029)
-660 + j*(-2040)
-562 + j*(-2004)
-467 + j*(-1923)
-381 + j*(-1797)
-309 + j*(-1632)
-255 + j*(-1428)
-224 + j*(-1197)
-218 + j*(-943)
-239 + j*(-675)
-286 + j*(-404)
-357 + j*(-135)
-451 + j*(118)
-562 + j*(351)
-687 + j*(557)
-816 + j*(726)
-947 + j*(858)
-1070 + j*(948)
-1177 + j*(996)
-1267 + j*(1003)
-1327 + j*(972)
-1360 + j*(906)
-1354 + j*(812)
-1315 + j*(695)
-1238 + j*(563)
-1125 + j*(424)
-979 + j*(283)
-803 + j*(148)
-604 + j*(27)
-384 + j*(-77)
-155 + j*(-160)
83 + j*(-219)
318 + j*(-252)
547 + j*(-259)
764 + j*(-241)
962 + j*(-201)
1141 + j*(-141)
1294 + j*(-64)
1422 + j*(24)
1525 + j*(122)
1603 + j*(224)
1658 + j*(328)
1691 + j*(430)
1707 + j*(529)
1706 + j*(624)
1694 + j*(712)
1671 + j*(797)
1641 + j*(874)
1603 + j*(950)
1564 + j*(1021)
1517 + j*(1093)
1466 + j*(1163)
1410 + j*(1237)
1346 + j*(1309)
1273 + j*(1385)
1190 + j*(1459)
1095 + j*(1535)
987 + j*(1605)
866 + j*(1673)
731 + j*(1729)
585 + j*(1776)
429 + j*(1808)
267 + j*(1823)
101 + j*(1820)
-62 + j*(1795)
-220 + j*(1752)
-365 + j*(1686)
-492 + j*(1602)
-598 + j*(1503)
-676 + j*(1390)
-723 + j*(1271)
-738 + j*(1148)
-717 + j*(1031)
-664 + j*(920)
-576 + j*(828)
-461 + j*(752)
-319 + j*(704)
-160 + j*(682)
12 + j*(693)
188 + j*(733)
363 + j*(804)
527 + j*(903)
675 + j*(1025)
798 + j*(1167)
894 + j*(1321)
958 + j*(1479)
987 + j*(1637)
982 + j*(1782)
943 + j*(1913)
874 + j*(2017)
780 + j*(2095)
664 + j*(2135)
537 + j*(2141)
401 + j*(2108)
269 + j*(2037)
144 + j*(1933)
35 + j*(1797)
-53 + j*(1637)
-113 + j*(1456)
-147 + j*(1266)
-146 + j*(1072)
