rxdata5 = [1311 + j*(949)
1377 + j*(1019)
1422 + j*(1096)
1439 + j*(1180)
1428 + j*(1263)
1386 + j*(1342)
1317 + j*(1410)
1218 + j*(1465)
1097 + j*(1501)
953 + j*(1515)
795 + j*(1505)
626 + j*(1469)
453 + j*(1409)
281 + j*(1323)
115 + j*(1216)
-36 + j*(1089)
-172 + j*(950)
-288 + j*(798)
-378 + j*(642)
-443 + j*(488)
-480 + j*(338)
-489 + j*(202)
-471 + j*(79)
-427 + j*(-20)
-359 + j*(-98)
-272 + j*(-147)
-166 + j*(-171)
-46 + j*(-164)
82 + j*(-130)
216 + j*(-68)
354 + j*(18)
486 + j*(126)
616 + j*(252)
734 + j*(392)
840 + j*(539)
931 + j*(692)
1005 + j*(840)
1058 + j*(983)
1093 + j*(1111)
1105 + j*(1222)
1098 + j*(1310)
1069 + j*(1370)
1023 + j*(1400)
958 + j*(1397)
879 + j*(1357)
785 + j*(1284)
686 + j*(1174)
577 + j*(1032)
468 + j*(856)
359 + j*(656)
255 + j*(432)
158 + j*(194)
73 + j*(-54)
0 + j*(-301)
-58 + j*(-544)
-103 + j*(-771)
-132 + j*(-974)
-148 + j*(-1147)
-153 + j*(-1281)
-150 + j*(-1372)
-142 + j*(-1413)
-135 + j*(-1403)
-130 + j*(-1340)
-136 + j*(-1226)
-156 + j*(-1058)
-192 + j*(-850)
-252 + j*(-598)
-335 + j*(-320)
-445 + j*(-16)
-580 + j*(296)
-740 + j*(610)
-923 + j*(912)
-1121 + j*(1192)
-1333 + j*(1441)
-1549 + j*(1645)
-1762 + j*(1805)
-1965 + j*(1905)
-2147 + j*(1951)
-2301 + j*(1935)
-2419 + j*(1862)
-2494 + j*(1734)
-2521 + j*(1557)
-2494 + j*(1338)
-2415 + j*(1085)
-2282 + j*(812)
-2097 + j*(523)
-1867 + j*(237)
-1596 + j*(-43)
-1295 + j*(-303)
-971 + j*(-538)
-636 + j*(-740)
-303 + j*(-904)
21 + j*(-1030)
320 + j*(-1115)
593 + j*(-1165)
820 + j*(-1179)
1009 + j*(-1169)
1142 + j*(-1135)
1228 + j*(-1092)
1263 + j*(-1042)
1250 + j*(-999)
1198 + j*(-966)
1110 + j*(-952)
998 + j*(-961)
870 + j*(-999)
737 + j*(-1063)
609 + j*(-1159)
498 + j*(-1278)
408 + j*(-1420)
351 + j*(-1578)
328 + j*(-1745)
345 + j*(-1912)
402 + j*(-2072)
495 + j*(-2216)
625 + j*(-2336)
781 + j*(-2427)
958 + j*(-2480)
1147 + j*(-2497)
1337 + j*(-2469)
1521 + j*(-2401)
1684 + j*(-2295)
1823 + j*(-2150)
1925 + j*(-1979)
1990 + j*(-1783)
2008 + j*(-1573)
1981 + j*(-1356)
1907 + j*(-1140)
1790 + j*(-935)
1635 + j*(-745)
1447 + j*(-579)
1236 + j*(-441)
1007 + j*(-330)
774 + j*(-254)
543 + j*(-203)
324 + j*(-184)
127 + j*(-183)
-45 + j*(-204)
-183 + j*(-231)
-287 + j*(-265)
-354 + j*(-293)
-383 + j*(-312)
-379 + j*(-313)
-346 + j*(-294)
-285 + j*(-248)
-212 + j*(-176)
-122 + j*(-75)
-33 + j*(50)
53 + j*(201)
130 + j*(371)
189 + j*(553)
229 + j*(744)
244 + j*(933)
232 + j*(1115)
197 + j*(1284)
136 + j*(1431)
56 + j*(1553)
-43 + j*(1644)
-153 + j*(1703)
-271 + j*(1727)
-392 + j*(1718)
-507 + j*(1677)
-615 + j*(1609)
-710 + j*(1515)
-787 + j*(1404)
-848 + j*(1280)
-887 + j*(1151)
-911 + j*(1021)
-913 + j*(897)
-904 + j*(785)
-882 + j*(688)
-853 + j*(609)
-822 + j*(552)
-792 + j*(514)
-768 + j*(496)
-754 + j*(498)
-754 + j*(514)
-768 + j*(541)
-801 + j*(577)
-849 + j*(615)
-915 + j*(653)
-994 + j*(684)
-1087 + j*(706)
-1186 + j*(715)
-1292 + j*(709)
-1396 + j*(688)
-1497 + j*(650)
-1586 + j*(595)
-1665 + j*(526)
-1725 + j*(444)
-1765 + j*(353)
-1783 + j*(254)
-1777 + j*(152)
-1745 + j*(48)
-1690 + j*(-50)
-1609 + j*(-146)
-1506 + j*(-233)
-1383 + j*(-310)
-1239 + j*(-380)
-1082 + j*(-436)
-911 + j*(-486)
-728 + j*(-524)
-538 + j*(-557)
-343 + j*(-584)
-143 + j*(-606)
54 + j*(-628)
255 + j*(-651)
452 + j*(-676)
646 + j*(-705)
836 + j*(-739)
1018 + j*(-780)
1194 + j*(-826)
1361 + j*(-878)
1516 + j*(-934)
1660 + j*(-995)
1790 + j*(-1056)
1903 + j*(-1118)
1999 + j*(-1176)
2073 + j*(-1231)
2127 + j*(-1279)
2153 + j*(-1317)
2156 + j*(-1346)
2128 + j*(-1362)
2075 + j*(-1364)
1991 + j*(-1353)
1879 + j*(-1326)
1739 + j*(-1285)
1573 + j*(-1229)
1382 + j*(-1160)
1172 + j*(-1076)
941 + j*(-983)
700 + j*(-876)
446 + j*(-764)
189 + j*(-642)
-69 + j*(-516)
-322 + j*(-387)
-567 + j*(-256)
-799 + j*(-127)
-1012 + j*(-2)
-1207 + j*(118)
-1377 + j*(231)
-1522 + j*(333)
-1639 + j*(425)
-1728 + j*(499)
-1787 + j*(561)
-1820 + j*(602)
-1823 + j*(625)
-1803 + j*(626)
-1756 + j*(607)
-1690 + j*(563)
-1604 + j*(501)
-1503 + j*(413)
-1392 + j*(306)
-1270 + j*(178)
-1146 + j*(31)
-1019 + j*(-129)
-897 + j*(-306)
-780 + j*(-494)
-674 + j*(-689)
-579 + j*(-890)
-499 + j*(-1093)
-437 + j*(-1294)
-391 + j*(-1492)
-366 + j*(-1681)
-359 + j*(-1862)
-371 + j*(-2029)
-401 + j*(-2182)
-445 + j*(-2319)
-503 + j*(-2437)
-570 + j*(-2536)
-644 + j*(-2616)
-721 + j*(-2672)
-795 + j*(-2706)
-865 + j*(-2717)
-925 + j*(-2703)
-973 + j*(-2667)
-1005 + j*(-2603)
-1019 + j*(-2517)
-1013 + j*(-2401)
-987 + j*(-2264)
-942 + j*(-2100)
-878 + j*(-1912)
-798 + j*(-1702)
-705 + j*(-1470)
-601 + j*(-1220)
-495 + j*(-954)
-387 + j*(-678)
-287 + j*(-394)
-194 + j*(-107)
-119 + j*(174)
-59 + j*(449)
-24 + j*(705)
-10 + j*(942)
-22 + j*(1148)
-58 + j*(1324)
-116 + j*(1459)
-193 + j*(1554)
-286 + j*(1602)
-388 + j*(1606)
-493 + j*(1561)
-597 + j*(1473)
-690 + j*(1342)
-766 + j*(1175)
-821 + j*(976)
-847 + j*(754)
-842 + j*(515)
-799 + j*(271)
-721 + j*(28)
-606 + j*(-203)
-455 + j*(-414)
-276 + j*(-598)
-66 + j*(-746)
158 + j*(-855)
400 + j*(-919)
642 + j*(-937)
880 + j*(-909)
1104 + j*(-838)
1305 + j*(-726)
1475 + j*(-579)
1609 + j*(-405)
1699 + j*(-211)
1743 + j*(-6)
1738 + j*(199)
1684 + j*(398)
1584 + j*(578)
1441 + j*(734)
1259 + j*(857)
1047 + j*(941)
812 + j*(985)
562 + j*(982)
310 + j*(938)
59 + j*(847)
-175 + j*(719)
-388 + j*(555)
-571 + j*(362)
-720 + j*(149)
-825 + j*(-78)
-891 + j*(-308)
-908 + j*(-535)
-884 + j*(-751)
-814 + j*(-946)
-709 + j*(-1118)
-566 + j*(-1256)
-398 + j*(-1360)
-207 + j*(-1429)
-3 + j*(-1458)
208 + j*(-1452)
417 + j*(-1410)
619 + j*(-1338)
804 + j*(-1240)
971 + j*(-1121)
1109 + j*(-986)
1219 + j*(-845)
1298 + j*(-699)
1339 + j*(-560)
1350 + j*(-427)
1324 + j*(-311)
1265 + j*(-212)
1179 + j*(-134)
1062 + j*(-79)
925 + j*(-48)
767 + j*(-39)
595 + j*(-53)
411 + j*(-84)
223 + j*(-133)
30 + j*(-193)
-157 + j*(-261)
-342 + j*(-333)
-517 + j*(-402)
-680 + j*(-466)
-832 + j*(-520)
-966 + j*(-558)
-1087 + j*(-581)
-1188 + j*(-584)
-1273 + j*(-565)
-1342 + j*(-525)
-1392 + j*(-464)
-1430 + j*(-381)
-1450 + j*(-281)
-1460 + j*(-165)
-1456 + j*(-36)
-1443 + j*(99)
-1420 + j*(239)
-1391 + j*(376)
-1354 + j*(508)
-1313 + j*(626)
-1267 + j*(730)
-1218 + j*(810)
-1164 + j*(869)
-1108 + j*(896)
-1047 + j*(896)
-984 + j*(862)
-914 + j*(798)
-842 + j*(703)
-762 + j*(578)
-678 + j*(428)
-587 + j*(256)
-491 + j*(67)
-387 + j*(-133)
-282 + j*(-338)
-169 + j*(-544)
-57 + j*(-740)
57 + j*(-925)
169 + j*(-1089)
276 + j*(-1230)
377 + j*(-1342)
469 + j*(-1422)
545 + j*(-1470)
610 + j*(-1481)
654 + j*(-1461)
682 + j*(-1407)
688 + j*(-1325)
674 + j*(-1219)
641 + j*(-1090)
587 + j*(-948)
519 + j*(-796)
435 + j*(-641)
340 + j*(-488)
239 + j*(-343)
135 + j*(-208)
32 + j*(-91)
-63 + j*(10)
-150 + j*(89)
-224 + j*(152)
-281 + j*(193)
-322 + j*(218)
-344 + j*(229)
-348 + j*(227)
-337 + j*(219)
-309 + j*(207)
-275 + j*(196)
-231 + j*(186)
-189 + j*(187)
-151 + j*(192)
-122 + j*(212)
-107 + j*(239)
-112 + j*(278)
-138 + j*(324)
-192 + j*(375)
-268 + j*(429)
-375 + j*(481)
-501 + j*(527)
-652 + j*(565)
-817 + j*(587)
-993 + j*(595)
-1174 + j*(581)
-1350 + j*(550)
-1516 + j*(496)
-1663 + j*(424)
-1784 + j*(334)
-1874 + j*(232)
-1927 + j*(119)
-1941 + j*(3)
-1912 + j*(-111)
-1843 + j*(-217)
-1733 + j*(-308)
-1589 + j*(-380)
-1414 + j*(-427)
-1217 + j*(-444)
-1005 + j*(-430)
-788 + j*(-383)
-575 + j*(-302)
-375 + j*(-190)
-198 + j*(-49)
-49 + j*(115)
59 + j*(298)
128 + j*(492)
152 + j*(692)
129 + j*(889)
63 + j*(1075)
-48 + j*(1247)
-194 + j*(1393)
-374 + j*(1517)
-575 + j*(1606)
-793 + j*(1665)
-1015 + j*(1688)
-1236 + j*(1680)
-1442 + j*(1641)
-1630 + j*(1573)
-1788 + j*(1485)
-1913 + j*(1375)
-2000 + j*(1256)
-2046 + j*(1125)
-2050 + j*(993)
-2013 + j*(863)
-1936 + j*(737)
-1823 + j*(619)
-1679 + j*(511)
-1505 + j*(411)
-1315 + j*(320)
-1104 + j*(238)
-889 + j*(159)
-664 + j*(82)
-443 + j*(3)
-223 + j*(-78)
-12 + j*(-169)
192 + j*(-269)
384 + j*(-382)
566 + j*(-504)
735 + j*(-639)
895 + j*(-781)
1040 + j*(-931)
1178 + j*(-1082)
1300 + j*(-1229)
1413 + j*(-1369)
1510 + j*(-1493)
1594 + j*(-1599)
1658 + j*(-1679)
