rxdata11 = [1595 + j*(-316)
1758 + j*(-298)
1890 + j*(-273)
1989 + j*(-247)
2051 + j*(-215)
2073 + j*(-182)
2053 + j*(-146)
1992 + j*(-112)
1893 + j*(-78)
1757 + j*(-45)
1590 + j*(-16)
1397 + j*(8)
1186 + j*(29)
962 + j*(45)
736 + j*(59)
514 + j*(68)
303 + j*(78)
113 + j*(86)
-50 + j*(98)
-182 + j*(112)
-277 + j*(133)
-332 + j*(162)
-346 + j*(200)
-318 + j*(250)
-249 + j*(310)
-140 + j*(384)
0 + j*(468)
172 + j*(564)
365 + j*(669)
577 + j*(781)
798 + j*(897)
1022 + j*(1015)
1242 + j*(1130)
1450 + j*(1240)
1641 + j*(1342)
1810 + j*(1428)
1949 + j*(1501)
2059 + j*(1555)
2135 + j*(1587)
2174 + j*(1597)
2179 + j*(1584)
2149 + j*(1548)
2086 + j*(1489)
1993 + j*(1408)
1872 + j*(1309)
1729 + j*(1193)
1568 + j*(1063)
1393 + j*(923)
1210 + j*(779)
1024 + j*(629)
840 + j*(485)
661 + j*(342)
494 + j*(209)
339 + j*(88)
203 + j*(-22)
85 + j*(-113)
-9 + j*(-192)
-83 + j*(-252)
-134 + j*(-295)
-163 + j*(-324)
-170 + j*(-335)
-158 + j*(-337)
-128 + j*(-325)
-86 + j*(-307)
-30 + j*(-280)
30 + j*(-254)
97 + j*(-223)
162 + j*(-198)
225 + j*(-176)
279 + j*(-161)
323 + j*(-157)
351 + j*(-161)
363 + j*(-179)
356 + j*(-210)
329 + j*(-253)
280 + j*(-312)
210 + j*(-382)
120 + j*(-466)
9 + j*(-559)
-116 + j*(-664)
-257 + j*(-774)
-407 + j*(-892)
-565 + j*(-1012)
-724 + j*(-1133)
-881 + j*(-1252)
-1030 + j*(-1367)
-1167 + j*(-1474)
-1288 + j*(-1572)
-1388 + j*(-1657)
-1464 + j*(-1730)
-1513 + j*(-1786)
-1532 + j*(-1826)
-1520 + j*(-1847)
-1477 + j*(-1851)
-1401 + j*(-1837)
-1296 + j*(-1806)
-1160 + j*(-1758)
-1000 + j*(-1696)
-813 + j*(-1621)
-610 + j*(-1537)
-387 + j*(-1444)
-157 + j*(-1346)
84 + j*(-1245)
325 + j*(-1145)
566 + j*(-1046)
801 + j*(-952)
1025 + j*(-864)
1236 + j*(-782)
1430 + j*(-712)
1603 + j*(-645)
1756 + j*(-590)
1883 + j*(-540)
1987 + j*(-498)
2064 + j*(-460)
2113 + j*(-424)
2137 + j*(-390)
2132 + j*(-353)
2104 + j*(-315)
2048 + j*(-270)
1971 + j*(-221)
1869 + j*(-163)
1749 + j*(-98)
1609 + j*(-26)
1454 + j*(53)
1284 + j*(138)
1103 + j*(227)
915 + j*(319)
721 + j*(408)
527 + j*(496)
331 + j*(576)
143 + j*(648)
-41 + j*(706)
-212 + j*(751)
-373 + j*(778)
-517 + j*(788)
-644 + j*(777)
-754 + j*(747)
-843 + j*(697)
-914 + j*(628)
-963 + j*(542)
-996 + j*(441)
-1011 + j*(328)
-1011 + j*(204)
-996 + j*(78)
-972 + j*(-53)
-940 + j*(-183)
-902 + j*(-305)
-864 + j*(-423)
-824 + j*(-524)
-790 + j*(-616)
-758 + j*(-687)
-735 + j*(-741)
-719 + j*(-774)
-710 + j*(-786)
-711 + j*(-777)
-718 + j*(-746)
-732 + j*(-693)
-750 + j*(-622)
-771 + j*(-531)
-792 + j*(-423)
-811 + j*(-302)
-826 + j*(-167)
-833 + j*(-23)
-833 + j*(126)
-821 + j*(281)
-799 + j*(434)
-763 + j*(586)
-715 + j*(730)
-655 + j*(862)
-581 + j*(982)
-498 + j*(1081)
-404 + j*(1161)
-304 + j*(1213)
-196 + j*(1240)
-85 + j*(1234)
29 + j*(1195)
142 + j*(1122)
255 + j*(1014)
365 + j*(869)
471 + j*(692)
572 + j*(480)
666 + j*(241)
755 + j*(-26)
835 + j*(-312)
909 + j*(-616)
975 + j*(-928)
1034 + j*(-1244)
1082 + j*(-1555)
1124 + j*(-1855)
1154 + j*(-2137)
1176 + j*(-2393)
1185 + j*(-2619)
1185 + j*(-2806)
1170 + j*(-2952)
1142 + j*(-3054)
1101 + j*(-3105)
1043 + j*(-3110)
972 + j*(-3064)
886 + j*(-2971)
785 + j*(-2831)
672 + j*(-2649)
547 + j*(-2429)
413 + j*(-2176)
270 + j*(-1895)
125 + j*(-1592)
-22 + j*(-1272)
-168 + j*(-942)
-309 + j*(-608)
-443 + j*(-274)
-565 + j*(55)
-677 + j*(372)
-771 + j*(678)
-853 + j*(965)
-918 + j*(1234)
-965 + j*(1479)
-1001 + j*(1700)
-1019 + j*(1894)
-1030 + j*(2061)
-1029 + j*(2199)
-1023 + j*(2306)
-1010 + j*(2381)
-999 + j*(2423)
-985 + j*(2432)
-975 + j*(2405)
-966 + j*(2345)
-962 + j*(2248)
-959 + j*(2119)
-959 + j*(1953)
-958 + j*(1759)
-956 + j*(1534)
-947 + j*(1284)
-933 + j*(1014)
-906 + j*(727)
-866 + j*(433)
-813 + j*(137)
-740 + j*(-155)
-652 + j*(-432)
-545 + j*(-691)
-423 + j*(-920)
-288 + j*(-1114)
-143 + j*(-1267)
7 + j*(-1375)
157 + j*(-1432)
301 + j*(-1439)
433 + j*(-1394)
547 + j*(-1299)
638 + j*(-1160)
700 + j*(-977)
729 + j*(-762)
723 + j*(-518)
680 + j*(-258)
601 + j*(11)
487 + j*(278)
341 + j*(538)
171 + j*(777)
-19 + j*(990)
-220 + j*(1173)
-427 + j*(1316)
-627 + j*(1422)
-814 + j*(1487)
-979 + j*(1513)
-1116 + j*(1503)
-1217 + j*(1459)
-1279 + j*(1392)
-1297 + j*(1302)
-1273 + j*(1202)
-1206 + j*(1096)
-1099 + j*(993)
-958 + j*(898)
-787 + j*(818)
-594 + j*(755)
-388 + j*(715)
-175 + j*(696)
33 + j*(699)
232 + j*(721)
412 + j*(760)
570 + j*(808)
699 + j*(862)
797 + j*(915)
865 + j*(960)
901 + j*(992)
909 + j*(1004)
894 + j*(994)
858 + j*(957)
812 + j*(893)
756 + j*(802)
702 + j*(685)
652 + j*(548)
615 + j*(393)
591 + j*(229)
587 + j*(61)
599 + j*(-101)
633 + j*(-252)
680 + j*(-382)
743 + j*(-486)
812 + j*(-559)
884 + j*(-596)
952 + j*(-595)
1009 + j*(-554)
1048 + j*(-478)
1064 + j*(-368)
1051 + j*(-229)
1006 + j*(-68)
927 + j*(109)
814 + j*(291)
667 + j*(475)
491 + j*(646)
291 + j*(804)
71 + j*(935)
-154 + j*(1040)
-386 + j*(1111)
-607 + j*(1151)
-815 + j*(1154)
-997 + j*(1128)
-1147 + j*(1070)
-1261 + j*(991)
-1331 + j*(891)
-1359 + j*(782)
-1340 + j*(666)
-1279 + j*(554)
-1178 + j*(450)
-1043 + j*(358)
-879 + j*(286)
-696 + j*(235)
-501 + j*(205)
-304 + j*(197)
-112 + j*(209)
63 + j*(237)
219 + j*(277)
346 + j*(322)
442 + j*(366)
502 + j*(405)
527 + j*(427)
516 + j*(431)
472 + j*(411)
401 + j*(360)
302 + j*(282)
189 + j*(169)
60 + j*(28)
-71 + j*(-142)
-203 + j*(-336)
-329 + j*(-547)
-443 + j*(-771)
-541 + j*(-998)
-621 + j*(-1221)
-680 + j*(-1432)
-718 + j*(-1623)
-739 + j*(-1788)
-738 + j*(-1921)
-723 + j*(-2014)
-696 + j*(-2068)
-658 + j*(-2078)
-618 + j*(-2045)
-572 + j*(-1971)
-531 + j*(-1856)
-491 + j*(-1707)
-460 + j*(-1526)
-433 + j*(-1322)
-417 + j*(-1098)
-406 + j*(-865)
-404 + j*(-624)
-404 + j*(-386)
-411 + j*(-155)
-417 + j*(64)
-422 + j*(264)
-427 + j*(445)
-423 + j*(601)
-418 + j*(730)
-403 + j*(833)
-384 + j*(905)
-357 + j*(949)
-325 + j*(964)
-288 + j*(949)
-248 + j*(907)
-207 + j*(838)
-166 + j*(744)
-127 + j*(625)
-91 + j*(484)
-60 + j*(321)
-33 + j*(142)
-11 + j*(-54)
5 + j*(-261)
19 + j*(-480)
29 + j*(-701)
38 + j*(-926)
46 + j*(-1144)
55 + j*(-1355)
66 + j*(-1549)
79 + j*(-1726)
95 + j*(-1875)
113 + j*(-1995)
131 + j*(-2081)
148 + j*(-2129)
164 + j*(-2138)
172 + j*(-2105)
173 + j*(-2033)
163 + j*(-1921)
136 + j*(-1775)
96 + j*(-1596)
34 + j*(-1395)
-47 + j*(-1173)
-146 + j*(-943)
-268 + j*(-710)
-404 + j*(-483)
-556 + j*(-271)
-716 + j*(-81)
-883 + j*(79)
-1047 + j*(206)
-1204 + j*(294)
-1346 + j*(343)
-1466 + j*(349)
-1561 + j*(318)
-1622 + j*(249)
-1648 + j*(151)
-1632 + j*(26)
-1578 + j*(-115)
-1483 + j*(-265)
-1349 + j*(-419)
-1182 + j*(-563)
-985 + j*(-694)
-766 + j*(-802)
-534 + j*(-882)
-293 + j*(-932)
-56 + j*(-944)
168 + j*(-924)
375 + j*(-867)
555 + j*(-781)
702 + j*(-664)
815 + j*(-527)
882 + j*(-372)
915 + j*(-209)
902 + j*(-43)
856 + j*(116)
773 + j*(267)
666 + j*(398)
536 + j*(511)
392 + j*(597)
244 + j*(658)
94 + j*(693)
-44 + j*(701)
-170 + j*(688)
-275 + j*(653)
-358 + j*(603)
-413 + j*(543)
-444 + j*(475)
-447 + j*(405)
-429 + j*(338)
-389 + j*(275)
-334 + j*(222)
-268 + j*(177)
-198 + j*(142)
-126 + j*(115)
-62 + j*(94)
-5 + j*(79)
38 + j*(60)
64 + j*(44)
77 + j*(13)
69 + j*(-23)
49 + j*(-78)
13 + j*(-149)
-30 + j*(-239)
-81 + j*(-350)
-133 + j*(-477)
-183 + j*(-623)
-226 + j*(-781)
-259 + j*(-948)
-277 + j*(-1119)
-280 + j*(-1286)
-267 + j*(-1445)
-236 + j*(-1588)
-190 + j*(-1709)
-133 + j*(-1803)
-64 + j*(-1865)
9 + j*(-1890)
83 + j*(-1878)
154 + j*(-1826)
215 + j*(-1735)
264 + j*(-1608)
295 + j*(-1447)
305 + j*(-1258)
293 + j*(-1044)
257 + j*(-816)
198 + j*(-573)
118 + j*(-330)
19 + j*(-87)
-96 + j*(145)
-220 + j*(363)
-354 + j*(563)
-483 + j*(740)
-610 + j*(892)
-724 + j*(1019)
-824 + j*(1118)
-904 + j*(1191)
-959 + j*(1240)
-990 + j*(1266)
-992 + j*(1273)
-967 + j*(1262)
-916 + j*(1239)
-839 + j*(1204)
-741 + j*(1160)
-623 + j*(1113)
-491 + j*(1058)
-349 + j*(1005)
-201 + j*(947)
-49 + j*(890)
97 + j*(831)
241 + j*(772)
371 + j*(711)
494 + j*(650)
598 + j*(585)
689 + j*(522)
760 + j*(456)
815 + j*(391)
851 + j*(325)
868 + j*(263)
868 + j*(203)
849 + j*(148)
814 + j*(101)
759 + j*(61)
691 + j*(32)
