rxdata10 = [-258 + j*(-586)
-183 + j*(-672)
-121 + j*(-766)
-67 + j*(-861)
-20 + j*(-958)
23 + j*(-1050)
64 + j*(-1136)
106 + j*(-1210)
150 + j*(-1269)
199 + j*(-1307)
251 + j*(-1322)
306 + j*(-1308)
365 + j*(-1265)
422 + j*(-1190)
478 + j*(-1085)
529 + j*(-950)
571 + j*(-788)
604 + j*(-604)
623 + j*(-403)
628 + j*(-192)
617 + j*(23)
588 + j*(234)
546 + j*(436)
487 + j*(616)
420 + j*(776)
340 + j*(903)
258 + j*(1001)
171 + j*(1061)
88 + j*(1088)
9 + j*(1078)
-63 + j*(1039)
-125 + j*(970)
-179 + j*(880)
-221 + j*(771)
-257 + j*(654)
-284 + j*(531)
-309 + j*(410)
-332 + j*(296)
-362 + j*(194)
-397 + j*(106)
-447 + j*(35)
-508 + j*(-18)
-588 + j*(-56)
-683 + j*(-79)
-797 + j*(-90)
-924 + j*(-92)
-1062 + j*(-90)
-1207 + j*(-85)
-1351 + j*(-85)
-1488 + j*(-86)
-1610 + j*(-96)
-1710 + j*(-109)
-1780 + j*(-131)
-1814 + j*(-154)
-1807 + j*(-179)
-1757 + j*(-199)
-1659 + j*(-211)
-1519 + j*(-209)
-1335 + j*(-187)
-1118 + j*(-145)
-872 + j*(-74)
-607 + j*(22)
-336 + j*(149)
-69 + j*(303)
183 + j*(480)
405 + j*(675)
591 + j*(881)
729 + j*(1090)
813 + j*(1291)
840 + j*(1475)
808 + j*(1630)
717 + j*(1748)
575 + j*(1819)
386 + j*(1837)
163 + j*(1797)
-85 + j*(1698)
-342 + j*(1539)
-599 + j*(1327)
-839 + j*(1068)
-1051 + j*(770)
-1223 + j*(449)
-1348 + j*(114)
-1419 + j*(-215)
-1433 + j*(-525)
-1392 + j*(-803)
-1299 + j*(-1029)
-1160 + j*(-1198)
-985 + j*(-1296)
-786 + j*(-1319)
-576 + j*(-1265)
-368 + j*(-1134)
-178 + j*(-931)
-16 + j*(-668)
104 + j*(-354)
175 + j*(-5)
191 + j*(361)
147 + j*(729)
45 + j*(1078)
-107 + j*(1393)
-310 + j*(1657)
-546 + j*(1857)
-806 + j*(1984)
-1075 + j*(2030)
-1336 + j*(1997)
-1577 + j*(1883)
-1780 + j*(1696)
-1935 + j*(1447)
-2030 + j*(1148)
-2058 + j*(816)
-2016 + j*(470)
-1903 + j*(125)
-1722 + j*(-195)
-1482 + j*(-479)
-1192 + j*(-706)
-865 + j*(-867)
-517 + j*(-951)
-164 + j*(-953)
177 + j*(-874)
493 + j*(-714)
766 + j*(-482)
986 + j*(-188)
1142 + j*(153)
1230 + j*(528)
1246 + j*(917)
1192 + j*(1303)
1075 + j*(1670)
900 + j*(2001)
681 + j*(2281)
431 + j*(2503)
164 + j*(2653)
-102 + j*(2733)
-354 + j*(2739)
-578 + j*(2675)
-759 + j*(2548)
-889 + j*(2365)
-960 + j*(2140)
-968 + j*(1885)
-914 + j*(1613)
-799 + j*(1340)
-631 + j*(1075)
-418 + j*(832)
-170 + j*(619)
99 + j*(443)
378 + j*(308)
652 + j*(216)
910 + j*(163)
1140 + j*(147)
1334 + j*(160)
1487 + j*(195)
1592 + j*(242)
1652 + j*(292)
1666 + j*(335)
1641 + j*(365)
1583 + j*(371)
1500 + j*(351)
1403 + j*(300)
1301 + j*(220)
1205 + j*(108)
1123 + j*(-28)
1065 + j*(-184)
1032 + j*(-355)
1035 + j*(-530)
1070 + j*(-702)
1136 + j*(-861)
1234 + j*(-1001)
1352 + j*(-1113)
1487 + j*(-1194)
1628 + j*(-1238)
1768 + j*(-1246)
1892 + j*(-1217)
1999 + j*(-1153)
2071 + j*(-1061)
2108 + j*(-945)
2101 + j*(-812)
2049 + j*(-673)
1948 + j*(-531)
1805 + j*(-399)
1614 + j*(-279)
1390 + j*(-181)
1131 + j*(-105)
852 + j*(-57)
556 + j*(-35)
254 + j*(-41)
-46 + j*(-67)
-338 + j*(-115)
-615 + j*(-171)
-872 + j*(-239)
-1106 + j*(-304)
-1317 + j*(-365)
-1501 + j*(-414)
-1664 + j*(-448)
-1805 + j*(-463)
-1928 + j*(-458)
-2040 + j*(-433)
-2138 + j*(-390)
-2232 + j*(-332)
-2321 + j*(-264)
-2408 + j*(-192)
-2491 + j*(-120)
-2572 + j*(-58)
-2647 + j*(-8)
-2714 + j*(22)
-2765 + j*(30)
-2800 + j*(15)
-2808 + j*(-28)
-2788 + j*(-90)
-2733 + j*(-177)
-2638 + j*(-273)
-2504 + j*(-380)
-2326 + j*(-486)
-2109 + j*(-580)
-1853 + j*(-659)
-1565 + j*(-706)
-1252 + j*(-722)
-921 + j*(-692)
-585 + j*(-617)
-252 + j*(-490)
65 + j*(-316)
355 + j*(-91)
609 + j*(171)
817 + j*(474)
973 + j*(798)
1071 + j*(1139)
1111 + j*(1481)
1090 + j*(1812)
1015 + j*(2118)
888 + j*(2387)
720 + j*(2609)
521 + j*(2772)
301 + j*(2872)
77 + j*(2901)
-143 + j*(2860)
-344 + j*(2749)
-514 + j*(2571)
-642 + j*(2336)
-721 + j*(2046)
-746 + j*(1721)
-711 + j*(1363)
-618 + j*(993)
-467 + j*(619)
-266 + j*(254)
-22 + j*(-86)
258 + j*(-399)
560 + j*(-670)
874 + j*(-898)
1187 + j*(-1076)
1486 + j*(-1205)
1762 + j*(-1283)
2002 + j*(-1317)
2201 + j*(-1309)
2348 + j*(-1266)
2445 + j*(-1194)
2485 + j*(-1103)
2474 + j*(-999)
2410 + j*(-888)
2302 + j*(-781)
2153 + j*(-678)
1974 + j*(-587)
1771 + j*(-510)
1553 + j*(-446)
1332 + j*(-400)
1111 + j*(-366)
900 + j*(-345)
705 + j*(-332)
528 + j*(-324)
375 + j*(-320)
247 + j*(-313)
141 + j*(-304)
60 + j*(-288)
-1 + j*(-266)
-43 + j*(-237)
-72 + j*(-203)
-90 + j*(-164)
-101 + j*(-124)
-105 + j*(-86)
-110 + j*(-54)
-112 + j*(-31)
-117 + j*(-24)
-120 + j*(-30)
-123 + j*(-58)
-124 + j*(-104)
-119 + j*(-172)
-108 + j*(-260)
-88 + j*(-365)
-55 + j*(-485)
-10 + j*(-614)
50 + j*(-749)
126 + j*(-880)
214 + j*(-1005)
318 + j*(-1115)
429 + j*(-1204)
548 + j*(-1268)
668 + j*(-1300)
785 + j*(-1299)
894 + j*(-1262)
987 + j*(-1188)
1064 + j*(-1079)
1112 + j*(-937)
1134 + j*(-765)
1122 + j*(-572)
1077 + j*(-358)
996 + j*(-137)
881 + j*(88)
732 + j*(307)
554 + j*(515)
349 + j*(702)
125 + j*(864)
-113 + j*(994)
-358 + j*(1089)
-604 + j*(1146)
-843 + j*(1163)
-1069 + j*(1140)
-1274 + j*(1081)
-1455 + j*(984)
-1606 + j*(856)
-1724 + j*(701)
-1807 + j*(524)
-1852 + j*(329)
-1862 + j*(126)
-1837 + j*(-86)
-1778 + j*(-293)
-1690 + j*(-498)
-1576 + j*(-690)
-1441 + j*(-869)
-1288 + j*(-1029)
-1125 + j*(-1170)
-951 + j*(-1286)
-779 + j*(-1381)
-605 + j*(-1449)
-440 + j*(-1493)
-281 + j*(-1512)
-138 + j*(-1508)
-6 + j*(-1479)
104 + j*(-1429)
199 + j*(-1358)
272 + j*(-1268)
325 + j*(-1159)
357 + j*(-1034)
368 + j*(-895)
356 + j*(-741)
326 + j*(-577)
272 + j*(-403)
202 + j*(-222)
112 + j*(-37)
5 + j*(152)
-115 + j*(339)
-250 + j*(526)
-396 + j*(705)
-551 + j*(876)
-710 + j*(1035)
-874 + j*(1181)
-1035 + j*(1309)
-1194 + j*(1418)
-1344 + j*(1506)
-1483 + j*(1571)
-1609 + j*(1613)
-1714 + j*(1631)
-1802 + j*(1624)
-1863 + j*(1594)
-1903 + j*(1541)
-1912 + j*(1466)
-1899 + j*(1374)
-1854 + j*(1263)
-1787 + j*(1139)
-1692 + j*(1003)
-1576 + j*(858)
-1441 + j*(707)
-1288 + j*(553)
-1124 + j*(397)
-950 + j*(244)
-773 + j*(92)
-594 + j*(-51)
-421 + j*(-191)
-254 + j*(-321)
-98 + j*(-444)
44 + j*(-556)
170 + j*(-661)
279 + j*(-751)
370 + j*(-835)
442 + j*(-904)
496 + j*(-965)
533 + j*(-1011)
555 + j*(-1046)
562 + j*(-1067)
557 + j*(-1073)
544 + j*(-1067)
524 + j*(-1041)
498 + j*(-1003)
471 + j*(-944)
443 + j*(-873)
416 + j*(-782)
393 + j*(-678)
372 + j*(-556)
357 + j*(-424)
345 + j*(-280)
341 + j*(-128)
339 + j*(29)
343 + j*(187)
349 + j*(343)
363 + j*(490)
377 + j*(628)
397 + j*(747)
419 + j*(849)
444 + j*(926)
476 + j*(975)
511 + j*(996)
552 + j*(984)
601 + j*(943)
655 + j*(869)
720 + j*(766)
795 + j*(636)
878 + j*(484)
973 + j*(313)
1077 + j*(131)
1189 + j*(-58)
1312 + j*(-245)
1436 + j*(-424)
1567 + j*(-587)
1695 + j*(-728)
1819 + j*(-838)
1935 + j*(-917)
2036 + j*(-951)
2122 + j*(-947)
2182 + j*(-895)
2217 + j*(-798)
2219 + j*(-657)
2186 + j*(-473)
2117 + j*(-253)
2007 + j*(1)
1857 + j*(278)
1669 + j*(576)
1444 + j*(879)
1183 + j*(1187)
895 + j*(1482)
581 + j*(1763)
251 + j*(2016)
-88 + j*(2237)
-429 + j*(2418)
-765 + j*(2556)
-1085 + j*(2646)
-1384 + j*(2687)
-1652 + j*(2679)
-1884 + j*(2622)
-2076 + j*(2522)
-2222 + j*(2380)
-2323 + j*(2205)
-2374 + j*(2000)
-2380 + j*(1774)
-2342 + j*(1533)
-2265 + j*(1285)
-2152 + j*(1035)
-2014 + j*(792)
-1853 + j*(557)
-1682 + j*(338)
-1505 + j*(133)
-1330 + j*(-49)
-1167 + j*(-216)
-1018 + j*(-363)
-892 + j*(-496)
-789 + j*(-615)
-713 + j*(-724)
-665 + j*(-827)
-641 + j*(-927)
-642 + j*(-1028)
-663 + j*(-1133)
-696 + j*(-1243)
-739 + j*(-1360)
-785 + j*(-1484)
-824 + j*(-1614)
-856 + j*(-1746)
-869 + j*(-1879)
-863 + j*(-2005)
-831 + j*(-2123)
-774 + j*(-2224)
-688 + j*(-2305)
-577 + j*(-2357)
-442 + j*(-2378)
-287 + j*(-2360)
-119 + j*(-2302)
57 + j*(-2200)
233 + j*(-2054)
403 + j*(-1865)
556 + j*(-1633)
689 + j*(-1366)
789 + j*(-1066)
858 + j*(-741)
883 + j*(-400)
870 + j*(-50)
810 + j*(296)
710 + j*(636)
568 + j*(952)
392 + j*(1243)
182 + j*(1497)
-46 + j*(1708)
-293 + j*(1875)
-547 + j*(1989)
-796 + j*(2053)
-1037 + j*(2064)
-1256 + j*(2025)
-1450 + j*(1941)
-1610 + j*(1813)
-1732 + j*(1651)
-1812 + j*(1459)
-1849 + j*(1244)
-1842 + j*(1015)
-1792 + j*(779)
-1704 + j*(542)
-1581 + j*(312)
