rxdata13 = [-588 + j*(250)
-469 + j*(267)
-362 + j*(272)
-274 + j*(264)
-204 + j*(246)
-154 + j*(211)
-128 + j*(162)
-120 + j*(99)
-135 + j*(18)
-167 + j*(-72)
-216 + j*(-181)
-279 + j*(-298)
-352 + j*(-425)
-433 + j*(-557)
-518 + j*(-691)
-606 + j*(-823)
-693 + j*(-951)
-778 + j*(-1067)
-860 + j*(-1173)
-937 + j*(-1260)
-1011 + j*(-1330)
-1077 + j*(-1378)
-1141 + j*(-1403)
-1201 + j*(-1406)
-1255 + j*(-1385)
-1309 + j*(-1343)
-1358 + j*(-1281)
-1406 + j*(-1201)
-1450 + j*(-1106)
-1489 + j*(-998)
-1524 + j*(-881)
-1551 + j*(-757)
-1569 + j*(-628)
-1577 + j*(-499)
-1572 + j*(-366)
-1553 + j*(-237)
-1517 + j*(-106)
-1467 + j*(23)
-1399 + j*(152)
-1315 + j*(282)
-1219 + j*(413)
-1109 + j*(549)
-993 + j*(683)
-872 + j*(826)
-752 + j*(967)
-638 + j*(1112)
-536 + j*(1255)
-450 + j*(1394)
-386 + j*(1527)
-346 + j*(1645)
-336 + j*(1747)
-355 + j*(1825)
-406 + j*(1873)
-484 + j*(1888)
-592 + j*(1863)
-720 + j*(1795)
-869 + j*(1681)
-1026 + j*(1520)
-1189 + j*(1311)
-1346 + j*(1060)
-1492 + j*(766)
-1619 + j*(441)
-1718 + j*(86)
-1787 + j*(-283)
-1818 + j*(-660)
-1809 + j*(-1034)
-1762 + j*(-1393)
-1675 + j*(-1724)
-1552 + j*(-2021)
-1399 + j*(-2271)
-1219 + j*(-2469)
-1023 + j*(-2610)
-818 + j*(-2689)
-612 + j*(-2708)
-416 + j*(-2666)
-233 + j*(-2573)
-78 + j*(-2428)
52 + j*(-2248)
147 + j*(-2035)
210 + j*(-1808)
239 + j*(-1571)
236 + j*(-1340)
206 + j*(-1124)
154 + j*(-934)
92 + j*(-774)
21 + j*(-653)
-43 + j*(-571)
-97 + j*(-530)
-130 + j*(-530)
-137 + j*(-560)
-113 + j*(-622)
-53 + j*(-701)
39 + j*(-791)
167 + j*(-882)
323 + j*(-962)
500 + j*(-1025)
693 + j*(-1059)
887 + j*(-1060)
1075 + j*(-1023)
1244 + j*(-946)
1382 + j*(-830)
1479 + j*(-676)
1526 + j*(-492)
1518 + j*(-283)
1448 + j*(-61)
1316 + j*(167)
1122 + j*(386)
875 + j*(590)
576 + j*(764)
244 + j*(905)
-117 + j*(1000)
-486 + j*(1048)
-853 + j*(1046)
-1200 + j*(994)
-1513 + j*(897)
-1776 + j*(759)
-1983 + j*(591)
-2118 + j*(401)
-2181 + j*(202)
-2168 + j*(5)
-2076 + j*(-177)
-1917 + j*(-332)
-1691 + j*(-451)
-1414 + j*(-527)
-1096 + j*(-549)
-753 + j*(-524)
-400 + j*(-440)
-53 + j*(-311)
271 + j*(-135)
563 + j*(71)
807 + j*(305)
998 + j*(548)
1127 + j*(789)
1193 + j*(1016)
1196 + j*(1211)
1140 + j*(1368)
1033 + j*(1472)
884 + j*(1521)
704 + j*(1506)
506 + j*(1429)
302 + j*(1289)
109 + j*(1095)
-66 + j*(852)
-207 + j*(572)
-311 + j*(269)
-369 + j*(-45)
-377 + j*(-356)
-338 + j*(-649)
-252 + j*(-910)
-125 + j*(-1129)
35 + j*(-1298)
220 + j*(-1407)
419 + j*(-1457)
621 + j*(-1445)
816 + j*(-1375)
992 + j*(-1254)
1145 + j*(-1089)
1262 + j*(-894)
1346 + j*(-679)
1389 + j*(-458)
1395 + j*(-245)
1367 + j*(-51)
1309 + j*(110)
1230 + j*(233)
1136 + j*(307)
1039 + j*(331)
945 + j*(303)
867 + j*(224)
807 + j*(101)
778 + j*(-59)
777 + j*(-251)
812 + j*(-457)
877 + j*(-672)
971 + j*(-879)
1088 + j*(-1070)
1217 + j*(-1232)
1355 + j*(-1358)
1484 + j*(-1439)
1599 + j*(-1475)
1683 + j*(-1461)
1730 + j*(-1401)
1731 + j*(-1295)
1676 + j*(-1153)
1566 + j*(-979)
1394 + j*(-785)
1164 + j*(-579)
881 + j*(-371)
548 + j*(-172)
178 + j*(12)
-219 + j*(172)
-632 + j*(305)
-1046 + j*(405)
-1446 + j*(474)
-1824 + j*(511)
-2163 + j*(523)
-2457 + j*(511)
-2697 + j*(486)
-2875 + j*(450)
-2996 + j*(415)
-3051 + j*(387)
-3051 + j*(372)
-2998 + j*(375)
-2899 + j*(402)
-2766 + j*(452)
-2607 + j*(526)
-2432 + j*(622)
-2253 + j*(733)
-2077 + j*(856)
-1915 + j*(980)
-1770 + j*(1100)
-1651 + j*(1204)
-1554 + j*(1284)
-1484 + j*(1334)
-1436 + j*(1343)
-1408 + j*(1310)
-1392 + j*(1228)
-1383 + j*(1102)
-1373 + j*(927)
-1356 + j*(715)
-1323 + j*(465)
-1272 + j*(193)
-1196 + j*(-97)
-1094 + j*(-389)
-966 + j*(-674)
-812 + j*(-940)
-640 + j*(-1176)
-450 + j*(-1372)
-253 + j*(-1522)
-56 + j*(-1618)
132 + j*(-1662)
304 + j*(-1649)
449 + j*(-1585)
563 + j*(-1475)
636 + j*(-1326)
668 + j*(-1148)
657 + j*(-952)
600 + j*(-748)
506 + j*(-550)
376 + j*(-368)
218 + j*(-212)
43 + j*(-90)
-142 + j*(-10)
-323 + j*(25)
-493 + j*(14)
-639 + j*(-40)
-753 + j*(-138)
-829 + j*(-271)
-858 + j*(-432)
-842 + j*(-612)
-778 + j*(-800)
-669 + j*(-989)
-519 + j*(-1166)
-337 + j*(-1324)
-129 + j*(-1454)
91 + j*(-1550)
318 + j*(-1611)
534 + j*(-1633)
733 + j*(-1617)
904 + j*(-1566)
1038 + j*(-1486)
1130 + j*(-1380)
1174 + j*(-1259)
1172 + j*(-1129)
1122 + j*(-999)
1030 + j*(-876)
901 + j*(-767)
742 + j*(-678)
566 + j*(-612)
378 + j*(-572)
194 + j*(-557)
20 + j*(-567)
-129 + j*(-596)
-250 + j*(-641)
-331 + j*(-691)
-371 + j*(-746)
-365 + j*(-791)
-314 + j*(-823)
-221 + j*(-834)
-86 + j*(-818)
78 + j*(-771)
269 + j*(-693)
476 + j*(-580)
691 + j*(-437)
902 + j*(-265)
1105 + j*(-74)
1286 + j*(134)
1443 + j*(345)
1570 + j*(556)
1663 + j*(751)
1723 + j*(926)
1749 + j*(1069)
1743 + j*(1174)
1713 + j*(1237)
1660 + j*(1250)
1594 + j*(1215)
1518 + j*(1131)
1443 + j*(1000)
1372 + j*(830)
1312 + j*(622)
1268 + j*(391)
1240 + j*(138)
1234 + j*(-118)
1246 + j*(-378)
1277 + j*(-625)
1322 + j*(-853)
1380 + j*(-1057)
1444 + j*(-1225)
1509 + j*(-1363)
1569 + j*(-1457)
1620 + j*(-1517)
1656 + j*(-1537)
1673 + j*(-1524)
1670 + j*(-1481)
1644 + j*(-1412)
1593 + j*(-1324)
1522 + j*(-1223)
1428 + j*(-1112)
1320 + j*(-1001)
1195 + j*(-890)
1066 + j*(-786)
928 + j*(-688)
794 + j*(-601)
662 + j*(-523)
538 + j*(-453)
424 + j*(-391)
321 + j*(-333)
229 + j*(-278)
147 + j*(-222)
73 + j*(-164)
5 + j*(-101)
-60 + j*(-33)
-127 + j*(39)
-200 + j*(118)
-281 + j*(198)
-373 + j*(281)
-478 + j*(359)
-596 + j*(431)
-725 + j*(492)
-866 + j*(538)
-1011 + j*(565)
-1159 + j*(571)
-1302 + j*(553)
-1433 + j*(509)
-1547 + j*(444)
-1632 + j*(353)
-1688 + j*(246)
-1702 + j*(122)
-1673 + j*(-7)
-1598 + j*(-140)
-1472 + j*(-267)
-1300 + j*(-380)
-1080 + j*(-474)
-819 + j*(-539)
-522 + j*(-573)
-199 + j*(-568)
142 + j*(-524)
492 + j*(-441)
839 + j*(-317)
1171 + j*(-160)
1479 + j*(30)
1753 + j*(240)
1986 + j*(467)
2169 + j*(697)
2301 + j*(922)
2377 + j*(1130)
2401 + j*(1312)
2371 + j*(1455)
2296 + j*(1557)
2176 + j*(1605)
2028 + j*(1599)
1851 + j*(1534)
1664 + j*(1410)
1470 + j*(1231)
1281 + j*(1001)
1108 + j*(724)
954 + j*(413)
830 + j*(72)
738 + j*(-281)
683 + j*(-642)
661 + j*(-996)
678 + j*(-1333)
725 + j*(-1643)
803 + j*(-1920)
903 + j*(-2150)
1020 + j*(-2337)
1147 + j*(-2467)
1278 + j*(-2551)
1404 + j*(-2577)
1521 + j*(-2556)
1623 + j*(-2488)
1705 + j*(-2378)
1764 + j*(-2232)
1798 + j*(-2057)
1806 + j*(-1859)
1789 + j*(-1646)
1746 + j*(-1423)
1684 + j*(-1196)
1600 + j*(-972)
1502 + j*(-752)
1392 + j*(-545)
1272 + j*(-346)
1148 + j*(-164)
1022 + j*(3)
895 + j*(156)
772 + j*(292)
653 + j*(413)
537 + j*(519)
430 + j*(609)
326 + j*(686)
229 + j*(745)
139 + j*(792)
53 + j*(820)
-25 + j*(834)
-97 + j*(829)
-163 + j*(806)
-219 + j*(766)
-266 + j*(706)
-302 + j*(629)
-325 + j*(532)
-331 + j*(421)
-324 + j*(295)
-295 + j*(158)
-249 + j*(12)
-182 + j*(-137)
-96 + j*(-288)
6 + j*(-434)
128 + j*(-572)
263 + j*(-697)
407 + j*(-806)
560 + j*(-892)
714 + j*(-961)
866 + j*(-999)
1010 + j*(-1016)
1140 + j*(-1004)
1257 + j*(-969)
1348 + j*(-911)
1419 + j*(-832)
1460 + j*(-736)
1474 + j*(-625)
1458 + j*(-504)
1413 + j*(-377)
1341 + j*(-245)
1243 + j*(-115)
1121 + j*(13)
981 + j*(134)
823 + j*(251)
651 + j*(359)
471 + j*(459)
283 + j*(550)
91 + j*(635)
-101 + j*(710)
-296 + j*(780)
-489 + j*(843)
-681 + j*(902)
-872 + j*(953)
-1060 + j*(997)
-1247 + j*(1036)
-1433 + j*(1062)
-1614 + j*(1081)
-1796 + j*(1082)
-1970 + j*(1071)
-2140 + j*(1041)
-2298 + j*(990)
-2446 + j*(919)
-2574 + j*(824)
-2684 + j*(709)
-2764 + j*(572)
-2817 + j*(419)
-2832 + j*(250)
-2810 + j*(73)
-2748 + j*(-107)
-2641 + j*(-285)
-2495 + j*(-451)
-2306 + j*(-600)
-2081 + j*(-723)
-1823 + j*(-815)
-1540 + j*(-868)
-1241 + j*(-880)
-932 + j*(-848)
-626 + j*(-770)
-332 + j*(-649)
-59 + j*(-489)
180 + j*(-293)
381 + j*(-73)
535 + j*(165)
637 + j*(408)
687 + j*(646)
680 + j*(865)
626 + j*(1056)
521 + j*(1204)
381 + j*(1305)
209 + j*(1346)
19 + j*(1326)
-177 + j*(1241)
-369 + j*(1091)
-542 + j*(880)
-687 + j*(615)
-792 + j*(303)
-849 + j*(-40)
-854 + j*(-406)
-801 + j*(-777)
-693 + j*(-1141)
-530 + j*(-1480)
-321 + j*(-1782)
-72 + j*(-2035)
204 + j*(-2226)
