rxdata3 = [-1038 + j*(1072)
-1252 + j*(1075)
-1448 + j*(1035)
-1621 + j*(956)
-1760 + j*(847)
-1863 + j*(711)
-1924 + j*(559)
-1945 + j*(400)
-1925 + j*(242)
-1867 + j*(94)
-1779 + j*(-39)
-1664 + j*(-149)
-1533 + j*(-234)
-1388 + j*(-290)
-1244 + j*(-317)
-1104 + j*(-318)
-975 + j*(-292)
-864 + j*(-250)
-772 + j*(-189)
-703 + j*(-121)
-657 + j*(-48)
-630 + j*(22)
-622 + j*(85)
-627 + j*(140)
-638 + j*(181)
-653 + j*(209)
-662 + j*(224)
-662 + j*(228)
-646 + j*(225)
-614 + j*(217)
-559 + j*(213)
-485 + j*(213)
-389 + j*(226)
-278 + j*(254)
-153 + j*(301)
-22 + j*(369)
108 + j*(458)
234 + j*(567)
342 + j*(690)
433 + j*(827)
494 + j*(965)
525 + j*(1101)
521 + j*(1223)
482 + j*(1324)
407 + j*(1393)
302 + j*(1423)
169 + j*(1404)
17 + j*(1335)
-146 + j*(1207)
-312 + j*(1025)
-473 + j*(786)
-614 + j*(498)
-734 + j*(166)
-817 + j*(-198)
-866 + j*(-586)
-869 + j*(-982)
-831 + j*(-1373)
-749 + j*(-1744)
-627 + j*(-2079)
-474 + j*(-2369)
-294 + j*(-2599)
-100 + j*(-2760)
97 + j*(-2846)
286 + j*(-2854)
457 + j*(-2781)
594 + j*(-2633)
692 + j*(-2412)
737 + j*(-2130)
728 + j*(-1796)
659 + j*(-1422)
528 + j*(-1025)
341 + j*(-616)
99 + j*(-213)
-187 + j*(172)
-509 + j*(526)
-854 + j*(842)
-1211 + j*(1105)
-1562 + j*(1318)
-1898 + j*(1470)
-2202 + j*(1570)
-2465 + j*(1612)
-2676 + j*(1610)
-2828 + j*(1564)
-2916 + j*(1489)
-2938 + j*(1389)
-2897 + j*(1280)
-2794 + j*(1168)
-2640 + j*(1062)
-2441 + j*(974)
-2207 + j*(904)
-1954 + j*(862)
-1689 + j*(845)
-1430 + j*(857)
-1184 + j*(892)
-965 + j*(948)
-780 + j*(1018)
-636 + j*(1094)
-536 + j*(1170)
-484 + j*(1237)
-476 + j*(1288)
-511 + j*(1315)
-581 + j*(1314)
-680 + j*(1279)
-799 + j*(1208)
-928 + j*(1104)
-1057 + j*(965)
-1177 + j*(797)
-1278 + j*(606)
-1352 + j*(399)
-1394 + j*(184)
-1399 + j*(-30)
-1365 + j*(-231)
-1294 + j*(-416)
-1185 + j*(-569)
-1045 + j*(-691)
-879 + j*(-771)
-695 + j*(-808)
-500 + j*(-800)
-304 + j*(-747)
-117 + j*(-654)
55 + j*(-523)
201 + j*(-364)
319 + j*(-181)
400 + j*(13)
443 + j*(212)
445 + j*(404)
408 + j*(582)
331 + j*(734)
222 + j*(856)
82 + j*(941)
-79 + j*(984)
-259 + j*(985)
-446 + j*(942)
-638 + j*(856)
-821 + j*(734)
-997 + j*(577)
-1153 + j*(395)
-1290 + j*(193)
-1403 + j*(-20)
-1490 + j*(-235)
-1550 + j*(-445)
-1586 + j*(-641)
-1597 + j*(-819)
-1586 + j*(-968)
-1558 + j*(-1089)
-1515 + j*(-1174)
-1461 + j*(-1224)
-1400 + j*(-1239)
-1333 + j*(-1217)
-1268 + j*(-1164)
-1201 + j*(-1081)
-1140 + j*(-973)
-1081 + j*(-844)
-1025 + j*(-701)
-974 + j*(-548)
-923 + j*(-390)
-874 + j*(-232)
-823 + j*(-78)
-769 + j*(65)
-710 + j*(200)
-643 + j*(319)
-569 + j*(425)
-486 + j*(514)
-394 + j*(587)
-293 + j*(647)
-185 + j*(689)
-71 + j*(720)
47 + j*(738)
163 + j*(747)
280 + j*(748)
389 + j*(741)
490 + j*(729)
579 + j*(712)
652 + j*(692)
707 + j*(670)
742 + j*(646)
756 + j*(619)
748 + j*(592)
717 + j*(562)
666 + j*(534)
593 + j*(502)
504 + j*(471)
399 + j*(439)
282 + j*(408)
157 + j*(378)
27 + j*(348)
-102 + j*(322)
-230 + j*(299)
-350 + j*(280)
-460 + j*(268)
-555 + j*(262)
-636 + j*(262)
-696 + j*(273)
-738 + j*(289)
-755 + j*(318)
-756 + j*(353)
-729 + j*(398)
-687 + j*(451)
-621 + j*(511)
-540 + j*(577)
-441 + j*(650)
-331 + j*(722)
-209 + j*(799)
-79 + j*(872)
55 + j*(945)
191 + j*(1011)
327 + j*(1071)
459 + j*(1122)
585 + j*(1162)
703 + j*(1191)
810 + j*(1206)
907 + j*(1206)
990 + j*(1193)
1062 + j*(1163)
1117 + j*(1118)
1161 + j*(1060)
1190 + j*(986)
1209 + j*(902)
1216 + j*(806)
1213 + j*(700)
1201 + j*(589)
1183 + j*(472)
1160 + j*(354)
1133 + j*(237)
1105 + j*(122)
1076 + j*(15)
1047 + j*(-85)
1019 + j*(-174)
994 + j*(-250)
970 + j*(-312)
949 + j*(-360)
929 + j*(-389)
910 + j*(-402)
892 + j*(-399)
871 + j*(-378)
848 + j*(-343)
821 + j*(-293)
788 + j*(-233)
749 + j*(-160)
698 + j*(-83)
641 + j*(0)
569 + j*(85)
489 + j*(167)
392 + j*(247)
285 + j*(319)
164 + j*(380)
32 + j*(431)
-110 + j*(466)
-262 + j*(485)
-424 + j*(489)
-587 + j*(473)
-757 + j*(440)
-924 + j*(390)
-1090 + j*(322)
-1247 + j*(241)
-1398 + j*(144)
-1533 + j*(38)
-1654 + j*(-78)
-1757 + j*(-197)
-1835 + j*(-320)
-1893 + j*(-441)
-1922 + j*(-556)
-1926 + j*(-663)
-1898 + j*(-755)
-1844 + j*(-833)
-1760 + j*(-891)
-1648 + j*(-927)
-1509 + j*(-937)
-1347 + j*(-920)
-1163 + j*(-876)
-960 + j*(-802)
-743 + j*(-699)
-516 + j*(-568)
-283 + j*(-409)
-50 + j*(-225)
178 + j*(-19)
397 + j*(207)
602 + j*(445)
789 + j*(696)
953 + j*(950)
1091 + j*(1204)
1199 + j*(1452)
1278 + j*(1687)
1322 + j*(1906)
1336 + j*(2100)
1317 + j*(2268)
1267 + j*(2405)
1189 + j*(2505)
1086 + j*(2568)
961 + j*(2592)
818 + j*(2574)
662 + j*(2519)
499 + j*(2424)
333 + j*(2294)
167 + j*(2133)
8 + j*(1942)
-140 + j*(1731)
-275 + j*(1501)
-394 + j*(1263)
-493 + j*(1017)
-572 + j*(775)
-630 + j*(542)
-668 + j*(320)
-685 + j*(119)
-684 + j*(-59)
-666 + j*(-211)
-635 + j*(-333)
-591 + j*(-425)
-541 + j*(-483)
-483 + j*(-512)
-426 + j*(-509)
-366 + j*(-480)
-311 + j*(-425)
-259 + j*(-351)
-213 + j*(-259)
-174 + j*(-154)
-142 + j*(-44)
-116 + j*(69)
-97 + j*(182)
-82 + j*(285)
-70 + j*(382)
-60 + j*(461)
-49 + j*(526)
-36 + j*(571)
-18 + j*(596)
7 + j*(600)
40 + j*(582)
84 + j*(544)
137 + j*(486)
202 + j*(410)
279 + j*(319)
366 + j*(213)
465 + j*(97)
573 + j*(-27)
686 + j*(-156)
808 + j*(-287)
929 + j*(-419)
1053 + j*(-548)
1173 + j*(-671)
1287 + j*(-787)
1394 + j*(-895)
1488 + j*(-991)
1569 + j*(-1078)
1632 + j*(-1151)
1676 + j*(-1214)
1699 + j*(-1266)
1699 + j*(-1306)
1678 + j*(-1338)
1628 + j*(-1359)
1559 + j*(-1375)
1464 + j*(-1384)
1347 + j*(-1390)
1212 + j*(-1393)
1056 + j*(-1394)
888 + j*(-1399)
707 + j*(-1400)
519 + j*(-1408)
327 + j*(-1415)
134 + j*(-1428)
-53 + j*(-1441)
-233 + j*(-1456)
-401 + j*(-1472)
-554 + j*(-1486)
-689 + j*(-1499)
-804 + j*(-1505)
-894 + j*(-1505)
-964 + j*(-1497)
-1007 + j*(-1475)
-1029 + j*(-1444)
-1027 + j*(-1394)
-1004 + j*(-1333)
-963 + j*(-1253)
-905 + j*(-1159)
-835 + j*(-1050)
-753 + j*(-925)
-666 + j*(-791)
-574 + j*(-645)
-482 + j*(-495)
-391 + j*(-340)
-305 + j*(-187)
-221 + j*(-39)
-147 + j*(104)
-77 + j*(231)
-15 + j*(349)
40 + j*(445)
90 + j*(525)
137 + j*(582)
181 + j*(621)
223 + j*(636)
266 + j*(634)
308 + j*(612)
354 + j*(574)
399 + j*(523)
447 + j*(462)
495 + j*(392)
542 + j*(319)
588 + j*(245)
629 + j*(170)
664 + j*(100)
691 + j*(34)
707 + j*(-25)
709 + j*(-78)
699 + j*(-127)
672 + j*(-170)
631 + j*(-209)
574 + j*(-246)
503 + j*(-283)
421 + j*(-320)
328 + j*(-361)
232 + j*(-404)
131 + j*(-453)
34 + j*(-504)
-57 + j*(-561)
-139 + j*(-618)
-206 + j*(-678)
-255 + j*(-733)
-286 + j*(-786)
-294 + j*(-827)
-283 + j*(-860)
-248 + j*(-874)
-194 + j*(-873)
-123 + j*(-849)
-38 + j*(-803)
56 + j*(-734)
154 + j*(-642)
254 + j*(-528)
347 + j*(-393)
432 + j*(-244)
501 + j*(-81)
554 + j*(87)
587 + j*(257)
598 + j*(424)
589 + j*(580)
558 + j*(721)
511 + j*(841)
448 + j*(938)
375 + j*(1005)
296 + j*(1048)
217 + j*(1059)
142 + j*(1045)
76 + j*(1005)
26 + j*(944)
-8 + j*(868)
-21 + j*(783)
-13 + j*(693)
15 + j*(606)
67 + j*(529)
135 + j*(466)
218 + j*(423)
312 + j*(403)
410 + j*(408)
510 + j*(439)
603 + j*(495)
687 + j*(573)
755 + j*(669)
807 + j*(777)
837 + j*(891)
847 + j*(1004)
837 + j*(1108)
809 + j*(1197)
767 + j*(1260)
715 + j*(1297)
661 + j*(1295)
607 + j*(1261)
565 + j*(1182)
538 + j*(1066)
535 + j*(913)
557 + j*(724)
615 + j*(509)
704 + j*(270)
831 + j*(17)
990 + j*(-240)
1183 + j*(-496)
1400 + j*(-739)
1639 + j*(-965)
1889 + j*(-1163)
2142 + j*(-1330)
2388 + j*(-1460)
2619 + j*(-1551)
2821 + j*(-1602)
2991 + j*(-1617)
3114 + j*(-1593)
3189 + j*(-1539)
3208 + j*(-1456)
3171 + j*(-1354)
3074 + j*(-1235)
2923 + j*(-1111)
2718 + j*(-982)
2467 + j*(-859)
2176 + j*(-742)
1854 + j*(-639)
1511 + j*(-548)
1156 + j*(-472)
800 + j*(-409)
451 + j*(-359)
120 + j*(-316)
-186 + j*(-279)
-462 + j*(-241)
-704 + j*(-198)
-906 + j*(-146)
-1071 + j*(-81)
-1195 + j*(1)
-1284 + j*(103)
-1340 + j*(226)
-1366 + j*(369)
-1369 + j*(530)
-1353 + j*(709)
-1323 + j*(898)
-1286 + j*(1094)
-1244 + j*(1290)
-1202 + j*(1481)
-1163 + j*(1659)
-1125 + j*(1818)
-1094 + j*(1951)
-1066 + j*(2054)
-1041 + j*(2124)
-1017 + j*(2157)
-991 + j*(2150)
