rxdata = [-4155 + j*(4289)
-5008 + j*(4300)
-5795 + j*(4142)
-6486 + j*(3827)
-7040 + j*(3388)
-7455 + j*(2846)
-7697 + j*(2238)
-7781 + j*(1603)
-7702 + j*(969)
-7471 + j*(376)
-7119 + j*(-156)
-6656 + j*(-596)
-6133 + j*(-936)
-5555 + j*(-1160)
-4978 + j*(-1269)
-4417 + j*(-1273)
-3902 + j*(-1171)
-3458 + j*(-1003)
-3089 + j*(-756)
-2813 + j*(-487)
-2628 + j*(-195)
-2522 + j*(88)
-2490 + j*(343)
-2508 + j*(560)
-2554 + j*(726)
-2612 + j*(836)
-2648 + j*(898)
-2650 + j*(915)
-2586 + j*(902)
-2457 + j*(871)
-2237 + j*(853)
-1941 + j*(853)
-1558 + j*(906)
-1114 + j*(1018)
-613 + j*(1206)
-91 + j*(1477)
434 + j*(1832)
936 + j*(2269)
1370 + j*(2762)
1733 + j*(3309)
1978 + j*(3862)
2101 + j*(4407)
2085 + j*(4895)
1928 + j*(5299)
1628 + j*(5573)
1208 + j*(5693)
678 + j*(5616)
70 + j*(5341)
-586 + j*(4830)
-1250 + j*(4101)
-1892 + j*(3147)
-2457 + j*(1992)
-2937 + j*(667)
-3271 + j*(-794)
-3466 + j*(-2347)
-3477 + j*(-3929)
-3324 + j*(-5493)
-2997 + j*(-6976)
-2510 + j*(-8319)
-1897 + j*(-9478)
-1178 + j*(-10397)
-403 + j*(-11043)
388 + j*(-11386)
1146 + j*(-11419)
1828 + j*(-11125)
2376 + j*(-10535)
2768 + j*(-9649)
2950 + j*(-8520)
2914 + j*(-7184)
2637 + j*(-5689)
2115 + j*(-4100)
1364 + j*(-2466)
399 + j*(-853)
-750 + j*(691)
-2039 + j*(2106)
-3417 + j*(3368)
-4846 + j*(4423)
-6250 + j*(5273)
-7593 + j*(5883)
-8810 + j*(6281)
-9862 + j*(6449)
-10704 + j*(6443)
-11313 + j*(6257)
-11664 + j*(5958)
-11752 + j*(5559)
-11591 + j*(5121)
-11179 + j*(4673)
-10562 + j*(4251)
-9764 + j*(3897)
-8831 + j*(3617)
-7818 + j*(3451)
-6759 + j*(3381)
-5721 + j*(3430)
-4739 + j*(3569)
-3863 + j*(3792)
-3121 + j*(4072)
-2546 + j*(4378)
-2146 + j*(4681)
-1936 + j*(4951)
-1904 + j*(5155)
-2044 + j*(5262)
-2325 + j*(5257)
-2721 + j*(5116)
-3199 + j*(4835)
-3714 + j*(4416)
-4231 + j*(3860)
-4710 + j*(3191)
-5112 + j*(2426)
-5409 + j*(1596)
-5577 + j*(739)
-5598 + j*(-120)
-5462 + j*(-925)
-5176 + j*(-1664)
-4741 + j*(-2279)
-4182 + j*(-2766)
-3516 + j*(-3085)
-2782 + j*(-3234)
-2000 + j*(-3200)
-1219 + j*(-2990)
-470 + j*(-2617)
221 + j*(-2094)
806 + j*(-1456)
1279 + j*(-726)
1602 + j*(55)
1774 + j*(850)
1781 + j*(1618)
1632 + j*(2328)
1327 + j*(2937)
889 + j*(3427)
329 + j*(3765)
-319 + j*(3939)
-1038 + j*(3940)
-1785 + j*(3769)
-2554 + j*(3426)
-3285 + j*(2937)
-3991 + j*(2309)
-4613 + j*(1581)
-5163 + j*(774)
-5612 + j*(-80)
-5962 + j*(-940)
-6203 + j*(-1782)
-6345 + j*(-2566)
-6389 + j*(-3276)
-6346 + j*(-3872)
-6234 + j*(-4356)
-6060 + j*(-4696)
-5844 + j*(-4898)
-5600 + j*(-4956)
-5334 + j*(-4868)
-5074 + j*(-4658)
-4807 + j*(-4324)
-4562 + j*(-3893)
-4324 + j*(-3379)
-4103 + j*(-2804)
-3897 + j*(-2193)
-3695 + j*(-1560)
-3498 + j*(-929)
-3295 + j*(-315)
-3076 + j*(263)
-2841 + j*(800)
-2574 + j*(1279)
-2279 + j*(1701)
-1944 + j*(2059)
-1578 + j*(2350)
-1173 + j*(2588)
-741 + j*(2757)
-287 + j*(2882)
188 + j*(2955)
654 + j*(2990)
1123 + j*(2992)
1557 + j*(2964)
1963 + j*(2918)
2316 + j*(2848)
2608 + j*(2771)
2831 + j*(2680)
2968 + j*(2584)
3026 + j*(2478)
2992 + j*(2369)
2869 + j*(2250)
2665 + j*(2136)
2373 + j*(2008)
2018 + j*(1887)
1597 + j*(1757)
1129 + j*(1632)
631 + j*(1513)
108 + j*(1393)
-410 + j*(1290)
-923 + j*(1199)
-1400 + j*(1122)
-1843 + j*(1074)
-2223 + j*(1049)
-2545 + j*(1050)
-2784 + j*(1095)
-2954 + j*(1156)
-3023 + j*(1275)
-3025 + j*(1414)
-2918 + j*(1594)
-2750 + j*(1807)
-2484 + j*(2046)
-2163 + j*(2310)
-1766 + j*(2602)
-1324 + j*(2888)
-836 + j*(3198)
-317 + j*(3489)
221 + j*(3780)
767 + j*(4044)
1309 + j*(4285)
1838 + j*(4489)
2341 + j*(4651)
2815 + j*(4765)
3242 + j*(4827)
3631 + j*(4825)
3961 + j*(4773)
4248 + j*(4655)
4470 + j*(4474)
4647 + j*(4243)
4763 + j*(3947)
4838 + j*(3609)
4864 + j*(3225)
4852 + j*(2802)
4807 + j*(2359)
4735 + j*(1891)
4642 + j*(1419)
4535 + j*(950)
4421 + j*(491)
4304 + j*(61)
4188 + j*(-340)
4078 + j*(-697)
3977 + j*(-1003)
3881 + j*(-1251)
3796 + j*(-1440)
3717 + j*(-1557)
3640 + j*(-1611)
3568 + j*(-1596)
3484 + j*(-1514)
3394 + j*(-1375)
3287 + j*(-1174)
3152 + j*(-933)
2999 + j*(-641)
2795 + j*(-334)
2567 + j*(2)
2278 + j*(340)
1956 + j*(670)
1569 + j*(989)
1142 + j*(1276)
659 + j*(1522)
130 + j*(1725)
-443 + j*(1864)
-1050 + j*(1943)
-1698 + j*(1957)
-2349 + j*(1894)
-3031 + j*(1763)
-3696 + j*(1561)
-4362 + j*(1291)
-4989 + j*(964)
-5594 + j*(576)
-6134 + j*(153)
-6619 + j*(-313)
-7028 + j*(-791)
-7343 + j*(-1281)
-7575 + j*(-1766)
-7689 + j*(-2224)
-7705 + j*(-2652)
-7595 + j*(-3023)
-7379 + j*(-3335)
-7041 + j*(-3564)
-6595 + j*(-3708)
-6039 + j*(-3749)
-5389 + j*(-3683)
-4653 + j*(-3507)
-3840 + j*(-3210)
-2974 + j*(-2799)
-2064 + j*(-2273)
-1133 + j*(-1637)
-203 + j*(-900)
714 + j*(-77)
1591 + j*(828)
2411 + j*(1781)
3158 + j*(2785)
3814 + j*(3800)
4366 + j*(4817)
4799 + j*(5808)
5112 + j*(6748)
5291 + j*(7624)
5347 + j*(8402)
5268 + j*(9075)
5070 + j*(9620)
4758 + j*(10021)
4344 + j*(10272)
3844 + j*(10369)
3275 + j*(10299)
2650 + j*(10077)
1999 + j*(9697)
1332 + j*(9177)
671 + j*(8532)
35 + j*(7769)
-561 + j*(6927)
-1101 + j*(6004)
-1576 + j*(5052)
-1972 + j*(4071)
-2290 + j*(3102)
-2523 + j*(2168)
-2672 + j*(1280)
-2742 + j*(479)
-2738 + j*(-239)
-2664 + j*(-846)
-2541 + j*(-1332)
-2366 + j*(-1701)
-2165 + j*(-1933)
-1935 + j*(-2049)
-1704 + j*(-2038)
-1466 + j*(-1923)
-1245 + j*(-1703)
-1037 + j*(-1404)
-853 + j*(-1037)
-698 + j*(-619)
-568 + j*(-177)
-465 + j*(278)
-389 + j*(728)
-328 + j*(1141)
-282 + j*(1528)
-242 + j*(1845)
-197 + j*(2106)
-144 + j*(2285)
-72 + j*(2385)
31 + j*(2402)
160 + j*(2330)
336 + j*(2179)
550 + j*(1946)
809 + j*(1643)
1119 + j*(1277)
1467 + j*(854)
1860 + j*(391)
2292 + j*(-108)
2746 + j*(-625)
3232 + j*(-1151)
3717 + j*(-1679)
4213 + j*(-2192)
4693 + j*(-2687)
5151 + j*(-3149)
5579 + j*(-3581)
5953 + j*(-3964)
6279 + j*(-4313)
6528 + j*(-4606)
6707 + j*(-4859)
6799 + j*(-5066)
6797 + j*(-5224)
6713 + j*(-5353)
6514 + j*(-5437)
6237 + j*(-5502)
5856 + j*(-5537)
5390 + j*(-5560)
4848 + j*(-5575)
4227 + j*(-5576)
3555 + j*(-5597)
2829 + j*(-5601)
2079 + j*(-5634)
1308 + j*(-5662)
538 + j*(-5713)
-212 + j*(-5765)
-934 + j*(-5827)
-1607 + j*(-5891)
-2217 + j*(-5946)
-2757 + j*(-5997)
-3216 + j*(-6022)
-3577 + j*(-6021)
-3859 + j*(-5989)
-4028 + j*(-5901)
-4117 + j*(-5776)
-4108 + j*(-5578)
-4016 + j*(-5334)
-3853 + j*(-5015)
-3621 + j*(-4636)
-3340 + j*(-4201)
-3015 + j*(-3703)
-2666 + j*(-3165)
-2298 + j*(-2583)
-1930 + j*(-1980)
-1564 + j*(-1363)
-1221 + j*(-748)
-887 + j*(-156)
-589 + j*(416)
-311 + j*(926)
-63 + j*(1397)
161 + j*(1780)
363 + j*(2103)
551 + j*(2329)
726 + j*(2486)
894 + j*(2547)
1066 + j*(2537)
1233 + j*(2449)
1416 + j*(2299)
1596 + j*(2093)
1789 + j*(1848)
1981 + j*(1571)
2170 + j*(1277)
2354 + j*(981)
2519 + j*(682)
2659 + j*(403)
2764 + j*(139)
2830 + j*(-101)
2838 + j*(-315)
2798 + j*(-508)
2689 + j*(-680)
2526 + j*(-839)
2296 + j*(-985)
2014 + j*(-1133)
1685 + j*(-1281)
1315 + j*(-1444)
928 + j*(-1617)
526 + j*(-1812)
136 + j*(-2016)
-229 + j*(-2246)
-556 + j*(-2474)
-824 + j*(-2713)
-1023 + j*(-2935)
-1147 + j*(-3145)
-1179 + j*(-3311)
-1133 + j*(-3441)
-992 + j*(-3499)
-779 + j*(-3493)
-492 + j*(-3396)
-155 + j*(-3215)
224 + j*(-2938)
618 + j*(-2568)
1019 + j*(-2114)
1389 + j*(-1574)
1730 + j*(-976)
2007 + j*(-327)
2218 + j*(351)
2350 + j*(1031)
2393 + j*(1697)
2358 + j*(2323)
2234 + j*(2885)
2046 + j*(3365)
1793 + j*(3755)
1501 + j*(4023)
1186 + j*(4195)
868 + j*(4238)
569 + j*(4180)
305 + j*(4022)
104 + j*(3778)
-34 + j*(3475)
-87 + j*(3132)
-53 + j*(2775)
63 + j*(2427)
269 + j*(2119)
540 + j*(1866)
874 + j*(1695)
1250 + j*(1615)
1643 + j*(1634)
2042 + j*(1758)
2413 + j*(1982)
2750 + j*(2292)
3021 + j*(2677)
3229 + j*(3108)
3348 + j*(3566)
3391 + j*(4019)
3350 + j*(4434)
3237 + j*(4788)
3071 + j*(5041)
2860 + j*(5190)
2645 + j*(5183)
2430 + j*(5044)
2263 + j*(4729)
2152 + j*(4267)
2143 + j*(3654)
2231 + j*(2897)
2462 + j*(2038)
2819 + j*(1080)
3326 + j*(70)
3963 + j*(-961)
4733 + j*(-1985)
5601 + j*(-2958)
6557 + j*(-3861)
7557 + j*(-4654)
8570 + j*(-5321)
9555 + j*(-5840)
10478 + j*(-6207)
11286 + j*(-6411)
11964 + j*(-6468)
12457 + j*(-6373)
