rxdataF_oai = [-8380 + j*(-10523)
-9460 + j*(13833)
8718 + j*(-11838)
-4824 + j*(16068)
8348 + j*(-14780)
-4391 + j*(9563)
4421 + j*(15121)
-12617 + j*(4686)
-12981 + j*(-4263)
14084 + j*(6219)
1664 + j*(-14414)
1655 + j*(11764)
-14538 + j*(-3032)
-49 + j*(14163)
14758 + j*(3154)
-14678 + j*(2002)
-13818 + j*(-1479)
-3002 + j*(12776)
7460 + j*(12428)
-3032 + j*(-11901)
-9520 + j*(2237)
-4210 + j*(-9416)
-11544 + j*(5751)
-3425 + j*(3593)
-10819 + j*(6762)
-11426 + j*(6719)
6816 + j*(-7593)
11123 + j*(-5379)
13835 + j*(8455)
-8977 + j*(10968)
-8343 + j*(10895)
-4052 + j*(9184)
-13218 + j*(11886)
11919 + j*(7100)
1916 + j*(-11157)
-11523 + j*(-4026)
-3531 + j*(11191)
8864 + j*(5404)
-6618 + j*(12630)
1260 + j*(-9571)
-11845 + j*(-7943)
449 + j*(16074)
1911 + j*(16133)
-16337 + j*(1296)
-14059 + j*(-4097)
16337 + j*(-328)
673 + j*(-10491)
-1263 + j*(16139)
941 + j*(-16023)
564 + j*(13023)
13705 + j*(-9101)
-15192 + j*(698)
11255 + j*(-10332)
10055 + j*(-16191)
-5509 + j*(-11396)
847 + j*(9348)
10746 + j*(-8444)
-11010 + j*(-14206)
6428 + j*(14948)
7099 + j*(-7773)
10487 + j*(10885)
8048 + j*(7501)
-14961 + j*(12888)
-11190 + j*(-9768)
-6893 + j*(13554)
7412 + j*(-12778)
-12557 + j*(11379)
8008 + j*(-11110)
-2315 + j*(11559)
5707 + j*(-8890)
4344 + j*(-11465)
12226 + j*(3317)
-13238 + j*(-7894)
14668 + j*(-408)
242 + j*(-15342)
15811 + j*(-1975)
-14551 + j*(1290)
-15560 + j*(1390)
1563 + j*(10340)
15852 + j*(1132)
-2746 + j*(-10528)
15476 + j*(-1792)
12118 + j*(-7157)
2967 + j*(14376)
-7967 + j*(-14975)
10889 + j*(-11039)
-13413 + j*(10478)
8311 + j*(592)
15768 + j*(10222)
-8234 + j*(13329)
-10505 + j*(-9529)
7903 + j*(-11037)
10401 + j*(-9826)
-11968 + j*(-8840)
-9153 + j*(10143)
-10664 + j*(-8453)
10591 + j*(-12125)
-12217 + j*(-9752)
-8737 + j*(12806)
6363 + j*(-12553)
-11350 + j*(-8205)
-365 + j*(13922)
5820 + j*(-15369)
-9652 + j*(-2072)
-13220 + j*(-3484)
4850 + j*(14338)
-14564 + j*(-1801)
1099 + j*(-15564)
-15989 + j*(-903)
-16120 + j*(-2268)
12492 + j*(-1632)
-182 + j*(13920)
-4542 + j*(-14940)
-14933 + j*(3920)
-13007 + j*(1263)
-15162 + j*(4164)
15151 + j*(-3702)
13554 + j*(-5739)
-10295 + j*(-10823)
13649 + j*(-2048)
12223 + j*(-6232)
-11132 + j*(-10228)
8887 + j*(-8874)
-10076 + j*(4900)
-9299 + j*(-8317)
9096 + j*(-10760)
14202 + j*(5809)
-9794 + j*(13503)
-10347 + j*(10641)
-8724 + j*(11214)
-13835 + j*(-5930)
-9411 + j*(15637)
5926 + j*(-12548)
-7973 + j*(12228)
-12013 + j*(-4272)
-1370 + j*(-15783)
15773 + j*(-12)
-14848 + j*(-6693)
-13275 + j*(-5024)
1790 + j*(-12996)
-457 + j*(-13027)
-1501 + j*(-11707)
1359 + j*(-11739)
4458 + j*(16274)
-1355 + j*(-12081)
-12614 + j*(3240)
-1404 + j*(-12836)
13788 + j*(-3112)
-13482 + j*(2389)
-3739 + j*(14165)
4222 + j*(15528)
-12016 + j*(-5004)
-14460 + j*(5585)
-14497 + j*(4911)
-16199 + j*(-13260)
-8472 + j*(15575)
7132 + j*(-5971)
-8609 + j*(-8372)
14287 + j*(8801)
-11046 + j*(15768)
-11888 + j*(-4384)
10808 + j*(4612)
15454 + j*(9881)
-8501 + j*(15723)
6829 + j*(-11200)
4621 + j*(-11942)
11844 + j*(2211)
-2424 + j*(12987)
3934 + j*(121)
540 + j*(-2650)
-765 + j*(-2260)
-1456 + j*(3085)
-790 + j*(3485)
1875 + j*(5385)
499 + j*(-3927)
-294 + j*(-1032)
-2117 + j*(-914)
332 + j*(-1756)
206 + j*(-302)
4671 + j*(2112)
-4211 + j*(-1833)
2348 + j*(-2949)
-2828 + j*(1465)
-5229 + j*(3919)
-1807 + j*(3633)
7556 + j*(-3964)
-1759 + j*(2076)
-1443 + j*(468)
-6470 + j*(-4602)
1247 + j*(-220)
2763 + j*(-3978)
2429 + j*(1566)
158 + j*(-3861)
-3801 + j*(638)
-4004 + j*(-248)
-246 + j*(-1184)
1491 + j*(2181)
1238 + j*(4309)
2912 + j*(-934)
864 + j*(2096)
-2468 + j*(22)
2082 + j*(424)
-2231 + j*(-2705)
-815 + j*(-1168)
-3134 + j*(-982)
1582 + j*(1136)
-1901 + j*(-665)
1411 + j*(254)
1878 + j*(196)
-1219 + j*(513)
1193 + j*(-4662)
797 + j*(-2035)
2625 + j*(1659)
-2617 + j*(2469)
-3074 + j*(-1302)
573 + j*(-2097)
628 + j*(-2708)
1178 + j*(1978)
-357 + j*(1741)
945 + j*(-1675)
1764 + j*(-500)
4162 + j*(224)
-310 + j*(-1200)
1402 + j*(2631)
-1505 + j*(1977)
-1074 + j*(1972)
2739 + j*(-285)
703 + j*(615)
-2322 + j*(804)
-2583 + j*(-3438)
-1165 + j*(1583)
-4978 + j*(-1553)
182 + j*(1108)
1083 + j*(-169)
-3527 + j*(-3711)
4201 + j*(-171)
1383 + j*(-2848)
1512 + j*(-1120)
872 + j*(-1472)
1115 + j*(2817)
-1955 + j*(-2875)
1746 + j*(-741)
-592 + j*(2802)
998 + j*(2564)
-1805 + j*(105)
81 + j*(1616)
1318 + j*(-2084)
3420 + j*(1055)
917 + j*(1981)
-5342 + j*(65)
-1145 + j*(-597)
2578 + j*(-637)
1747 + j*(-822)
-2376 + j*(-2750)
2502 + j*(1684)
440 + j*(1910)
-731 + j*(-509)
-439 + j*(860)
975 + j*(617)
109 + j*(1398)
-2698 + j*(-115)
-332 + j*(-338)
1942 + j*(-4158)
-765 + j*(-2806)
-1782 + j*(406)
-1164 + j*(299)
1639 + j*(-833)
2798 + j*(-826)
-193 + j*(-360)
-1176 + j*(474)
-1166 + j*(-517)
414 + j*(3304)
1032 + j*(-342)
-309 + j*(-939)
-3053 + j*(-519)
-1817 + j*(-1704)
4068 + j*(-1658)
-1536 + j*(-1730)
1366 + j*(-4526)
-1390 + j*(848)
58 + j*(-1108)
951 + j*(-2184)
577 + j*(-15)
-1456 + j*(2229)
3567 + j*(-1083)
-2543 + j*(494)
2910 + j*(-1772)
-196 + j*(2895)
1154 + j*(2550)
-1721 + j*(385)
2918 + j*(734)
-331 + j*(1556)
-2345 + j*(-2437)
1414 + j*(240)
306 + j*(-1776)
-168 + j*(2084)
-1332 + j*(-365)
-1049 + j*(-152)
-482 + j*(914)
417 + j*(-72)
719 + j*(176)
-986 + j*(-143)
202 + j*(1210)
-924 + j*(-1069)
602 + j*(2019)
1111 + j*(812)
1149 + j*(239)
-1194 + j*(651)
-2056 + j*(795)
1571 + j*(-422)
3385 + j*(-597)
387 + j*(1057)
-976 + j*(552)
3116 + j*(183)
-663 + j*(538)
-3497 + j*(234)
1417 + j*(90)
-1204 + j*(-740)
1138 + j*(-2120)
-1572 + j*(2962)
380 + j*(44)
-605 + j*(-417)
-523 + j*(-320)
180 + j*(67)
372 + j*(-499)
-1050 + j*(-922)
-1244 + j*(346)
-1383 + j*(991)
455 + j*(2230)
-1301 + j*(-1069)
-1193 + j*(2607)
540 + j*(-383)
250 + j*(253)
-499 + j*(2332)
659 + j*(-1037)
-172 + j*(763)
424 + j*(2662)
-283 + j*(-1335)
-413 + j*(1865)
1199 + j*(-2058)
1075 + j*(678)
1139 + j*(-1796)
558 + j*(-2135)
18 + j*(899)
-294 + j*(-711)
477 + j*(4022)
-1393 + j*(-414)
-964 + j*(-2565)
1460 + j*(3073)
277 + j*(1324)
552 + j*(-1918)
-987 + j*(2255)
-102 + j*(-1446)
332 + j*(-629)
-1065 + j*(-626)
266 + j*(1385)
1550 + j*(-224)
1792 + j*(2323)
2911 + j*(455)
179 + j*(183)
-705 + j*(404)
-209 + j*(-7)
-44 + j*(-313)
217 + j*(-99)
-282 + j*(950)
462 + j*(-424)
398 + j*(-1293)
727 + j*(136)
-393 + j*(791)
-604 + j*(94)
306 + j*(-240)
566 + j*(-658)
99 + j*(1089)
25 + j*(-514)
3792 + j*(722)
1985 + j*(-772)
-1670 + j*(-639)
-2914 + j*(-453)
-898 + j*(-1361)
2355 + j*(695)
-232 + j*(1778)
-1533 + j*(519)
-874 + j*(-737)
-1175 + j*(1929)
495 + j*(-45)
-188 + j*(-876)
-286 + j*(-88)
-1024 + j*(-240)
678 + j*(934)
1220 + j*(264)
469 + j*(-400)
256 + j*(355)
-26 + j*(-2209)
1775 + j*(1251)
-1010 + j*(-340)
-558 + j*(-568)
-204 + j*(388)
161 + j*(-1044)
-258 + j*(519)
512 + j*(142)
-9 + j*(1238)
-725 + j*(269)
741 + j*(798)
912 + j*(-275)
-315 + j*(-51)
-261 + j*(-1001)
-401 + j*(3611)
-71 + j*(5151)
1612 + j*(854)
1833 + j*(-1917)
684 + j*(-1312)
2292 + j*(807)
-2508 + j*(775)
15 + j*(109)
-1118 + j*(-145)
-1667 + j*(1905)
-671 + j*(370)
-395 + j*(348)
-337 + j*(1177)
4 + j*(-453)
267 + j*(-1495)
-700 + j*(-1205)
555 + j*(1688)
132 + j*(1052)
548 + j*(30)
-902 + j*(460)
-61 + j*(-73)
-186 + j*(264)
-405 + j*(60)
-875 + j*(-410)
90 + j*(933)
163 + j*(77)
348 + j*(735)
-73 + j*(374)
-534 + j*(-9)
33 + j*(273)
184 + j*(-169)
237 + j*(-222)
-480 + j*(2498)
-1884 + j*(-2139)
-816 + j*(-274)
2210 + j*(683)
-552 + j*(380)
-733 + j*(388)
-1437 + j*(555)
305 + j*(248)
-591 + j*(-237)
-1647 + j*(922)
-310 + j*(-509)
-655 + j*(631)
701 + j*(-72)
554 + j*(-122)
46 + j*(-312)
-497 + j*(469)
181 + j*(-101)
-6 + j*(-1085)
352 + j*(76)
-694 + j*(238)
-194 + j*(-223)
-448 + j*(-527)
243 + j*(-443)
44 + j*(141)
-809 + j*(-232)
781 + j*(-7)
-169 + j*(109)
930 + j*(227)
477 + j*(607)
-466 + j*(674)
-291 + j*(-648)
-319 + j*(-378)
-1791 + j*(2142)
2755 + j*(-17)
-445 + j*(1179)
-891 + j*(1676)
-228 + j*(427)
-374 + j*(-1026)
-449 + j*(-2651)
-758 + j*(-201)
-252 + j*(21)
-1747 + j*(534)
-265 + j*(496)
224 + j*(137)
30 + j*(264)
552 + j*(-171)
