rxdataF_oai = [5 + j*(160)
-5 + j*(96)
-77 + j*(-225)
92 + j*(471)
-397 + j*(148)
910 + j*(-401)
-114 + j*(-266)
762 + j*(1129)
1175 + j*(-1182)
-303 + j*(-2269)
1426 + j*(2518)
3380 + j*(3879)
-4444 + j*(1689)
-1386 + j*(2415)
3271 + j*(-3184)
-170 + j*(3703)
297 + j*(-187)
101 + j*(-197)
211 + j*(521)
-219 + j*(-331)
813 + j*(-2525)
-270 + j*(762)
-5 + j*(564)
-129 + j*(-297)
-12440 + j*(12303)
15054 + j*(12233)
13825 + j*(-13755)
15170 + j*(11025)
-11782 + j*(11563)
10987 + j*(-12316)
13641 + j*(13450)
9737 + j*(-12821)
-14250 + j*(14412)
16346 + j*(15111)
-14157 + j*(-15734)
-15780 + j*(14274)
-16207 + j*(13316)
16014 + j*(-13752)
14343 + j*(13701)
-13432 + j*(-16370)
15057 + j*(13686)
-13280 + j*(-15799)
-14733 + j*(-14214)
14278 + j*(-12955)
12055 + j*(-15353)
12169 + j*(15673)
12533 + j*(-16103)
15255 + j*(13886)
-15522 + j*(-13562)
-13797 + j*(15671)
-15781 + j*(-13727)
13958 + j*(-15664)
14016 + j*(-13313)
13580 + j*(-16291)
-13091 + j*(16339)
13698 + j*(-15275)
15900 + j*(13097)
15919 + j*(-12249)
-15366 + j*(-11324)
-14814 + j*(-14818)
15038 + j*(14135)
-13105 + j*(12561)
14028 + j*(-14790)
-13645 + j*(-11836)
-15815 + j*(15348)
-12418 + j*(14356)
-14154 + j*(-12734)
14792 + j*(15474)
-13997 + j*(-13693)
15796 + j*(-14162)
-13773 + j*(-15899)
13644 + j*(16254)
-13365 + j*(-9247)
10233 + j*(11029)
14103 + j*(-14655)
10633 + j*(-12416)
9609 + j*(-13233)
-13441 + j*(12964)
9831 + j*(-12992)
-11052 + j*(-12839)
15337 + j*(13480)
13533 + j*(-15446)
-15633 + j*(-13688)
-13324 + j*(14986)
15378 + j*(11398)
-16225 + j*(-13635)
13451 + j*(-14444)
-15138 + j*(-13753)
-12940 + j*(11099)
-11042 + j*(15411)
-13741 + j*(-10932)
-10683 + j*(15282)
11198 + j*(-13754)
-12298 + j*(-10727)
-13436 + j*(-13294)
-12504 + j*(13891)
-2 + j*(-1)
-357 + j*(390)
387 + j*(174)
-275 + j*(-94)
-445 + j*(543)
333 + j*(50)
-816 + j*(161)
-162 + j*(-367)
1648 + j*(-1955)
1501 + j*(815)
879 + j*(-530)
-859 + j*(804)
30 + j*(749)
1725 + j*(916)
-401 + j*(1221)
-421 + j*(-1864)
975 + j*(994)
-1208 + j*(1188)
1405 + j*(980)
-646 + j*(1095)
511 + j*(2557)
-213 + j*(1555)
-258 + j*(-1508)
-326 + j*(-1188)
-1152 + j*(254)
-897 + j*(-1123)
1387 + j*(318)
-173 + j*(1295)
185 + j*(263)
-2117 + j*(437)
527 + j*(-1099)
-616 + j*(615)
-163 + j*(-46)
100 + j*(2)
172 + j*(-56)
-129 + j*(-426)
-133 + j*(-51)
-729 + j*(371)
99 + j*(235)
-637 + j*(-825)
-3744 + j*(1359)
-1854 + j*(3257)
-1418 + j*(254)
-2450 + j*(-3094)
-2279 + j*(2343)
-210 + j*(1362)
3224 + j*(-1909)
1081 + j*(-3604)
478 + j*(1243)
998 + j*(-981)
1278 + j*(790)
-282 + j*(1136)
-1263 + j*(-1803)
1311 + j*(15)
-162 + j*(-759)
-1154 + j*(354)
-222 + j*(-590)
740 + j*(2159)
1776 + j*(-310)
923 + j*(2933)
3212 + j*(347)
2320 + j*(-2602)
-2020 + j*(-578)
1611 + j*(-689)
2417 + j*(200)
-105 + j*(557)
252 + j*(535)
265 + j*(-595)
721 + j*(-1207)
-259 + j*(1139)
2296 + j*(784)
1536 + j*(1)
305 + j*(-641)
-17 + j*(147)
-2108 + j*(-159)
358 + j*(-2986)
-2029 + j*(1972)
761 + j*(465)
679 + j*(516)
1011 + j*(-466)
927 + j*(-1238)
896 + j*(-1102)
880 + j*(-859)
-967 + j*(-927)
-1203 + j*(1481)
629 + j*(1154)
-350 + j*(-1284)
-1164 + j*(1010)
-1548 + j*(681)
-1407 + j*(-475)
2426 + j*(-464)
54 + j*(1171)
1857 + j*(-315)
-1427 + j*(55)
-981 + j*(1771)
1421 + j*(-2334)
270 + j*(-161)
-1779 + j*(-1664)
-1477 + j*(1897)
379 + j*(-128)
-832 + j*(1837)
-386 + j*(-777)
1176 + j*(-100)
1027 + j*(-682)
1093 + j*(955)
-177 + j*(1326)
-927 + j*(210)
1897 + j*(-1526)
1788 + j*(2182)
-1924 + j*(188)
-1548 + j*(1344)
589 + j*(-2013)
-330 + j*(183)
34 + j*(5)
144 + j*(-245)
194 + j*(256)
-684 + j*(-2596)
465 + j*(246)
78 + j*(-222)
-381 + j*(33)
-1326 + j*(3083)
-1297 + j*(1713)
1876 + j*(1338)
-1358 + j*(1182)
-2280 + j*(-1724)
-2294 + j*(-1644)
2157 + j*(1821)
-2228 + j*(2087)
-1 + j*(-1)
310 + j*(343)
-327 + j*(326)
23 + j*(112)
-380 + j*(48)
-46 + j*(-83)
580 + j*(-13)
-108 + j*(35)
1122 + j*(99)
-1674 + j*(307)
-830 + j*(188)
385 + j*(-430)
375 + j*(918)
-336 + j*(-784)
882 + j*(1392)
1063 + j*(-633)
785 + j*(-501)
-633 + j*(560)
635 + j*(-754)
-747 + j*(-285)
135 + j*(1909)
712 + j*(92)
-911 + j*(60)
-376 + j*(-982)
317 + j*(307)
1149 + j*(-141)
513 + j*(-177)
-679 + j*(-314)
-736 + j*(227)
1644 + j*(-126)
531 + j*(-728)
506 + j*(-129)
89 + j*(-114)
16 + j*(-34)
31 + j*(63)
109 + j*(294)
-200 + j*(-15)
350 + j*(-222)
124 + j*(518)
260 + j*(282)
-2305 + j*(450)
2870 + j*(1560)
-802 + j*(-278)
1672 + j*(1390)
1101 + j*(1916)
910 + j*(-270)
2020 + j*(-1104)
-2335 + j*(-367)
1126 + j*(1276)
1103 + j*(-1246)
846 + j*(-1107)
-1036 + j*(1588)
-1452 + j*(-782)
1089 + j*(-735)
1199 + j*(-1777)
1216 + j*(1044)
-788 + j*(1544)
-456 + j*(-1339)
1209 + j*(-1493)
-462 + j*(-1041)
776 + j*(536)
-917 + j*(1316)
-1223 + j*(-793)
529 + j*(-554)
205 + j*(1142)
578 + j*(430)
-503 + j*(539)
626 + j*(-46)
905 + j*(30)
-746 + j*(408)
-945 + j*(-128)
716 + j*(613)
171 + j*(637)
-163 + j*(448)
844 + j*(-422)
50 + j*(980)
-555 + j*(840)
119 + j*(-103)
-145 + j*(-836)
167 + j*(385)
-492 + j*(-128)
171 + j*(-288)
-159 + j*(-220)
445 + j*(-145)
283 + j*(1422)
390 + j*(-112)
-235 + j*(40)
-461 + j*(-69)
151 + j*(631)
113 + j*(-84)
79 + j*(-501)
717 + j*(297)
-293 + j*(273)
-483 + j*(-547)
-559 + j*(472)
-352 + j*(-40)
-102 + j*(53)
-318 + j*(360)
-363 + j*(-296)
-235 + j*(93)
-256 + j*(-146)
207 + j*(349)
574 + j*(214)
-367 + j*(281)
134 + j*(-1160)
-422 + j*(-268)
-378 + j*(-572)
-61 + j*(-424)
-314 + j*(-63)
147 + j*(579)
327 + j*(-259)
532 + j*(277)
-367 + j*(-536)
-594 + j*(596)
347 + j*(-628)
310 + j*(-508)
-585 + j*(-1236)
2 + j*(-754)
180 + j*(376)
-884 + j*(254)
-292 + j*(-215)
-94 + j*(31)
-338 + j*(97)
-113 + j*(387)
112 + j*(304)
-233 + j*(-519)
40 + j*(-88)
26 + j*(-212)
-3 + j*(-1)
318 + j*(-78)
-406 + j*(-29)
183 + j*(212)
295 + j*(-32)
-281 + j*(-188)
-170 + j*(-85)
-92 + j*(343)
-191 + j*(-59)
241 + j*(-150)
511 + j*(17)
11 + j*(16)
125 + j*(261)
-248 + j*(-112)
569 + j*(157)
117 + j*(-61)
27 + j*(-320)
-130 + j*(53)
-2 + j*(-130)
-96 + j*(-241)
733 + j*(1804)
-67 + j*(-34)
-83 + j*(61)
-159 + j*(-488)
-228 + j*(-53)
-150 + j*(126)
465 + j*(-67)
-139 + j*(767)
26 + j*(-199)
-682 + j*(-237)
149 + j*(-316)
-177 + j*(9)
53 + j*(97)
19 + j*(0)
21 + j*(-2)
-67 + j*(-146)
-43 + j*(-155)
-27 + j*(31)
48 + j*(464)
65 + j*(86)
280 + j*(-391)
-44 + j*(331)
-72 + j*(-309)
268 + j*(350)
-90 + j*(-443)
-69 + j*(-82)
-375 + j*(266)
-373 + j*(-220)
82 + j*(-86)
-167 + j*(168)
-3 + j*(260)
35 + j*(-92)
-773 + j*(-1668)
183 + j*(-24)
-23 + j*(12)
-452 + j*(209)
-197 + j*(161)
234 + j*(-40)
241 + j*(-163)
-121 + j*(-472)
135 + j*(-305)
-139 + j*(-131)
-230 + j*(-433)
319 + j*(-229)
-106 + j*(78)
396 + j*(199)
-396 + j*(266)
537 + j*(247)
410 + j*(248)
-627 + j*(-85)
-32 + j*(-65)
61 + j*(577)
-30 + j*(470)
55 + j*(-23)
89 + j*(355)
-44 + j*(203)
1 + j*(-54)
-74 + j*(140)
-146 + j*(10)
-148 + j*(-144)
145 + j*(41)
-205 + j*(157)
126 + j*(-4)
-174 + j*(83)
484 + j*(1537)
120 + j*(62)
36 + j*(-116)
10 + j*(-481)
-116 + j*(113)
-53 + j*(-61)
174 + j*(-51)
-403 + j*(218)
-11 + j*(69)
-87 + j*(96)
-316 + j*(-136)
181 + j*(-331)
79 + j*(63)
-250 + j*(-249)
-207 + j*(290)
92 + j*(-44)
-126 + j*(280)
-43 + j*(-55)
86 + j*(292)
-5 + j*(2)
166 + j*(12)
360 + j*(44)
120 + j*(-267)
-243 + j*(75)
-29 + j*(244)
76 + j*(-119)
233 + j*(-144)
-319 + j*(-112)
-175 + j*(-408)
-358 + j*(385)
-195 + j*(-218)
180 + j*(-411)
-358 + j*(-1584)
-229 + j*(-357)
-313 + j*(400)
129 + j*(340)
-83 + j*(371)
38 + j*(-165)
-25 + j*(88)
196 + j*(-282)
-343 + j*(49)
126 + j*(16)
-173 + j*(-228)
-189 + j*(156)
-1 + j*(2)
-12 + j*(-85)
-52 + j*(-70)
174 + j*(162)
387 + j*(256)
-306 + j*(-167)
-105 + j*(70)
-61 + j*(413)
-126 + j*(-111)
-148 + j*(-308)
-132 + j*(-75)
-150 + j*(104)
-288 + j*(-137)
35 + j*(62)
102 + j*(161)
270 + j*(163)
62 + j*(-203)
18 + j*(-62)
56 + j*(-265)
-102 + j*(-199)
646 + j*(1858)
141 + j*(117)
-298 + j*(-24)
33 + j*(-150)
42 + j*(114)
197 + j*(122)
154 + j*(-72)
-261 + j*(212)
18 + j*(-151)
-78 + j*(-35)
-169 + j*(62)
73 + j*(-121)
-77 + j*(12)
15 + j*(-10)
18 + j*(25)
11 + j*(27)
