rxdataF_oai = [-12019 + j*(11976)
-19 + j*(-13)
8036 + j*(-9682)
-19 + j*(-11)
-13068 + j*(-3004)
-10 + j*(-9)
-4214 + j*(14909)
-10 + j*(-9)
-10926 + j*(956)
-12 + j*(-8)
11334 + j*(-1987)
-13 + j*(-7)
12813 + j*(-5772)
-13 + j*(-7)
9032 + j*(16257)
-12 + j*(-5)
11146 + j*(-8818)
-10 + j*(-5)
3164 + j*(14882)
-12 + j*(-5)
2996 + j*(-13790)
-9 + j*(-4)
11489 + j*(-2150)
-10 + j*(-4)
-10719 + j*(4169)
-9 + j*(-4)
-617 + j*(16186)
-9 + j*(-2)
11663 + j*(-4167)
-9 + j*(-2)
7493 + j*(-4684)
-8 + j*(-2)
-6770 + j*(-8648)
-8 + j*(-2)
-9668 + j*(11136)
-9 + j*(-2)
16256 + j*(5986)
-8 + j*(-1)
-15676 + j*(-882)
-7 + j*(-1)
950 + j*(-14460)
-8 + j*(-2)
2380 + j*(12669)
-7 + j*(-2)
-7403 + j*(-14678)
-8 + j*(-2)
-9875 + j*(-13837)
-7 + j*(-2)
-13552 + j*(6542)
-7 + j*(-1)
-2007 + j*(11818)
-6 + j*(-3)
3120 + j*(-13470)
-7 + j*(-2)
1322 + j*(14726)
-5 + j*(-2)
-4574 + j*(-14313)
-7 + j*(-1)
15938 + j*(309)
-6 + j*(-2)
-13159 + j*(7735)
-6 + j*(-2)
-222 + j*(11962)
-5 + j*(-2)
15159 + j*(-9275)
-2 + j*(-3)
9911 + j*(-11641)
-1 + j*(-3)
11631 + j*(747)
-1 + j*(-1)
12792 + j*(196)
-2 + j*(-2)
-16233 + j*(-331)
-2 + j*(-2)
-9947 + j*(3119)
-3 + j*(-2)
535 + j*(9250)
-3 + j*(-2)
9656 + j*(-6610)
-3 + j*(-2)
10922 + j*(-7032)
-3 + j*(-1)
14180 + j*(-6275)
-3 + j*(-1)
4235 + j*(-15809)
-1 + j*(-1)
-3 + j*(13015)
-3 + j*(-1)
-917 + j*(-13596)
-3 + j*(-1)
11713 + j*(2916)
-3 + j*(0)
13482 + j*(-6635)
-2 + j*(-1)
-4879 + j*(4721)
-2 + j*(0)
9035 + j*(4997)
-3 + j*(0)
5226 + j*(7099)
-3 + j*(-1)
13719 + j*(3246)
-3 + j*(0)
-1738 + j*(12072)
-2 + j*(0)
-13425 + j*(3904)
-2 + j*(0)
14717 + j*(8955)
-2 + j*(-1)
-14605 + j*(10765)
-2 + j*(-1)
13317 + j*(-9762)
-2 + j*(-1)
15340 + j*(9723)
-2 + j*(0)
11611 + j*(8359)
-1 + j*(-2)
-2340 + j*(11957)
-2 + j*(-1)
-796 + j*(-14364)
-2 + j*(0)
-4963 + j*(-12926)
-2 + j*(-1)
-14930 + j*(-8163)
-1 + j*(-1)
-11806 + j*(3398)
-1 + j*(-1)
-14291 + j*(-3462)
-1 + j*(-1)
10539 + j*(-12270)
-2 + j*(-1)
-7466 + j*(12778)
-3 + j*(-2)
8526 + j*(14310)
-2 + j*(-1)
9538 + j*(4409)
-1 + j*(-1)
4809 + j*(11968)
-1 + j*(-1)
12844 + j*(-6301)
-3 + j*(-1)
-11166 + j*(3409)
-3 + j*(-1)
9178 + j*(12149)
-3 + j*(-2)
14520 + j*(11616)
-3 + j*(-1)
-9848 + j*(-5041)
-3 + j*(0)
-12589 + j*(-7579)
-2 + j*(-1)
-3682 + j*(14922)
-2 + j*(-1)
-3105 + j*(15358)
-3 + j*(-1)
-7653 + j*(16086)
-1 + j*(0)
13792 + j*(-8326)
-2 + j*(0)
-12384 + j*(12936)
-2 + j*(0)
-8562 + j*(13766)
-1 + j*(-2)
4756 + j*(-13803)
-2 + j*(-2)
-14174 + j*(8636)
-2 + j*(-1)
-9401 + j*(-3959)
-3 + j*(0)
549 + j*(-4981)
-1 + j*(0)
247 + j*(-4496)
-2 + j*(0)
-3764 + j*(3336)
-2 + j*(-1)
715 + j*(2932)
0 + j*(-1)
-976 + j*(-1815)
-2 + j*(0)
2346 + j*(2126)
-2 + j*(0)
300 + j*(1867)
-3 + j*(-1)
1565 + j*(-1735)
-3 + j*(-1)
404 + j*(-1704)
-1 + j*(0)
2393 + j*(4466)
-2 + j*(-2)
2995 + j*(1905)
-1 + j*(-1)
-4042 + j*(7836)
-2 + j*(-2)
-480 + j*(-471)
-2 + j*(-1)
-2397 + j*(-4589)
-2 + j*(-2)
-635 + j*(-3710)
-2 + j*(-2)
2346 + j*(-3206)
-2 + j*(-2)
-5853 + j*(-5622)
-2 + j*(-2)
2310 + j*(2064)
-2 + j*(-1)
2203 + j*(2588)
-3 + j*(0)
-1473 + j*(-1396)
-3 + j*(0)
-1558 + j*(-755)
-2 + j*(0)
-2439 + j*(-4073)
-2 + j*(-1)
-2768 + j*(-3038)
-2 + j*(-1)
-1281 + j*(-1174)
-2 + j*(0)
-7557 + j*(2761)
-2 + j*(0)
-479 + j*(-624)
-2 + j*(-2)
-232 + j*(1238)
-3 + j*(-2)
-6924 + j*(-8116)
-2 + j*(0)
3704 + j*(531)
-2 + j*(0)
867 + j*(1700)
-2 + j*(0)
339 + j*(752)
-1 + j*(0)
-1285 + j*(2026)
-2 + j*(0)
1546 + j*(-1521)
-2 + j*(-1)
1412 + j*(3126)
-1 + j*(0)
-1272 + j*(-4631)
-2 + j*(-1)
1718 + j*(1061)
-1 + j*(-1)
-1117 + j*(660)
-1 + j*(-1)
-2102 + j*(699)
-2 + j*(-1)
-3427 + j*(2532)
-2 + j*(-1)
2191 + j*(-178)
-2 + j*(0)
3090 + j*(1249)
-2 + j*(0)
3113 + j*(-889)
-1 + j*(-1)
4794 + j*(1074)
-1 + j*(-1)
5809 + j*(-5768)
-1 + j*(-1)
337 + j*(-439)
-3 + j*(-1)
571 + j*(3082)
-3 + j*(-1)
-3611 + j*(1129)
-2 + j*(-2)
-2523 + j*(-2186)
-2 + j*(-1)
-3381 + j*(-206)
-3 + j*(-1)
-998 + j*(-2389)
-1 + j*(-1)
-1742 + j*(202)
-2 + j*(-1)
-1290 + j*(-1431)
-2 + j*(-2)
2494 + j*(-1780)
-2 + j*(-1)
-1705 + j*(-3202)
-2 + j*(-1)
-3341 + j*(-1577)
-2 + j*(-1)
4965 + j*(-1475)
-3 + j*(-1)
-4326 + j*(3977)
-2 + j*(-1)
-812 + j*(-25)
-1 + j*(-1)
-4061 + j*(-65)
-3 + j*(0)
-89 + j*(4184)
-3 + j*(-2)
1078 + j*(2617)
-2 + j*(-1)
3745 + j*(363)
-3 + j*(-1)
-3696 + j*(-892)
-3 + j*(-1)
-235 + j*(-447)
-3 + j*(-3)
868 + j*(1315)
-2 + j*(-1)
-2256 + j*(-2317)
-2 + j*(0)
-2516 + j*(-996)
-2 + j*(-1)
-843 + j*(-198)
-3 + j*(-2)
591 + j*(5108)
-3 + j*(-1)
609 + j*(99)
-3 + j*(-1)
2987 + j*(-104)
-3 + j*(-1)
-1978 + j*(-347)
-2 + j*(-1)
-3609 + j*(-435)
-2 + j*(0)
86 + j*(1985)
-3 + j*(-1)
648 + j*(-1918)
-3 + j*(-1)
1424 + j*(-1699)
-3 + j*(-1)
2869 + j*(181)
-2 + j*(-1)
-2706 + j*(-253)
-2 + j*(-1)
-1805 + j*(379)
-2 + j*(-2)
-352 + j*(-856)
-2 + j*(-1)
897 + j*(1338)
-2 + j*(-1)
-204 + j*(1649)
-1 + j*(0)
-3172 + j*(230)
-2 + j*(0)
2048 + j*(975)
-2 + j*(-1)
-1370 + j*(-854)
-2 + j*(0)
-2360 + j*(92)
-2 + j*(-1)
-1434 + j*(1797)
-1 + j*(-1)
196 + j*(-708)
-2 + j*(0)
57 + j*(-1275)
-2 + j*(-1)
2883 + j*(2507)
-2 + j*(0)
-1141 + j*(1291)
-2 + j*(0)
-1146 + j*(2066)
-2 + j*(-1)
-2722 + j*(22)
-2 + j*(1)
2285 + j*(-942)
-3 + j*(0)
-1514 + j*(-201)
-2 + j*(0)
20 + j*(2097)
-2 + j*(-1)
1657 + j*(-2962)
-2 + j*(0)
-45 + j*(-655)
-3 + j*(-1)
-2765 + j*(145)
-2 + j*(0)
1754 + j*(-1731)
-3 + j*(0)
1136 + j*(96)
-1 + j*(0)
101 + j*(3204)
-1 + j*(0)
1061 + j*(-992)
-2 + j*(0)
-397 + j*(173)
-1 + j*(-1)
-748 + j*(-122)
-2 + j*(0)
-1995 + j*(-785)
-1 + j*(-1)
24 + j*(-1498)
-1 + j*(1)
-812 + j*(-2116)
-2 + j*(0)
-1131 + j*(-148)
-2 + j*(0)
244 + j*(1468)
-2 + j*(0)
-1334 + j*(1162)
-3 + j*(-1)
1923 + j*(721)
-2 + j*(-1)
-457 + j*(123)
-2 + j*(0)
1381 + j*(2014)
-2 + j*(-1)
-359 + j*(497)
0 + j*(0)
-424 + j*(1302)
-3 + j*(0)
411 + j*(-3348)
-1 + j*(1)
-1949 + j*(-143)
-2 + j*(0)
-74 + j*(685)
-1 + j*(0)
-1162 + j*(-649)
-2 + j*(1)
-256 + j*(-201)
-2 + j*(0)
-2610 + j*(1482)
-2 + j*(1)
-396 + j*(1679)
-2 + j*(0)
1201 + j*(2498)
-2 + j*(0)
1202 + j*(-424)
-2 + j*(-1)
-1718 + j*(-291)
-2 + j*(0)
-2184 + j*(280)
-2 + j*(0)
-1106 + j*(302)
-2 + j*(1)
1622 + j*(979)
-2 + j*(-1)
93 + j*(666)
-2 + j*(0)
-584 + j*(-1436)
-3 + j*(0)
-438 + j*(-573)
-1 + j*(-1)
-1675 + j*(466)
-2 + j*(0)
297 + j*(-918)
0 + j*(-1)
936 + j*(469)
-2 + j*(0)
466 + j*(-190)
-1 + j*(0)
-766 + j*(1183)
-2 + j*(0)
1056 + j*(-762)
-1 + j*(0)
-845 + j*(-848)
-1 + j*(0)
-3416 + j*(315)
-2 + j*(0)
-889 + j*(48)
-1 + j*(0)
-876 + j*(-143)
-1 + j*(-1)
-511 + j*(117)
-1 + j*(0)
-1007 + j*(363)
-1 + j*(0)
-515 + j*(609)
-2 + j*(-1)
-464 + j*(425)
-1 + j*(-1)
-516 + j*(710)
-1 + j*(0)
721 + j*(-424)
-2 + j*(0)
759 + j*(304)
-2 + j*(0)
-265 + j*(-1025)
-1 + j*(-1)
-429 + j*(727)
-2 + j*(0)
771 + j*(202)
-2 + j*(0)
-724 + j*(-133)
-1 + j*(1)
-139 + j*(-118)
-2 + j*(-1)
-707 + j*(102)
-2 + j*(-1)
-1162 + j*(-198)
-3 + j*(0)
352 + j*(568)
-2 + j*(1)
1260 + j*(-1240)
-3 + j*(0)
688 + j*(446)
-1 + j*(-1)
-991 + j*(-107)
-1 + j*(-2)
753 + j*(1092)
-2 + j*(0)
249 + j*(197)
-1 + j*(0)
670 + j*(-1276)
-2 + j*(0)
-114 + j*(-66)
-2 + j*(-1)
-1252 + j*(249)
-1 + j*(0)
-700 + j*(-204)
-1 + j*(0)
983 + j*(19)
-1 + j*(0)
289 + j*(385)
-1 + j*(1)
-14 + j*(-39)
-1 + j*(-1)
-961 + j*(-175)
-2 + j*(0)
844 + j*(-296)
-1 + j*(0)
966 + j*(65)
-1 + j*(0)
-979 + j*(-265)
-2 + j*(1)
1284 + j*(127)
-2 + j*(0)
242 + j*(-1429)
-2 + j*(1)
220 + j*(-830)
-1 + j*(-1)
-335 + j*(-718)
-1 + j*(-1)
778 + j*(229)
-2 + j*(-1)
-142 + j*(924)
-1 + j*(-1)
229 + j*(325)
-2 + j*(0)
725 + j*(-291)
-2 + j*(-1)
-514 + j*(124)
-2 + j*(0)
-10 + j*(682)
-3 + j*(-1)
737 + j*(411)
0 + j*(1)
-87 + j*(-328)
-2 + j*(0)
-141 + j*(475)
-1 + j*(0)
26 + j*(726)
-1 + j*(0)
991 + j*(1807)
-2 + j*(-1)
157 + j*(-173)
-2 + j*(0)
490 + j*(365)
-2 + j*(0)
1019 + j*(862)
-1 + j*(-1)
879 + j*(197)
-2 + j*(-1)
-13 + j*(-183)
-2 + j*(0)
-959 + j*(212)
-3 + j*(-1)
471 + j*(-172)
-2 + j*(-1)
-438 + j*(-746)
-2 + j*(-1)
517 + j*(-11)
-1 + j*(0)
12 + j*(927)
-1 + j*(0)
451 + j*(-588)
-2 + j*(0)
-196 + j*(-465)
-2 + j*(-1)
309 + j*(259)
-2 + j*(0)
238 + j*(297)
