rxdataF_rot = [-8269 + j*(7103)
14163 + j*(6516)
-14726 + j*(8229)
4454 + j*(-13933)
-11148 + j*(6408)
4676 + j*(-16716)
15019 + j*(-7627)
11827 + j*(-9982)
12387 + j*(206)
-6061 + j*(12299)
-11531 + j*(-4033)
-13422 + j*(-3359)
-5431 + j*(12651)
-4186 + j*(-10752)
11302 + j*(171)
-14595 + j*(-4882)
-614 + j*(-10198)
-16836 + j*(1640)
-13067 + j*(-520)
-6655 + j*(-11756)
12823 + j*(-9704)
13089 + j*(-1408)
12326 + j*(-5512)
-766 + j*(18127)
15615 + j*(-3333)
-1458 + j*(13270)
9266 + j*(-4556)
-16401 + j*(2803)
10020 + j*(-9034)
11095 + j*(-8761)
8590 + j*(-6603)
6325 + j*(-6319)
-9615 + j*(-12519)
8476 + j*(-9616)
8601 + j*(4341)
-7479 + j*(9680)
-6383 + j*(13559)
4601 + j*(-15377)
-10027 + j*(12242)
-9299 + j*(-5850)
-10476 + j*(-4610)
-5601 + j*(12902)
3064 + j*(-13930)
11558 + j*(9621)
-2842 + j*(13497)
14444 + j*(-686)
16060 + j*(1870)
1018 + j*(18567)
4358 + j*(13096)
14354 + j*(-1777)
19243 + j*(-6170)
16288 + j*(-1178)
15212 + j*(-7244)
14386 + j*(-6304)
-6413 + j*(-11393)
4352 + j*(10862)
-7521 + j*(-17034)
-7004 + j*(-11959)
-8365 + j*(-13267)
16821 + j*(1092)
13507 + j*(6820)
-9121 + j*(13263)
-8511 + j*(-11774)
4593 + j*(-10859)
-11664 + j*(-9836)
-8658 + j*(-10129)
12926 + j*(7241)
-7636 + j*(13824)
-12752 + j*(-7736)
6366 + j*(-15266)
-13852 + j*(-3882)
-12445 + j*(-7374)
5045 + j*(-14855)
-15617 + j*(-4285)
13108 + j*(3079)
-1218 + j*(-18332)
-15010 + j*(-4482)
13099 + j*(5525)
-12579 + j*(-2139)
1581 + j*(-13482)
12512 + j*(-484)
11396 + j*(-3362)
10632 + j*(-4273)
9321 + j*(-2580)
9968 + j*(-1649)
753 + j*(13160)
16655 + j*(-4402)
-17623 + j*(-623)
13305 + j*(-5898)
-10150 + j*(1015)
-11917 + j*(6501)
-9172 + j*(4634)
11040 + j*(-6686)
7175 + j*(9772)
11133 + j*(-9600)
-13220 + j*(9698)
-5870 + j*(-8266)
-9661 + j*(8088)
-10922 + j*(8271)
11468 + j*(11042)
10272 + j*(-8494)
6665 + j*(-12144)
-13327 + j*(-4429)
-6639 + j*(10304)
-4108 + j*(12941)
-3175 + j*(13189)
5424 + j*(-14129)
12665 + j*(4673)
-14818 + j*(-3398)
2845 + j*(-16225)
-12652 + j*(1934)
2443 + j*(-16880)
15172 + j*(3326)
346 + j*(12712)
1429 + j*(14359)
2298 + j*(12517)
12941 + j*(-3101)
15114 + j*(-7435)
-12388 + j*(4521)
2257 + j*(8389)
4633 + j*(11894)
9955 + j*(12517)
-9124 + j*(-13665)
-11568 + j*(7461)
-15063 + j*(5786)
-8421 + j*(-9534)
12341 + j*(8519)
10198 + j*(4187)
12519 + j*(7510)
-12670 + j*(-8485)
11365 + j*(8676)
-11449 + j*(-9424)
5925 + j*(-10707)
-12757 + j*(-9422)
-11648 + j*(-7255)
7309 + j*(-14363)
3966 + j*(-11065)
15770 + j*(2974)
-11665 + j*(-3919)
-13525 + j*(10246)
3132 + j*(-14166)
11960 + j*(1728)
13619 + j*(3572)
92 + j*(-13061)
-77 + j*(-11098)
-13106 + j*(-498)
-13086 + j*(2597)
2630 + j*(15831)
12765 + j*(-281)
-13712 + j*(1692)
-15998 + j*(2327)
2966 + j*(6854)
-10588 + j*(3065)
-3625 + j*(-9227)
16786 + j*(3152)
-9735 + j*(6093)
8719 + j*(-5998)
9504 + j*(9876)
7888 + j*(-8795)
-9167 + j*(1267)
-10288 + j*(-11689)
10896 + j*(-10699)
-8208 + j*(9862)
6573 + j*(-11066)
4477 + j*(-14750)
-7048 + j*(12594)
8268 + j*(-12055)
-13608 + j*(9512)
-144 + j*(-742)
4626 + j*(-2541)
1899 + j*(2183)
-527 + j*(3437)
187 + j*(2644)
-283 + j*(-139)
-3346 + j*(-454)
-545 + j*(-134)
3541 + j*(-3260)
-631 + j*(-123)
1133 + j*(44)
-967 + j*(-4084)
-5571 + j*(2822)
1758 + j*(152)
-1818 + j*(-517)
2722 + j*(-4327)
1027 + j*(720)
-1232 + j*(3665)
-5 + j*(119)
484 + j*(2853)
2773 + j*(-3639)
-1621 + j*(4235)
980 + j*(2908)
7937 + j*(-3165)
203 + j*(1511)
-151 + j*(905)
1187 + j*(-2674)
1746 + j*(-3037)
-5103 + j*(-473)
2454 + j*(-2486)
511 + j*(1234)
1257 + j*(-403)
2842 + j*(913)
230 + j*(-742)
-2721 + j*(-390)
-1970 + j*(-2713)
-2699 + j*(-36)
-4866 + j*(-3319)
3625 + j*(-2153)
-4132 + j*(-2009)
-3216 + j*(-2364)
-2243 + j*(-1284)
-1786 + j*(-3885)
2019 + j*(-2505)
-3201 + j*(2738)
-370 + j*(2895)
474 + j*(-1240)
-1000 + j*(-367)
544 + j*(2668)
-3334 + j*(2144)
510 + j*(-1671)
4576 + j*(478)
-3690 + j*(3817)
1237 + j*(-2027)
-913 + j*(3934)
6156 + j*(1536)
-1560 + j*(-173)
3411 + j*(-579)
2246 + j*(1419)
251 + j*(2745)
121 + j*(-752)
-2572 + j*(931)
-181 + j*(937)
-322 + j*(867)
-811 + j*(-1736)
3041 + j*(-610)
1955 + j*(-112)
-126 + j*(-390)
-699 + j*(2396)
-860 + j*(2635)
4765 + j*(-1581)
-2322 + j*(-2843)
-3400 + j*(-1833)
-932 + j*(-3682)
10 + j*(-35)
2811 + j*(574)
-665 + j*(2853)
1975 + j*(-39)
2010 + j*(3276)
2760 + j*(1073)
-1349 + j*(1081)
90 + j*(-524)
-1514 + j*(-3675)
285 + j*(107)
3104 + j*(-2417)
-2815 + j*(2044)
774 + j*(-1860)
3297 + j*(1692)
-1174 + j*(1166)
-1942 + j*(-2727)
693 + j*(-1226)
-1961 + j*(210)
685 + j*(403)
-928 + j*(-1494)
-167 + j*(3092)
-1156 + j*(1131)
2927 + j*(-110)
3987 + j*(-124)
1905 + j*(2663)
-1328 + j*(-608)
-90 + j*(2022)
-1989 + j*(-1728)
-2124 + j*(273)
-2629 + j*(-1656)
10 + j*(3722)
1739 + j*(-1793)
2346 + j*(741)
2428 + j*(1500)
198 + j*(1599)
-4079 + j*(-494)
-904 + j*(6025)
2705 + j*(40)
1067 + j*(122)
-1493 + j*(-6778)
-96 + j*(553)
2250 + j*(1696)
-3266 + j*(3682)
1414 + j*(786)
-1666 + j*(3293)
3047 + j*(2465)
-1114 + j*(-1906)
-2776 + j*(1112)
265 + j*(272)
-750 + j*(-263)
1400 + j*(615)
-727 + j*(1693)
-1220 + j*(-2)
1677 + j*(1258)
-951 + j*(-432)
-298 + j*(18)
1137 + j*(289)
-468 + j*(-1024)
-27 + j*(102)
-76 + j*(560)
-1386 + j*(-425)
883 + j*(157)
413 + j*(-381)
765 + j*(-118)
-1495 + j*(-369)
-713 + j*(1768)
626 + j*(1374)
125 + j*(-328)
844 + j*(2260)
2164 + j*(4905)
-218 + j*(1922)
90 + j*(-1200)
-932 + j*(-1355)
-1064 + j*(2527)
1844 + j*(-1606)
145 + j*(-761)
423 + j*(-737)
732 + j*(1993)
-1313 + j*(816)
1692 + j*(2295)
381 + j*(1397)
655 + j*(87)
476 + j*(384)
-904 + j*(880)
945 + j*(-169)
-350 + j*(46)
-695 + j*(2011)
-862 + j*(2398)
-792 + j*(-637)
-2045 + j*(1433)
-924 + j*(-683)
1012 + j*(-77)
950 + j*(476)
1080 + j*(691)
-378 + j*(-491)
2236 + j*(-284)
43 + j*(356)
342 + j*(1270)
-540 + j*(410)
-35 + j*(-736)
243 + j*(1081)
257 + j*(3515)
-2276 + j*(-2464)
3362 + j*(-1167)
632 + j*(-250)
975 + j*(1002)
-88 + j*(592)
1752 + j*(82)
-241 + j*(1658)
-2379 + j*(397)
-1319 + j*(-1697)
426 + j*(615)
-1179 + j*(76)
-1158 + j*(2272)
268 + j*(1024)
555 + j*(-2532)
-929 + j*(-648)
-555 + j*(-1754)
607 + j*(-434)
915 + j*(-807)
-1092 + j*(270)
-168 + j*(-984)
100 + j*(1210)
-1070 + j*(-105)
-452 + j*(-114)
581 + j*(-187)
148 + j*(-6)
-487 + j*(810)
1101 + j*(359)
-489 + j*(1081)
77 + j*(-258)
726 + j*(441)
864 + j*(2119)
1594 + j*(2207)
-323 + j*(-440)
-50 + j*(623)
-15 + j*(11)
-306 + j*(1521)
1259 + j*(-1680)
-382 + j*(943)
-313 + j*(585)
-211 + j*(2042)
454 + j*(-624)
-503 + j*(-729)
-1170 + j*(632)
154 + j*(-752)
1154 + j*(-365)
-935 + j*(-832)
148 + j*(-450)
-332 + j*(-336)
410 + j*(141)
552 + j*(-1150)
623 + j*(-1265)
-438 + j*(-770)
766 + j*(325)
-107 + j*(233)
115 + j*(390)
334 + j*(-64)
152 + j*(-14)
-1111 + j*(-782)
-123 + j*(-311)
-65 + j*(-1234)
-1491 + j*(-233)
83 + j*(-1268)
-545 + j*(-272)
-430 + j*(2501)
-185 + j*(866)
1250 + j*(1209)
1101 + j*(308)
992 + j*(-887)
396 + j*(-14)
166 + j*(-1483)
-274 + j*(-392)
-940 + j*(1166)
-528 + j*(307)
1038 + j*(200)
721 + j*(184)
1316 + j*(363)
400 + j*(1401)
-95 + j*(451)
897 + j*(9)
-92 + j*(671)
418 + j*(439)
323 + j*(-572)
-93 + j*(67)
29 + j*(-315)
-453 + j*(-91)
45 + j*(-840)
727 + j*(-644)
546 + j*(-341)
461 + j*(-115)
-743 + j*(200)
237 + j*(509)
723 + j*(215)
-356 + j*(-97)
309 + j*(5)
-353 + j*(1743)
-927 + j*(2548)
478 + j*(-535)
-878 + j*(573)
-474 + j*(216)
-456 + j*(758)
55 + j*(-1628)
-302 + j*(350)
713 + j*(-575)
-717 + j*(192)
557 + j*(239)
-31 + j*(-139)
-511 + j*(-19)
436 + j*(371)
480 + j*(109)
-410 + j*(742)
679 + j*(103)
1299 + j*(588)
-273 + j*(-110)
217 + j*(-87)
738 + j*(520)
-77 + j*(-181)
-113 + j*(25)
-194 + j*(873)
-171 + j*(1046)
597 + j*(-342)
148 + j*(398)
-597 + j*(501)
-118 + j*(506)
855 + j*(847)
-1302 + j*(-146)
-8 + j*(-744)
-86 + j*(1003)
-1697 + j*(1050)
-85 + j*(-610)
-222 + j*(-34)
627 + j*(-292)
455 + j*(-1500)
1197 + j*(461)
-140 + j*(-541)
264 + j*(-1084)
63 + j*(569)
-321 + j*(-368)
-818 + j*(339)
309 + j*(124)
522 + j*(678)
403 + j*(573)
-1521 + j*(188)
-101 + j*(1088)
598 + j*(-514)
89 + j*(-179)
