rxdata = [-2353 + j*(1003)
-1879 + j*(1070)
-1451 + j*(1088)
-1097 + j*(1059)
-817 + j*(985)
-616 + j*(844)
-512 + j*(650)
-480 + j*(399)
-540 + j*(72)
-671 + j*(-290)
-864 + j*(-727)
-1118 + j*(-1192)
-1408 + j*(-1701)
-1733 + j*(-2228)
-2075 + j*(-2765)
-2427 + j*(-3294)
-2774 + j*(-3805)
-3115 + j*(-4270)
-3443 + j*(-4694)
-3749 + j*(-5041)
-4044 + j*(-5321)
-4310 + j*(-5512)
-4565 + j*(-5613)
-4804 + j*(-5625)
-5022 + j*(-5541)
-5239 + j*(-5375)
-5434 + j*(-5125)
-5625 + j*(-4807)
-5802 + j*(-4425)
-5956 + j*(-3993)
-6096 + j*(-3525)
-6204 + j*(-3031)
-6277 + j*(-2513)
-6310 + j*(-1998)
-6288 + j*(-1466)
-6214 + j*(-950)
-6071 + j*(-425)
-5869 + j*(92)
-5597 + j*(608)
-5263 + j*(1131)
-4876 + j*(1652)
-4439 + j*(2196)
-3973 + j*(2735)
-3490 + j*(3306)
-3010 + j*(3869)
-2554 + j*(4451)
-2146 + j*(5023)
-1803 + j*(5578)
-1546 + j*(6109)
-1387 + j*(6580)
-1345 + j*(6988)
-1420 + j*(7300)
-1624 + j*(7494)
-1938 + j*(7554)
-2369 + j*(7453)
-2883 + j*(7182)
-3477 + j*(6724)
-4104 + j*(6081)
-4757 + j*(5247)
-5385 + j*(4241)
-5970 + j*(3066)
-6477 + j*(1765)
-6875 + j*(347)
-7148 + j*(-1133)
-7275 + j*(-2642)
-7239 + j*(-4137)
-7050 + j*(-5572)
-6701 + j*(-6899)
-6210 + j*(-8084)
-5596 + j*(-9086)
-4877 + j*(-9877)
-4095 + j*(-10441)
-3273 + j*(-10757)
-2449 + j*(-10835)
-1667 + j*(-10667)
-934 + j*(-10294)
-312 + j*(-9713)
210 + j*(-8995)
591 + j*(-8142)
843 + j*(-7232)
956 + j*(-6284)
944 + j*(-5363)
827 + j*(-4498)
619 + j*(-3736)
369 + j*(-3098)
84 + j*(-2613)
-172 + j*(-2287)
-391 + j*(-2122)
-523 + j*(-2120)
-549 + j*(-2242)
-455 + j*(-2491)
-213 + j*(-2804)
158 + j*(-3167)
669 + j*(-3529)
1294 + j*(-3849)
2001 + j*(-4101)
2774 + j*(-4237)
3550 + j*(-4242)
4303 + j*(-4095)
4978 + j*(-3785)
5528 + j*(-3320)
5919 + j*(-2705)
6107 + j*(-1969)
6072 + j*(-1133)
5793 + j*(-247)
5265 + j*(668)
4491 + j*(1544)
3501 + j*(2362)
2307 + j*(3058)
977 + j*(3621)
-469 + j*(4000)
-1946 + j*(4194)
-3415 + j*(4185)
-4800 + j*(3978)
-6053 + j*(3590)
-7107 + j*(3039)
-7933 + j*(2367)
-8475 + j*(1605)
-8727 + j*(810)
-8672 + j*(21)
-8307 + j*(-708)
-7668 + j*(-1330)
-6764 + j*(-1806)
-5657 + j*(-2111)
-4384 + j*(-2199)
-3015 + j*(-2099)
-1603 + j*(-1761)
-215 + j*(-1247)
1085 + j*(-543)
2255 + j*(287)
3230 + j*(1221)
3995 + j*(2194)
4509 + j*(3159)
4773 + j*(4064)
4787 + j*(4845)
4562 + j*(5475)
4135 + j*(5891)
3536 + j*(6085)
2816 + j*(6025)
2026 + j*(5716)
1210 + j*(5158)
438 + j*(4380)
-264 + j*(3409)
-829 + j*(2291)
-1247 + j*(1077)
-1476 + j*(-183)
-1511 + j*(-1425)
-1354 + j*(-2596)
-1008 + j*(-3643)
-502 + j*(-4519)
142 + j*(-5193)
882 + j*(-5629)
1676 + j*(-5828)
2485 + j*(-5780)
3264 + j*(-5500)
3970 + j*(-5018)
4580 + j*(-4358)
5050 + j*(-3579)
5385 + j*(-2719)
5557 + j*(-1835)
5583 + j*(-983)
5470 + j*(-207)
5238 + j*(440)
4921 + j*(933)
4545 + j*(1228)
4156 + j*(1327)
3782 + j*(1213)
3468 + j*(898)
3230 + j*(405)
3114 + j*(-239)
3111 + j*(-1007)
3248 + j*(-1831)
3509 + j*(-2691)
3884 + j*(-3519)
4352 + j*(-4280)
4871 + j*(-4929)
5421 + j*(-5432)
5936 + j*(-5758)
6396 + j*(-5903)
6733 + j*(-5846)
6922 + j*(-5604)
6926 + j*(-5182)
6707 + j*(-4612)
6267 + j*(-3917)
5578 + j*(-3141)
4658 + j*(-2316)
3524 + j*(-1484)
2192 + j*(-688)
713 + j*(50)
-879 + j*(688)
-2528 + j*(1220)
-4184 + j*(1620)
-5787 + j*(1899)
-7298 + j*(2047)
-8655 + j*(2095)
-9829 + j*(2047)
-10790 + j*(1944)
-11502 + j*(1803)
-11986 + j*(1663)
-12207 + j*(1549)
-12207 + j*(1490)
-11994 + j*(1503)
-11599 + j*(1609)
-11067 + j*(1810)
-10428 + j*(2106)
-9729 + j*(2488)
-9012 + j*(2933)
-8309 + j*(3426)
-7661 + j*(3923)
-7083 + j*(4402)
-6604 + j*(4819)
-6219 + j*(5138)
-5939 + j*(5336)
-5747 + j*(5372)
-5633 + j*(5241)
-5568 + j*(4915)
-5533 + j*(4408)
-5492 + j*(3711)
-5424 + j*(2860)
-5294 + j*(1862)
-5089 + j*(772)
-4785 + j*(-388)
-4377 + j*(-1557)
-3867 + j*(-2699)
-3251 + j*(-3762)
-2562 + j*(-4706)
-1801 + j*(-5489)
-1015 + j*(-6091)
-224 + j*(-6474)
531 + j*(-6650)
1216 + j*(-6597)
1797 + j*(-6343)
2252 + j*(-5903)
2546 + j*(-5306)
2675 + j*(-4594)
2629 + j*(-3809)
2403 + j*(-2994)
2026 + j*(-2203)
1505 + j*(-1472)
872 + j*(-849)
173 + j*(-363)
-571 + j*(-42)
-1294 + j*(103)
-1974 + j*(58)
-2558 + j*(-162)
-3013 + j*(-555)
-3318 + j*(-1084)
-3435 + j*(-1730)
-3371 + j*(-2448)
-3115 + j*(-3202)
-2676 + j*(-3958)
-2079 + j*(-4664)
-1348 + j*(-5296)
-516 + j*(-5816)
366 + j*(-6203)
1272 + j*(-6446)
2139 + j*(-6532)
2934 + j*(-6471)
3618 + j*(-6266)
4152 + j*(-5944)
4523 + j*(-5523)
4697 + j*(-5039)
4691 + j*(-4517)
4491 + j*(-3998)
4122 + j*(-3504)
3607 + j*(-3069)
2970 + j*(-2714)
2264 + j*(-2449)
1513 + j*(-2291)
776 + j*(-2231)
81 + j*(-2271)
-519 + j*(-2386)
-1000 + j*(-2564)
-1326 + j*(-2767)
-1485 + j*(-2984)
-1463 + j*(-3166)
-1256 + j*(-3293)
-884 + j*(-3337)
-347 + j*(-3274)
314 + j*(-3087)
1077 + j*(-2772)
1907 + j*(-2322)
2764 + j*(-1748)
3610 + j*(-1063)
4420 + j*(-296)
5144 + j*(539)
5774 + j*(1382)
6280 + j*(2227)
6653 + j*(3006)
6892 + j*(3706)
6996 + j*(4279)
6975 + j*(4699)
6854 + j*(4948)
6641 + j*(5000)
6377 + j*(4862)
6075 + j*(4525)
5775 + j*(4002)
5490 + j*(3321)
5249 + j*(2491)
5072 + j*(1566)
4960 + j*(555)
4937 + j*(-474)
4984 + j*(-1513)
5109 + j*(-2500)
5291 + j*(-3412)
5523 + j*(-4230)
5776 + j*(-4902)
6037 + j*(-5453)
6279 + j*(-5831)
6480 + j*(-6068)
6626 + j*(-6151)
6695 + j*(-6098)
6681 + j*(-5924)
6576 + j*(-5650)
6374 + j*(-5296)
6088 + j*(-4892)
5712 + j*(-4450)
5283 + j*(-4005)
4782 + j*(-3560)
4266 + j*(-3145)
3714 + j*(-2755)
3177 + j*(-2406)
2650 + j*(-2093)
2153 + j*(-1815)
1698 + j*(-1566)
1284 + j*(-1333)
916 + j*(-1113)
588 + j*(-890)
293 + j*(-658)
23 + j*(-406)
-241 + j*(-135)
-511 + j*(158)
-802 + j*(474)
-1127 + j*(792)
-1493 + j*(1126)
-1912 + j*(1436)
-2384 + j*(1727)
-2901 + j*(1970)
-3465 + j*(2154)
-4045 + j*(2263)
-4637 + j*(2285)
-5209 + j*(2215)
-5732 + j*(2039)
-6189 + j*(1777)
-6528 + j*(1413)
-6752 + j*(986)
-6808 + j*(491)
-6695 + j*(-29)
-6394 + j*(-561)
-5890 + j*(-1069)
-5203 + j*(-1521)
-4321 + j*(-1898)
-3279 + j*(-2157)
-2091 + j*(-2293)
-797 + j*(-2275)
571 + j*(-2099)
1968 + j*(-1766)
3356 + j*(-1269)
4684 + j*(-640)
5919 + j*(120)
7012 + j*(962)
7945 + j*(1869)
8677 + j*(2789)
9207 + j*(3689)
9511 + j*(4520)
9606 + j*(5248)
9485 + j*(5823)
9184 + j*(6230)
8707 + j*(6422)
8112 + j*(6398)
7406 + j*(6137)
6657 + j*(5643)
5880 + j*(4927)
5127 + j*(4006)
4432 + j*(2898)
3819 + j*(1655)
3323 + j*(291)
2954 + j*(-1125)
2732 + j*(-2570)
2647 + j*(-3984)
2715 + j*(-5335)
2903 + j*(-6574)
3213 + j*(-7680)
3612 + j*(-8600)
4080 + j*(-9350)
4588 + j*(-9871)
5112 + j*(-10204)
5616 + j*(-10311)
6087 + j*(-10227)
6493 + j*(-9953)
6821 + j*(-9513)
7059 + j*(-8929)
7195 + j*(-8231)
7226 + j*(-7439)
7159 + j*(-6585)
6987 + j*(-5694)
6738 + j*(-4787)
6402 + j*(-3891)
6011 + j*(-3011)
5568 + j*(-2182)
5091 + j*(-1387)
4592 + j*(-659)
4088 + j*(14)
3583 + j*(625)
3088 + j*(1169)
2613 + j*(1653)
2150 + j*(2079)
1720 + j*(2439)
1307 + j*(2744)
918 + j*(2983)
556 + j*(3168)
214 + j*(3282)
-101 + j*(3337)
-390 + j*(3316)
-652 + j*(3227)
-879 + j*(3066)
-1067 + j*(2824)
-1209 + j*(2517)
-1302 + j*(2131)
-1327 + j*(1687)
-1296 + j*(1182)
-1180 + j*(632)
-997 + j*(49)
-731 + j*(-551)
-387 + j*(-1153)
27 + j*(-1738)
513 + j*(-2289)
1052 + j*(-2788)
1631 + j*(-3226)
2243 + j*(-3571)
2857 + j*(-3844)
3464 + j*(-3996)
4043 + j*(-4065)
4562 + j*(-4019)
5028 + j*(-3879)
5395 + j*(-3647)
5676 + j*(-3329)
5841 + j*(-2944)
5896 + j*(-2503)
5834 + j*(-2017)
5653 + j*(-1508)
5365 + j*(-982)
4974 + j*(-461)
4487 + j*(53)
3924 + j*(539)
3292 + j*(1006)
2606 + j*(1436)
1886 + j*(1838)
1134 + j*(2202)
365 + j*(2540)
-405 + j*(2842)
-1187 + j*(3123)
-1956 + j*(3375)
-2725 + j*(3608)
-3488 + j*(3813)
-4241 + j*(3991)
-4988 + j*(4146)
-5732 + j*(4249)
-6458 + j*(4326)
-7186 + j*(4331)
-7881 + j*(4285)
-8563 + j*(4165)
-9194 + j*(3960)
-9786 + j*(3676)
-10297 + j*(3297)
-10737 + j*(2838)
-11058 + j*(2290)
-11268 + j*(1678)
-11330 + j*(1002)
-11243 + j*(293)
-10992 + j*(-429)
-10567 + j*(-1140)
-9981 + j*(-1805)
-9225 + j*(-2402)
-8324 + j*(-2893)
-7295 + j*(-3261)
