rxdataF_rot = [11948 + j*(11496)
12985 + j*(-6922)
-9125 + j*(11441)
-1563 + j*(-17609)
-13548 + j*(-3279)
-9833 + j*(-9923)
12337 + j*(8333)
-13053 + j*(-9836)
13283 + j*(4777)
3371 + j*(-14928)
-5188 + j*(14791)
-9238 + j*(15039)
15714 + j*(966)
-1801 + j*(14909)
14790 + j*(3046)
-2950 + j*(12914)
-4798 + j*(13441)
-13145 + j*(-356)
14570 + j*(9972)
2138 + j*(-19847)
-14068 + j*(-3464)
3370 + j*(13180)
-3514 + j*(-16112)
-7071 + j*(-12417)
-4373 + j*(-2324)
12321 + j*(11434)
7726 + j*(13048)
-8248 + j*(-12447)
-17865 + j*(-1510)
12703 + j*(-8486)
-9324 + j*(13059)
-4367 + j*(-12253)
10308 + j*(9876)
-10510 + j*(10940)
-9796 + j*(-11421)
-13443 + j*(-7969)
6966 + j*(-8719)
-14815 + j*(5988)
-8537 + j*(7658)
-2789 + j*(10450)
-3567 + j*(19763)
-9803 + j*(-5234)
14514 + j*(7941)
-2274 + j*(16068)
16631 + j*(2269)
240 + j*(-14180)
-11797 + j*(1547)
100 + j*(15172)
12548 + j*(-2942)
-1663 + j*(-13778)
-12589 + j*(3851)
10588 + j*(922)
-12311 + j*(-964)
13961 + j*(2822)
-13055 + j*(7990)
-6977 + j*(-12974)
9863 + j*(-6998)
12057 + j*(-8084)
8421 + j*(13047)
3351 + j*(13062)
18532 + j*(5101)
-4191 + j*(-12643)
5418 + j*(15623)
7412 + j*(12003)
-14258 + j*(-10379)
-11106 + j*(-11504)
9141 + j*(11080)
-7101 + j*(9405)
6283 + j*(-9214)
3365 + j*(-14057)
-5549 + j*(10083)
-6073 + j*(10121)
2055 + j*(-10994)
9796 + j*(-13295)
-15306 + j*(-4602)
-15014 + j*(-4607)
4089 + j*(-15548)
503 + j*(14989)
14296 + j*(1353)
-328 + j*(14287)
-7955 + j*(13392)
7091 + j*(-695)
4139 + j*(9356)
10835 + j*(-4283)
-12060 + j*(58)
11333 + j*(2784)
10421 + j*(1206)
-3614 + j*(-15303)
15126 + j*(10116)
-6547 + j*(-14083)
-13113 + j*(8202)
-9702 + j*(-12858)
-3695 + j*(-5634)
8299 + j*(-9945)
-7675 + j*(10952)
4697 + j*(10825)
11123 + j*(-5316)
6600 + j*(-10439)
8576 + j*(-10200)
6609 + j*(-10209)
10921 + j*(11089)
11202 + j*(4177)
-2537 + j*(12829)
12563 + j*(4940)
14470 + j*(7183)
-5369 + j*(11940)
3333 + j*(-18121)
-15715 + j*(-3961)
13603 + j*(5065)
7660 + j*(-15699)
3307 + j*(-13515)
1699 + j*(15939)
14134 + j*(10287)
-16791 + j*(-6067)
8761 + j*(-15009)
150 + j*(-14574)
-12472 + j*(296)
-14340 + j*(5997)
1809 + j*(13132)
-5293 + j*(-12619)
-4192 + j*(-8218)
-6097 + j*(-12778)
-6331 + j*(-14810)
6697 + j*(14891)
-12629 + j*(-4569)
13289 + j*(10128)
7414 + j*(12159)
9344 + j*(-12731)
6144 + j*(14306)
12829 + j*(6348)
-14125 + j*(-8469)
-8502 + j*(11855)
5191 + j*(-12696)
-7006 + j*(10319)
-9976 + j*(-6151)
-8157 + j*(11849)
-17335 + j*(-225)
-2883 + j*(12904)
-13765 + j*(-6737)
-14528 + j*(-1842)
13037 + j*(2711)
-1045 + j*(-15092)
-94 + j*(-13624)
3314 + j*(14992)
14386 + j*(-2858)
-6499 + j*(-2060)
-3160 + j*(-14706)
88 + j*(-12522)
-10416 + j*(488)
-9703 + j*(5651)
7996 + j*(13681)
-4024 + j*(-10422)
7270 + j*(2129)
5837 + j*(11870)
7597 + j*(9864)
8331 + j*(8095)
728 + j*(7934)
-3511 + j*(-8617)
-13821 + j*(7299)
-11745 + j*(-6159)
-7415 + j*(10749)
-9089 + j*(-10757)
8101 + j*(-11294)
9884 + j*(6921)
10155 + j*(5772)
-10402 + j*(-6657)
-11094 + j*(-6651)
11729 + j*(5272)
2965 + j*(1547)
-5857 + j*(-1069)
-1845 + j*(-1225)
-1714 + j*(3016)
480 + j*(-772)
2184 + j*(-1368)
-2699 + j*(2436)
-1240 + j*(-245)
-1899 + j*(-1653)
-1610 + j*(7024)
-507 + j*(-1466)
2852 + j*(150)
2721 + j*(-1203)
-993 + j*(-2383)
-3110 + j*(-3672)
1164 + j*(1026)
-5164 + j*(-6068)
1452 + j*(1758)
-1158 + j*(2146)
-1979 + j*(-1800)
-888 + j*(-5881)
-747 + j*(5094)
-1568 + j*(-1311)
2177 + j*(611)
-1028 + j*(4)
-1165 + j*(2641)
2691 + j*(-2544)
3598 + j*(1739)
-2687 + j*(-1619)
-215 + j*(5799)
-2255 + j*(3640)
-3347 + j*(-1705)
-2407 + j*(-849)
-3870 + j*(-1130)
1562 + j*(3485)
-1319 + j*(1776)
2383 + j*(121)
-1166 + j*(862)
-2593 + j*(1890)
2177 + j*(966)
-3555 + j*(-1191)
-4440 + j*(1104)
-646 + j*(-339)
1472 + j*(-1678)
2411 + j*(-729)
-3852 + j*(-3910)
1187 + j*(-2351)
2240 + j*(-2694)
2782 + j*(-62)
-2279 + j*(-1194)
1589 + j*(10)
-2251 + j*(2285)
5848 + j*(3749)
-1098 + j*(-1548)
2558 + j*(1378)
-1091 + j*(-6172)
-3858 + j*(-2208)
-303 + j*(1472)
-1779 + j*(-2999)
247 + j*(-2813)
-450 + j*(-2362)
-1864 + j*(-3069)
2687 + j*(4316)
40 + j*(331)
-1294 + j*(-575)
-428 + j*(2058)
-391 + j*(425)
-921 + j*(2480)
821 + j*(484)
1366 + j*(426)
-2617 + j*(-994)
2378 + j*(1760)
-1085 + j*(2682)
-900 + j*(-4017)
1014 + j*(1159)
1110 + j*(-920)
1768 + j*(-300)
-1371 + j*(932)
2997 + j*(637)
1257 + j*(84)
-3664 + j*(2446)
2065 + j*(497)
2362 + j*(-980)
2370 + j*(-2821)
1440 + j*(984)
-3504 + j*(-2293)
859 + j*(-376)
-1965 + j*(-1299)
-1437 + j*(939)
-1710 + j*(115)
-3065 + j*(479)
-255 + j*(-317)
-1657 + j*(-1879)
-1997 + j*(-2500)
1694 + j*(628)
-2972 + j*(-1168)
-2959 + j*(1361)
-2001 + j*(-459)
-787 + j*(1827)
-2642 + j*(-501)
-1844 + j*(303)
2268 + j*(1822)
3721 + j*(509)
1215 + j*(-64)
-3042 + j*(-1072)
4580 + j*(2945)
-217 + j*(-2803)
1563 + j*(250)
3016 + j*(-26)
-1738 + j*(1708)
552 + j*(1854)
580 + j*(1116)
-6352 + j*(-4400)
827 + j*(-469)
-3265 + j*(-235)
711 + j*(714)
-2254 + j*(1962)
3537 + j*(-1541)
403 + j*(-3105)
-2002 + j*(1508)
-564 + j*(3069)
1876 + j*(75)
-314 + j*(-3192)
3690 + j*(1673)
2117 + j*(-1232)
293 + j*(1206)
-1860 + j*(3015)
-878 + j*(1199)
628 + j*(-2)
-409 + j*(-286)
-378 + j*(1377)
-155 + j*(-157)
2135 + j*(-1095)
-90 + j*(-466)
967 + j*(-945)
1131 + j*(717)
1247 + j*(137)
404 + j*(-1136)
-2650 + j*(-444)
-1118 + j*(-1435)
-661 + j*(-1066)
883 + j*(-1204)
1920 + j*(-978)
285 + j*(-848)
2161 + j*(-5669)
44 + j*(-791)
-1259 + j*(-6)
-401 + j*(468)
-1225 + j*(-1089)
2882 + j*(1372)
-1794 + j*(6)
405 + j*(-1329)
-1418 + j*(1049)
-817 + j*(1330)
258 + j*(-197)
858 + j*(-1194)
-336 + j*(1842)
-107 + j*(1906)
349 + j*(2404)
831 + j*(-1220)
-2667 + j*(-104)
2597 + j*(1563)
195 + j*(25)
-440 + j*(-1250)
2796 + j*(80)
-1255 + j*(1355)
552 + j*(975)
1950 + j*(2652)
-886 + j*(739)
771 + j*(-168)
431 + j*(2159)
-1873 + j*(-1381)
1406 + j*(-916)
813 + j*(-669)
2078 + j*(5628)
1002 + j*(1016)
1743 + j*(1122)
1004 + j*(2446)
715 + j*(1500)
1901 + j*(-1073)
67 + j*(191)
-1711 + j*(2283)
-125 + j*(1034)
241 + j*(-1942)
1716 + j*(-1784)
-1474 + j*(-2078)
613 + j*(1246)
-775 + j*(1149)
-1602 + j*(76)
-700 + j*(-14)
-349 + j*(1473)
-1400 + j*(-1091)
263 + j*(496)
-84 + j*(799)
563 + j*(-157)
-1027 + j*(-420)
95 + j*(1254)
659 + j*(-1346)
-671 + j*(-214)
-375 + j*(294)
22 + j*(340)
-1296 + j*(3803)
280 + j*(266)
421 + j*(188)
903 + j*(-56)
-596 + j*(862)
-1534 + j*(2509)
1211 + j*(582)
-146 + j*(-405)
324 + j*(-180)
-270 + j*(392)
190 + j*(1879)
-717 + j*(295)
-2709 + j*(-1168)
-1729 + j*(723)
-179 + j*(-153)
-513 + j*(-136)
1382 + j*(410)
-451 + j*(-746)
1086 + j*(-490)
50 + j*(804)
1500 + j*(-548)
-1285 + j*(398)
115 + j*(-710)
-1533 + j*(1391)
-661 + j*(710)
-1814 + j*(-828)
-1150 + j*(-967)
932 + j*(779)
-116 + j*(-565)
1088 + j*(371)
389 + j*(1062)
840 + j*(118)
-2104 + j*(286)
27 + j*(-891)
-634 + j*(202)
1436 + j*(-1519)
552 + j*(1650)
-1305 + j*(-1874)
1245 + j*(383)
1418 + j*(-1857)
-504 + j*(-419)
655 + j*(-593)
114 + j*(683)
1657 + j*(-1951)
-478 + j*(-2011)
2138 + j*(-1751)
702 + j*(472)
472 + j*(1510)
-1592 + j*(358)
808 + j*(1222)
-1187 + j*(-1790)
-713 + j*(445)
-1107 + j*(-708)
-660 + j*(-193)
-352 + j*(-65)
741 + j*(-29)
133 + j*(2)
678 + j*(-125)
-44 + j*(-200)
-183 + j*(208)
-57 + j*(473)
-124 + j*(-274)
416 + j*(-7)
564 + j*(-505)
491 + j*(-2648)
26 + j*(103)
-30 + j*(-850)
499 + j*(-31)
151 + j*(82)
1045 + j*(-590)
307 + j*(-304)
2269 + j*(1473)
-244 + j*(587)
-438 + j*(184)
12 + j*(-103)
823 + j*(869)
1917 + j*(-804)
-1221 + j*(529)
-682 + j*(242)
779 + j*(211)
-758 + j*(-103)
-107 + j*(-423)
-46 + j*(323)
-382 + j*(-5)
-108 + j*(-529)
-289 + j*(107)
-883 + j*(-803)
4 + j*(-5)
643 + j*(-56)
-89 + j*(-386)
-94 + j*(-495)
327 + j*(243)
-292 + j*(-890)
242 + j*(-488)
255 + j*(-224)
642 + j*(-290)
1431 + j*(-189)
-144 + j*(675)
-335 + j*(-566)
-333 + j*(369)
-246 + j*(-1203)
-1367 + j*(-1088)
130 + j*(-571)
1472 + j*(270)
556 + j*(-158)
436 + j*(-532)
255 + j*(-470)
-1622 + j*(1108)
1160 + j*(2217)
1730 + j*(-1051)
-1666 + j*(169)
-355 + j*(-645)
120 + j*(-397)
145 + j*(-280)
