rxdata = [3890 + j*(4092)
3579 + j*(4927)
3121 + j*(5721)
2540 + j*(6456)
1850 + j*(7117)
1079 + j*(7677)
253 + j*(8142)
-595 + j*(8482)
-1443 + j*(8712)
-2258 + j*(8819)
-3010 + j*(8816)
-3684 + j*(8701)
-4243 + j*(8492)
-4688 + j*(8192)
-4989 + j*(7823)
-5149 + j*(7390)
-5161 + j*(6916)
-5027 + j*(6405)
-4754 + j*(5880)
-4351 + j*(5339)
-3834 + j*(4810)
-3219 + j*(4278)
-2530 + j*(3768)
-1773 + j*(3272)
-1000 + j*(2797)
-192 + j*(2345)
585 + j*(1910)
1352 + j*(1499)
2060 + j*(1104)
2709 + j*(726)
3280 + j*(372)
3764 + j*(26)
4147 + j*(-290)
4435 + j*(-592)
4611 + j*(-866)
4686 + j*(-1106)
4662 + j*(-1314)
4529 + j*(-1475)
4320 + j*(-1589)
4013 + j*(-1647)
3641 + j*(-1638)
3204 + j*(-1569)
2715 + j*(-1418)
2188 + j*(-1203)
1636 + j*(-906)
1065 + j*(-540)
504 + j*(-106)
-52 + j*(392)
-576 + j*(940)
-1062 + j*(1533)
-1500 + j*(2156)
-1873 + j*(2790)
-2175 + j*(3429)
-2400 + j*(4046)
-2535 + j*(4638)
-2579 + j*(5176)
-2530 + j*(5654)
-2385 + j*(6057)
-2146 + j*(6368)
-1821 + j*(6585)
-1411 + j*(6696)
-929 + j*(6693)
-385 + j*(6584)
203 + j*(6355)
827 + j*(6019)
1462 + j*(5573)
2096 + j*(5035)
2708 + j*(4398)
3275 + j*(3688)
3788 + j*(2901)
4219 + j*(2065)
4566 + j*(1178)
4801 + j*(263)
4927 + j*(-669)
4931 + j*(-1611)
4807 + j*(-2539)
4566 + j*(-3456)
4198 + j*(-4334)
3722 + j*(-5178)
3145 + j*(-5972)
2483 + j*(-6699)
1752 + j*(-7370)
974 + j*(-7953)
165 + j*(-8465)
-644 + j*(-8885)
-1438 + j*(-9212)
-2199 + j*(-9446)
-2890 + j*(-9578)
-3519 + j*(-9608)
-4046 + j*(-9535)
-4475 + j*(-9358)
-4796 + j*(-9081)
-4996 + j*(-8703)
-5090 + j*(-8230)
-5067 + j*(-7673)
-4956 + j*(-7028)
-4738 + j*(-6320)
-4470 + j*(-5547)
-4129 + j*(-4734)
-3764 + j*(-3881)
-3382 + j*(-3026)
-3004 + j*(-2161)
-2660 + j*(-1325)
-2354 + j*(-528)
-2120 + j*(220)
-1951 + j*(882)
-1883 + j*(1462)
-1890 + j*(1933)
-2008 + j*(2286)
-2203 + j*(2515)
-2489 + j*(2608)
-2846 + j*(2565)
-3262 + j*(2391)
-3714 + j*(2079)
-4194 + j*(1657)
-4656 + j*(1114)
-5111 + j*(486)
-5504 + j*(-220)
-5835 + j*(-979)
-6078 + j*(-1764)
-6208 + j*(-2559)
-6232 + j*(-3330)
-6116 + j*(-4065)
-5875 + j*(-4721)
-5500 + j*(-5304)
-4996 + j*(-5763)
-4372 + j*(-6120)
-3645 + j*(-6326)
-2824 + j*(-6408)
-1936 + j*(-6342)
-1000 + j*(-6136)
-38 + j*(-5805)
927 + j*(-5343)
1861 + j*(-4784)
2763 + j*(-4129)
3587 + j*(-3410)
4338 + j*(-2639)
4986 + j*(-1849)
5526 + j*(-1051)
5955 + j*(-275)
6257 + j*(463)
6451 + j*(1148)
6521 + j*(1755)
6491 + j*(2290)
6359 + j*(2728)
6147 + j*(3078)
5856 + j*(3330)
5519 + j*(3492)
5129 + j*(3569)
4721 + j*(3568)
4294 + j*(3496)
3867 + j*(3371)
3449 + j*(3192)
3054 + j*(2985)
2681 + j*(2747)
2345 + j*(2496)
2041 + j*(2232)
1775 + j*(1963)
1556 + j*(1695)
1365 + j*(1423)
1225 + j*(1151)
1111 + j*(876)
1046 + j*(588)
1003 + j*(293)
1005 + j*(-24)
1033 + j*(-360)
1094 + j*(-719)
1188 + j*(-1108)
1309 + j*(-1518)
1463 + j*(-1960)
1641 + j*(-2410)
1848 + j*(-2884)
2069 + j*(-3348)
2324 + j*(-3818)
2573 + j*(-4254)
2844 + j*(-4661)
3108 + j*(-5022)
3359 + j*(-5310)
3610 + j*(-5532)
3811 + j*(-5657)
3996 + j*(-5687)
4125 + j*(-5610)
4205 + j*(-5424)
4233 + j*(-5124)
4188 + j*(-4712)
4086 + j*(-4204)
3911 + j*(-3588)
3674 + j*(-2900)
3381 + j*(-2131)
3029 + j*(-1314)
2640 + j*(-455)
2212 + j*(423)
1770 + j*(1299)
1315 + j*(2166)
868 + j*(2989)
445 + j*(3775)
42 + j*(4484)
-304 + j*(5132)
-613 + j*(5679)
-859 + j*(6144)
-1042 + j*(6495)
-1168 + j*(6752)
-1231 + j*(6892)
-1237 + j*(6929)
-1196 + j*(6849)
-1109 + j*(6664)
-989 + j*(6371)
-845 + j*(5975)
-684 + j*(5478)
-520 + j*(4888)
-355 + j*(4208)
-197 + j*(3447)
-50 + j*(2613)
89 + j*(1717)
205 + j*(769)
328 + j*(-217)
429 + j*(-1225)
547 + j*(-2243)
662 + j*(-3242)
798 + j*(-4217)
954 + j*(-5134)
1142 + j*(-5986)
1357 + j*(-6743)
1615 + j*(-7392)
1903 + j*(-7915)
2228 + j*(-8296)
2586 + j*(-8531)
2960 + j*(-8602)
3356 + j*(-8521)
3746 + j*(-8276)
4136 + j*(-7890)
4498 + j*(-7363)
4834 + j*(-6719)
5120 + j*(-5977)
5361 + j*(-5162)
5538 + j*(-4306)
5658 + j*(-3426)
5716 + j*(-2565)
5717 + j*(-1738)
5669 + j*(-982)
5581 + j*(-310)
5468 + j*(255)
5344 + j*(703)
5227 + j*(1022)
5132 + j*(1219)
5077 + j*(1290)
5075 + j*(1256)
5142 + j*(1122)
5277 + j*(917)
5498 + j*(662)
5794 + j*(378)
6165 + j*(104)
6604 + j*(-150)
7087 + j*(-347)
7612 + j*(-472)
8144 + j*(-512)
8669 + j*(-439)
9158 + j*(-276)
9589 + j*(13)
9942 + j*(387)
10187 + j*(863)
10323 + j*(1410)
10317 + j*(2009)
10174 + j*(2643)
9890 + j*(3284)
9456 + j*(3907)
8893 + j*(4489)
8200 + j*(5009)
7393 + j*(5449)
6503 + j*(5794)
5526 + j*(6034)
4507 + j*(6169)
3453 + j*(6193)
2383 + j*(6115)
1330 + j*(5949)
290 + j*(5697)
-711 + j*(5392)
-1662 + j*(5032)
-2573 + j*(4658)
-3409 + j*(4260)
-4212 + j*(3885)
-4931 + j*(3514)
-5622 + j*(3186)
-6236 + j*(2889)
-6816 + j*(2633)
-7334 + j*(2416)
-7800 + j*(2233)
-8214 + j*(2078)
-8552 + j*(1945)
-8831 + j*(1817)
-9014 + j*(1692)
-9103 + j*(1553)
-9085 + j*(1397)
-8930 + j*(1220)
-8650 + j*(1013)
-8211 + j*(785)
-7623 + j*(531)
-6876 + j*(267)
-5970 + j*(-5)
-4928 + j*(-271)
-3746 + j*(-514)
-2465 + j*(-733)
-1096 + j*(-903)
311 + j*(-1026)
1736 + j*(-1090)
3119 + j*(-1096)
4439 + j*(-1041)
5637 + j*(-943)
6687 + j*(-797)
7550 + j*(-636)
8194 + j*(-464)
8608 + j*(-314)
8765 + j*(-203)
8683 + j*(-153)
8350 + j*(-194)
7793 + j*(-331)
7036 + j*(-589)
6112 + j*(-972)
5066 + j*(-1478)
3936 + j*(-2113)
2776 + j*(-2848)
1628 + j*(-3679)
548 + j*(-4565)
-433 + j*(-5484)
-1273 + j*(-6394)
-1940 + j*(-7258)
-2432 + j*(-8033)
-2713 + j*(-8691)
-2810 + j*(-9183)
-2718 + j*(-9496)
-2459 + j*(-9599)
-2071 + j*(-9475)
-1573 + j*(-9143)
-1020 + j*(-8580)
-437 + j*(-7829)
119 + j*(-6904)
627 + j*(-5841)
1036 + j*(-4688)
1329 + j*(-3489)
1484 + j*(-2291)
1481 + j*(-1149)
1330 + j*(-108)
1023 + j*(791)
584 + j*(1509)
34 + j*(2020)
-607 + j*(2313)
-1300 + j*(2371)
-2017 + j*(2219)
-2719 + j*(1855)
-3378 + j*(1320)
-3961 + j*(652)
-4456 + j*(-116)
-4835 + j*(-915)
-5096 + j*(-1720)
-5236 + j*(-2451)
-5264 + j*(-3084)
-5192 + j*(-3564)
-5040 + j*(-3858)
-4833 + j*(-3952)
-4598 + j*(-3813)
-4362 + j*(-3462)
-4151 + j*(-2894)
-3989 + j*(-2135)
-3894 + j*(-1218)
-3877 + j*(-181)
-3949 + j*(929)
-4095 + j*(2063)
-4319 + j*(3165)
-4593 + j*(4199)
-4892 + j*(5099)
-5197 + j*(5850)
-5459 + j*(6401)
-5662 + j*(6746)
-5757 + j*(6870)
-5727 + j*(6774)
-5537 + j*(6477)
-5177 + j*(5993)
-4633 + j*(5368)
-3909 + j*(4620)
-3010 + j*(3816)
-1963 + j*(2983)
-788 + j*(2176)
470 + j*(1435)
1770 + j*(798)
3073 + j*(291)
4314 + j*(-52)
5460 + j*(-235)
6460 + j*(-236)
7271 + j*(-80)
7877 + j*(234)
8234 + j*(666)
8352 + j*(1203)
8224 + j*(1799)
7867 + j*(2420)
7299 + j*(3038)
6568 + j*(3606)
5699 + j*(4109)
4767 + j*(4512)
3798 + j*(4800)
2870 + j*(4979)
2022 + j*(5022)
1309 + j*(4968)
771 + j*(4807)
436 + j*(4579)
336 + j*(4300)
462 + j*(4007)
831 + j*(3723)
1410 + j*(3487)
2176 + j*(3313)
3098 + j*(3239)
4116 + j*(3264)
5182 + j*(3406)
6247 + j*(3662)
7234 + j*(4016)
8110 + j*(4466)
8806 + j*(4971)
9289 + j*(5515)
9521 + j*(6054)
9475 + j*(6559)
9151 + j*(6986)
8533 + j*(7308)
7655 + j*(7487)
6523 + j*(7505)
5187 + j*(7336)
3680 + j*(6980)
2062 + j*(6427)
375 + j*(5696)
-1313 + j*(4796)
-2952 + j*(3763)
-4500 + j*(2621)
-5892 + j*(1418)
-7113 + j*(193)
-8115 + j*(-1017)
-8890 + j*(-2151)
-9424 + j*(-3191)
-9716 + j*(-4078)
-9782 + j*(-4802)
-9628 + j*(-5333)
-9298 + j*(-5657)
-8803 + j*(-5773)
-8190 + j*(-5695)
-7487 + j*(-5421)
-6734 + j*(-4997)
-5962 + j*(-4430)
-5206 + j*(-3779)
-4483 + j*(-3058)
-3822 + j*(-2337)
-3227 + j*(-1620)
-2719 + j*(-984)
-2283 + j*(-427)
-1936 + j*(-2)
-1647 + j*(285)
-1423 + j*(416)
-1236 + j*(385)
-1074 + j*(195)
-924 + j*(-139)
-764 + j*(-602)
-583 + j*(-1174)
-368 + j*(-1817)
-117 + j*(-2513)
183 + j*(-3215)
527 + j*(-3902)
910 + j*(-4532)
1335 + j*(-5089)
1774 + j*(-5534)
2240 + j*(-5865)
2692 + j*(-6052)
3140 + j*(-6100)
3552 + j*(-6000)
3921 + j*(-5768)
4242 + j*(-5400)
4485 + j*(-4929)
4666 + j*(-4358)
4756 + j*(-3723)
4772 + j*(-3043)
4701 + j*(-2345)
4551 + j*(-1655)
4324 + j*(-998)
4033 + j*(-397)
3674 + j*(132)
3277 + j*(564)
2829 + j*(899)
