rxdata = [4109 + j*(7712)
4008 + j*(7614)
3883 + j*(7402)
3749 + j*(7091)
3627 + j*(6684)
3527 + j*(6200)
3451 + j*(5666)
3417 + j*(5084)
3403 + j*(4500)
3427 + j*(3917)
3460 + j*(3364)
3504 + j*(2866)
3538 + j*(2420)
3545 + j*(2060)
3518 + j*(1776)
3433 + j*(1583)
3277 + j*(1473)
3051 + j*(1451)
2732 + j*(1498)
2334 + j*(1610)
1842 + j*(1782)
1277 + j*(1983)
635 + j*(2220)
-61 + j*(2463)
-800 + j*(2708)
-1566 + j*(2941)
-2331 + j*(3155)
-3089 + j*(3336)
-3804 + j*(3486)
-4477 + j*(3593)
-5072 + j*(3656)
-5592 + j*(3679)
-6015 + j*(3652)
-6333 + j*(3584)
-6553 + j*(3468)
-6651 + j*(3313)
-6648 + j*(3114)
-6533 + j*(2879)
-6315 + j*(2605)
-6003 + j*(2301)
-5598 + j*(1970)
-5113 + j*(1611)
-4561 + j*(1248)
-3945 + j*(868)
-3285 + j*(504)
-2583 + j*(151)
-1867 + j*(-165)
-1138 + j*(-438)
-421 + j*(-643)
272 + j*(-772)
925 + j*(-805)
1507 + j*(-729)
2020 + j*(-539)
2426 + j*(-221)
2719 + j*(225)
2879 + j*(792)
2890 + j*(1479)
2750 + j*(2270)
2443 + j*(3140)
1982 + j*(4077)
1359 + j*(5035)
601 + j*(6001)
-287 + j*(6925)
-1263 + j*(7783)
-2310 + j*(8538)
-3375 + j*(9161)
-4427 + j*(9622)
-5416 + j*(9915)
-6293 + j*(10008)
-7020 + j*(9924)
-7549 + j*(9638)
-7846 + j*(9197)
-7882 + j*(8597)
-7636 + j*(7885)
-7102 + j*(7093)
-6277 + j*(6262)
-5187 + j*(5436)
-3846 + j*(4665)
-2308 + j*(3976)
-615 + j*(3427)
1175 + j*(3027)
2987 + j*(2818)
4764 + j*(2790)
6423 + j*(2967)
7911 + j*(3320)
9150 + j*(3836)
10105 + j*(4488)
10716 + j*(5221)
10972 + j*(6009)
10850 + j*(6785)
10353 + j*(7504)
9511 + j*(8119)
8341 + j*(8582)
6916 + j*(8852)
5273 + j*(8908)
3497 + j*(8726)
1658 + j*(8305)
-165 + j*(7658)
-1897 + j*(6799)
-3467 + j*(5772)
-4813 + j*(4617)
-5888 + j*(3389)
-6646 + j*(2154)
-7082 + j*(961)
-7176 + j*(-108)
-6955 + j*(-1017)
-6437 + j*(-1696)
-5674 + j*(-2118)
-4706 + j*(-2250)
-3618 + j*(-2075)
-2449 + j*(-1601)
-1298 + j*(-841)
-204 + j*(171)
747 + j*(1395)
1525 + j*(2767)
2078 + j*(4232)
2380 + j*(5713)
2432 + j*(7144)
2220 + j*(8459)
1786 + j*(9591)
1148 + j*(10490)
353 + j*(11119)
-535 + j*(11444)
-1471 + j*(11464)
-2381 + j*(11171)
-3210 + j*(10602)
-3903 + j*(9775)
-4411 + j*(8752)
-4702 + j*(7581)
-4745 + j*(6328)
-4540 + j*(5059)
-4080 + j*(3841)
-3399 + j*(2732)
-2517 + j*(1786)
-1483 + j*(1050)
-352 + j*(543)
831 + j*(289)
1989 + j*(283)
3084 + j*(510)
4045 + j*(943)
4839 + j*(1535)
5425 + j*(2243)
5782 + j*(3001)
5897 + j*(3756)
5779 + j*(4447)
5437 + j*(5013)
4912 + j*(5417)
4232 + j*(5612)
3450 + j*(5582)
2616 + j*(5308)
1780 + j*(4805)
1003 + j*(4083)
322 + j*(3179)
-219 + j*(2146)
-588 + j*(1016)
-777 + j*(-119)
-765 + j*(-1228)
-575 + j*(-2225)
-210 + j*(-3061)
283 + j*(-3688)
882 + j*(-4059)
1529 + j*(-4154)
2182 + j*(-3953)
2794 + j*(-3461)
3308 + j*(-2700)
3699 + j*(-1689)
3923 + j*(-486)
3961 + j*(868)
3806 + j*(2306)
3455 + j*(3762)
2925 + j*(5180)
2241 + j*(6485)
1441 + j*(7632)
567 + j*(8565)
-330 + j*(9255)
-1199 + j*(9672)
-1988 + j*(9811)
-2648 + j*(9668)
-3142 + j*(9267)
-3426 + j*(8628)
-3494 + j*(7791)
-3323 + j*(6801)
-2922 + j*(5702)
-2305 + j*(4546)
-1499 + j*(3383)
-538 + j*(2250)
526 + j*(1190)
1656 + j*(233)
2784 + j*(-609)
3874 + j*(-1314)
4865 + j*(-1897)
5725 + j*(-2347)
6416 + j*(-2708)
6917 + j*(-2971)
7216 + j*(-3194)
7316 + j*(-3379)
7224 + j*(-3571)
6973 + j*(-3787)
6580 + j*(-4048)
6101 + j*(-4368)
5563 + j*(-4749)
5022 + j*(-5195)
4517 + j*(-5684)
4085 + j*(-6213)
3764 + j*(-6740)
3573 + j*(-7253)
3532 + j*(-7708)
3636 + j*(-8079)
3887 + j*(-8340)
4256 + j*(-8454)
4726 + j*(-8423)
5251 + j*(-8207)
5798 + j*(-7841)
6315 + j*(-7294)
6771 + j*(-6619)
7104 + j*(-5815)
7301 + j*(-4937)
7310 + j*(-4011)
7132 + j*(-3093)
6740 + j*(-2214)
6150 + j*(-1440)
5367 + j*(-784)
4417 + j*(-311)
3338 + j*(-15)
2163 + j*(52)
947 + j*(-76)
-267 + j*(-430)
-1427 + j*(-964)
-2483 + j*(-1666)
-3399 + j*(-2498)
-4134 + j*(-3406)
-4668 + j*(-4357)
-4982 + j*(-5285)
-5064 + j*(-6157)
-4941 + j*(-6910)
-4595 + j*(-7522)
-4089 + j*(-7944)
-3421 + j*(-8172)
-2650 + j*(-8179)
-1809 + j*(-7980)
-939 + j*(-7577)
-77 + j*(-6998)
730 + j*(-6273)
1472 + j*(-5441)
2100 + j*(-4543)
2624 + j*(-3631)
3013 + j*(-2738)
3283 + j*(-1916)
3438 + j*(-1200)
3481 + j*(-607)
3450 + j*(-172)
3344 + j*(111)
3198 + j*(234)
3034 + j*(211)
2858 + j*(71)
2699 + j*(-169)
2555 + j*(-460)
2433 + j*(-775)
2334 + j*(-1063)
2240 + j*(-1289)
2147 + j*(-1421)
2033 + j*(-1421)
1877 + j*(-1270)
1663 + j*(-959)
1371 + j*(-476)
982 + j*(164)
497 + j*(949)
-106 + j*(1860)
-800 + j*(2848)
-1593 + j*(3898)
-2452 + j*(4946)
-3356 + j*(5975)
-4264 + j*(6920)
-5143 + j*(7768)
-5944 + j*(8466)
-6630 + j*(9010)
-7152 + j*(9374)
-7479 + j*(9552)
-7576 + j*(9556)
-7419 + j*(9380)
-7007 + j*(9066)
-6321 + j*(8615)
-5395 + j*(8079)
-4235 + j*(7475)
-2894 + j*(6837)
-1403 + j*(6205)
167 + j*(5592)
1769 + j*(5034)
3324 + j*(4532)
4783 + j*(4110)
6066 + j*(3753)
7134 + j*(3471)
7925 + j*(3237)
8413 + j*(3048)
8568 + j*(2869)
8383 + j*(2694)
7868 + j*(2485)
7027 + j*(2232)
5920 + j*(1923)
4558 + j*(1532)
3033 + j*(1077)
1378 + j*(544)
-328 + j*(-44)
-2010 + j*(-666)
-3621 + j*(-1310)
-5077 + j*(-1923)
-6342 + j*(-2489)
-7365 + j*(-2958)
-8113 + j*(-3298)
-8572 + j*(-3479)
-8725 + j*(-3461)
-8597 + j*(-3242)
-8184 + j*(-2781)
-7539 + j*(-2111)
-6685 + j*(-1203)
-5668 + j*(-110)
-4553 + j*(1165)
-3368 + j*(2559)
-2188 + j*(4047)
-1037 + j*(5553)
24 + j*(7037)
973 + j*(8433)
1779 + j*(9678)
2417 + j*(10735)
2899 + j*(11539)
3197 + j*(12070)
3347 + j*(12294)
3340 + j*(12192)
3215 + j*(11785)
2989 + j*(11051)
2685 + j*(10053)
2343 + j*(8793)
1969 + j*(7346)
1609 + j*(5740)
1262 + j*(4058)
958 + j*(2339)
697 + j*(667)
496 + j*(-920)
341 + j*(-2351)
245 + j*(-3590)
186 + j*(-4592)
167 + j*(-5336)
174 + j*(-5796)
195 + j*(-5981)
232 + j*(-5877)
264 + j*(-5519)
304 + j*(-4919)
335 + j*(-4118)
377 + j*(-3146)
420 + j*(-2053)
489 + j*(-875)
581 + j*(336)
722 + j*(1546)
914 + j*(2710)
1174 + j*(3802)
1516 + j*(4787)
1936 + j*(5647)
2452 + j*(6375)
3051 + j*(6945)
3734 + j*(7379)
4489 + j*(7658)
5299 + j*(7812)
6145 + j*(7837)
7004 + j*(7759)
7845 + j*(7591)
8651 + j*(7346)
9373 + j*(7054)
10010 + j*(6715)
10506 + j*(6355)
10864 + j*(5981)
11046 + j*(5603)
11050 + j*(5228)
10866 + j*(4860)
10483 + j*(4497)
9920 + j*(4150)
9173 + j*(3802)
8267 + j*(3461)
7218 + j*(3120)
6057 + j*(2770)
4801 + j*(2417)
3490 + j*(2042)
2152 + j*(1654)
818 + j*(1244)
-481 + j*(807)
-1717 + j*(346)
-2861 + j*(-143)
-3897 + j*(-659)
-4794 + j*(-1202)
-5552 + j*(-1770)
-6143 + j*(-2366)
-6577 + j*(-2970)
-6836 + j*(-3603)
-6934 + j*(-4230)
-6867 + j*(-4875)
-6646 + j*(-5497)
-6286 + j*(-6119)
-5790 + j*(-6699)
-5185 + j*(-7252)
-4487 + j*(-7744)
-3710 + j*(-8174)
-2882 + j*(-8522)
-2017 + j*(-8777)
-1142 + j*(-8926)
-280 + j*(-8953)
552 + j*(-8861)
1328 + j*(-8623)
2034 + j*(-8263)
2646 + j*(-7752)
3156 + j*(-7123)
3545 + j*(-6363)
3812 + j*(-5500)
3945 + j*(-4550)
3946 + j*(-3527)
3827 + j*(-2468)
3579 + j*(-1395)
3238 + j*(-335)
2799 + j*(671)
2301 + j*(1607)
1762 + j*(2434)
1206 + j*(3136)
669 + j*(3685)
173 + j*(4074)
-251 + j*(4286)
-570 + j*(4325)
-778 + j*(4191)
-834 + j*(3895)
-748 + j*(3455)
-493 + j*(2893)
-83 + j*(2234)
489 + j*(1517)
1196 + j*(763)
2031 + j*(21)
2958 + j*(-686)
3955 + j*(-1324)
4980 + j*(-1855)
6007 + j*(-2267)
6984 + j*(-2531)
7885 + j*(-2632)
8672 + j*(-2574)
9308 + j*(-2339)
9780 + j*(-1950)
10046 + j*(-1403)
10121 + j*(-729)
9967 + j*(66)
9613 + j*(941)
9054 + j*(1880)
8301 + j*(2852)
7398 + j*(3823)
6346 + j*(4771)
5202 + j*(5662)
3982 + j*(6483)
2736 + j*(7202)
1494 + j*(7811)
295 + j*(8288)
-835 + j*(8628)
-1854 + j*(8828)
-2754 + j*(8877)
-3499 + j*(8785)
-4090 + j*(8549)
-4509 + j*(8176)
-4756 + j*(7678)
-4839 + j*(7054)
-4754 + j*(6328)
-4526 + j*(5502)
-4163 + j*(4587)
-3675 + j*(3607)
-3099 + j*(2564)
-2431 + j*(1479)
-1710 + j*(368)
-942 + j*(-758)
-154 + j*(-1872)
647 + j*(-2964)
1435 + j*(-4009)
2211 + j*(-4994)
2943 + j*(-5887)
3644 + j*(-6683)
4282 + j*(-7348)
4866 + j*(-7880)
5376 + j*(-8253)
5815 + j*(-8461)
6169 + j*(-8489)
6440 + j*(-8347)
6618 + j*(-8020)
6702 + j*(-7526)
