rxdataF_rot = [6166 + j*(11955)
11976 + j*(-11722)
-10860 + j*(9909)
7865 + j*(-14819)
-11071 + j*(12867)
6172 + j*(-8523)
-1387 + j*(-15693)
13288 + j*(-2135)
11899 + j*(6713)
-12601 + j*(-8847)
-4444 + j*(13812)
671 + j*(-11861)
13667 + j*(5809)
2810 + j*(-13882)
-13860 + j*(-5973)
14786 + j*(899)
13263 + j*(4146)
5436 + j*(-11945)
-4893 + j*(-13645)
652 + j*(12263)
9773 + j*(-337)
2292 + j*(10056)
12443 + j*(-3389)
4060 + j*(-2856)
11930 + j*(-4522)
12516 + j*(-4361)
-8167 + j*(6117)
-11959 + j*(3105)
-11920 + j*(-10992)
10943 + j*(-9006)
10307 + j*(-9059)
5765 + j*(-8218)
15282 + j*(-9080)
-10305 + j*(-9289)
-4056 + j*(10568)
10516 + j*(6196)
5646 + j*(-10288)
-7640 + j*(-7030)
8954 + j*(-11097)
-3103 + j*(9141)
10067 + j*(10100)
2695 + j*(-15853)
1272 + j*(-16196)
16275 + j*(1915)
12989 + j*(6760)
-16087 + j*(-2866)
-2707 + j*(10158)
4386 + j*(-15583)
-4049 + j*(15531)
1987 + j*(-12883)
-15217 + j*(6252)
15036 + j*(2278)
-13055 + j*(7937)
-13021 + j*(13918)
3180 + j*(12251)
992 + j*(-9334)
-12187 + j*(6185)
8027 + j*(16080)
-3389 + j*(-15915)
-8479 + j*(6238)
-8163 + j*(-12722)
-6431 + j*(-8927)
17187 + j*(-9722)
9069 + j*(11763)
9404 + j*(-11949)
-9763 + j*(11086)
14535 + j*(-8711)
-10022 + j*(9334)
4525 + j*(-10886)
-7332 + j*(7605)
-6497 + j*(10397)
-11344 + j*(-5639)
11443 + j*(10324)
-14466 + j*(-2462)
-3231 + j*(14999)
-15893 + j*(-1148)
14522 + j*(1573)
15531 + j*(1671)
484 + j*(-10447)
-15327 + j*(-4203)
639 + j*(10861)
-15529 + j*(-1262)
-13282 + j*(4655)
-106 + j*(-14679)
4892 + j*(16241)
-12834 + j*(8702)
15199 + j*(-7661)
-8036 + j*(-2202)
-13471 + j*(-13102)
10675 + j*(-11467)
8444 + j*(11394)
-9905 + j*(9283)
-12118 + j*(7608)
10013 + j*(11004)
10955 + j*(-8163)
8810 + j*(10370)
-12753 + j*(9825)
10079 + j*(11947)
11067 + j*(-10856)
-8690 + j*(11070)
9531 + j*(10261)
3073 + j*(-13584)
-8707 + j*(13938)
9062 + j*(3914)
12286 + j*(5995)
-1960 + j*(-15009)
13932 + j*(4607)
-4114 + j*(15050)
15505 + j*(4004)
15367 + j*(5368)
-12571 + j*(-837)
2893 + j*(-13617)
1540 + j*(15538)
15410 + j*(-932)
13003 + j*(1298)
15682 + j*(-1127)
-15582 + j*(675)
-14413 + j*(2984)
7985 + j*(12623)
-13787 + j*(-654)
-13204 + j*(3727)
8922 + j*(12202)
-10448 + j*(6969)
10838 + j*(-2841)
7497 + j*(9971)
-11021 + j*(8778)
-12796 + j*(-8468)
12239 + j*(-11333)
12223 + j*(-8419)
10743 + j*(-9297)
12412 + j*(8514)
12280 + j*(-13501)
-8260 + j*(11150)
10205 + j*(-10438)
10948 + j*(6533)
-1736 + j*(15746)
-15473 + j*(-3066)
13256 + j*(9460)
12039 + j*(7516)
-4291 + j*(12396)
-2093 + j*(12865)
-812 + j*(11774)
-3623 + j*(11248)
-1198 + j*(-16831)
-1028 + j*(12113)
13003 + j*(-718)
-1127 + j*(12863)
-14130 + j*(362)
13688 + j*(286)
6430 + j*(-13164)
-1112 + j*(-16054)
10808 + j*(7251)
15271 + j*(-2657)
15176 + j*(-1989)
13300 + j*(16164)
11347 + j*(-13623)
-8160 + j*(4464)
6810 + j*(9890)
-12296 + j*(-11419)
13909 + j*(-13311)
10804 + j*(6618)
-9701 + j*(-6632)
-13230 + j*(-12706)
11404 + j*(-13763)
-8883 + j*(9652)
-6862 + j*(10810)
-11185 + j*(-4479)
4910 + j*(-12265)
-3835 + j*(-887)
-1047 + j*(2493)
309 + j*(2365)
2029 + j*(-2742)
1454 + j*(-3264)
-789 + j*(-5648)
-1256 + j*(3754)
87 + j*(1069)
1898 + j*(1309)
-669 + j*(1657)
-261 + j*(256)
-4170 + j*(-2983)
3772 + j*(2619)
-2879 + j*(2434)
3059 + j*(-886)
5892 + j*(-2824)
2480 + j*(-3211)
-8184 + j*(2413)
2130 + j*(-1693)
1506 + j*(-178)
5447 + j*(5775)
-1266 + j*(-28)
-3486 + j*(3362)
-2077 + j*(-2010)
-909 + j*(3755)
3852 + j*(115)
3878 + j*(1024)
10 + j*(1209)
-1037 + j*(-2430)
-374 + j*(-4468)
-3039 + j*(348)
-439 + j*(-2225)
2424 + j*(459)
-1960 + j*(-822)
1660 + j*(3088)
571 + j*(1304)
2882 + j*(1574)
-1330 + j*(-1423)
1734 + j*(1023)
-1335 + j*(-525)
-1804 + j*(-559)
1295 + j*(-266)
-2080 + j*(4339)
-1179 + j*(1840)
-2251 + j*(-2140)
3048 + j*(-1912)
2760 + j*(1876)
-972 + j*(1944)
-1145 + j*(2533)
-770 + j*(-2170)
689 + j*(-1638)
-1254 + j*(1458)
-1828 + j*(146)
-4039 + j*(-1032)
69 + j*(1237)
-862 + j*(-2854)
1861 + j*(-1646)
1438 + j*(-1725)
-2742 + j*(-255)
-570 + j*(-741)
2434 + j*(-336)
1862 + j*(3875)
1451 + j*(-1326)
4579 + j*(2494)
37 + j*(-1123)
-1096 + j*(-46)
2735 + j*(4327)
-4154 + j*(-652)
-1912 + j*(2523)
-1702 + j*(803)
-1143 + j*(1273)
-545 + j*(-2981)
1356 + j*(3201)
-1857 + j*(386)
1127 + j*(-2633)
-479 + j*(-2710)
1790 + j*(249)
235 + j*(-1601)
-1700 + j*(1786)
-3149 + j*(-1702)
-513 + j*(-2122)
5251 + j*(978)
1006 + j*(808)
-2653 + j*(121)
-1874 + j*(465)
1793 + j*(3160)
-2126 + j*(-2140)
-59 + j*(-1960)
617 + j*(641)
598 + j*(-758)
-836 + j*(-796)
165 + j*(-1393)
2623 + j*(639)
259 + j*(396)
-2716 + j*(3699)
202 + j*(2901)
1826 + j*(-51)
1199 + j*(-67)
-1770 + j*(497)
-2906 + j*(264)
119 + j*(390)
1245 + j*(-236)
1042 + j*(734)
238 + j*(-3322)
-1079 + j*(134)
119 + j*(981)
2893 + j*(1104)
1449 + j*(2025)
-4314 + j*(832)
1169 + j*(1996)
-2223 + j*(4172)
1528 + j*(-561)
-274 + j*(1075)
-1359 + j*(1956)
-569 + j*(-98)
1862 + j*(-1903)
-3710 + j*(366)
2590 + j*(11)
-3200 + j*(1170)
756 + j*(-2802)
-635 + j*(-2727)
1763 + j*(-42)
-2719 + j*(-1290)
628 + j*(-1462)
1824 + j*(2847)
-1340 + j*(-512)
-647 + j*(1682)
571 + j*(-2012)
1235 + j*(617)
999 + j*(353)
651 + j*(-803)
-424 + j*(-11)
-671 + j*(-313)
939 + j*(332)
37 + j*(-1227)
697 + j*(1228)
-197 + j*(-2098)
-932 + j*(-1014)
-1081 + j*(-459)
1298 + j*(-406)
2171 + j*(-379)
-1624 + j*(107)
-3437 + j*(-75)
-174 + j*(-1113)
1064 + j*(-352)
-3021 + j*(-788)
755 + j*(-399)
3475 + j*(452)
-1373 + j*(-365)
1036 + j*(960)
-1530 + j*(1857)
2119 + j*(-2599)
-365 + j*(-118)
512 + j*(526)
450 + j*(415)
-164 + j*(-101)
-463 + j*(416)
849 + j*(1109)
1287 + j*(-97)
1549 + j*(-703)
-12 + j*(-2276)
1067 + j*(1302)
1678 + j*(-2325)
-605 + j*(270)
-196 + j*(-297)
944 + j*(-2190)
-849 + j*(888)
317 + j*(-715)
103 + j*(-2694)
17 + j*(1364)
768 + j*(-1749)
-1578 + j*(1784)
-923 + j*(-875)
-1468 + j*(1539)
-964 + j*(1985)
157 + j*(-886)
149 + j*(754)
316 + j*(-4038)
1285 + j*(677)
445 + j*(2703)
-833 + j*(-3299)
-14 + j*(-1353)
-916 + j*(1773)
1407 + j*(-2020)
-183 + j*(1438)
-449 + j*(552)
922 + j*(821)
9 + j*(-1411)
-1564 + j*(-83)
-1305 + j*(-2628)
-2767 + j*(-1015)
-140 + j*(-215)
770 + j*(-259)
203 + j*(47)
-18 + j*(315)
-233 + j*(54)
461 + j*(-877)
-536 + j*(325)
-643 + j*(1190)
-687 + j*(-276)
539 + j*(-700)
610 + j*(25)
-347 + j*(175)
-684 + j*(534)
115 + j*(-1088)
-125 + j*(499)
-3579 + j*(-1448)
-2098 + j*(369)
1513 + j*(952)
2769 + j*(1012)
615 + j*(1510)
-2175 + j*(-1142)
574 + j*(-1699)
1604 + j*(-210)
713 + j*(893)
1528 + j*(-1663)
-495 + j*(-53)
13 + j*(895)
263 + j*(142)
957 + j*(435)
-483 + j*(-1049)
-1146 + j*(-497)
-539 + j*(300)
-182 + j*(-399)
-406 + j*(2171)
-1497 + j*(-1574)
924 + j*(530)
436 + j*(665)
275 + j*(-341)
-362 + j*(992)
354 + j*(-459)
-475 + j*(-240)
250 + j*(-1213)
763 + j*(-123)
-572 + j*(-928)
-949 + j*(91)
298 + j*(111)
60 + j*(1032)
1097 + j*(-3464)
1074 + j*(-5039)
-1415 + j*(-1153)
-2172 + j*(1522)
-927 + j*(1153)
-2091 + j*(-1239)
2610 + j*(-271)
6 + j*(-110)
1068 + j*(360)
2006 + j*(-1544)
730 + j*(-232)
455 + j*(-265)
560 + j*(-1089)
-93 + j*(443)
-554 + j*(1414)
451 + j*(1318)
-216 + j*(-1764)
75 + j*(-1058)
-532 + j*(-137)
974 + j*(-276)
45 + j*(83)
233 + j*(-223)
408 + j*(20)
778 + j*(572)
93 + j*(-933)
-145 + j*(-108)
-198 + j*(-789)
144 + j*(-353)
521 + j*(112)
20 + j*(-275)
-214 + j*(129)
-276 + j*(171)
958 + j*(-2357)
1430 + j*(2465)
746 + j*(427)
-2035 + j*(-1101)
615 + j*(-266)
794 + j*(-238)
1517 + j*(-265)
-251 + j*(-303)
533 + j*(347)
1795 + j*(-583)
204 + j*(559)
765 + j*(-492)
-702 + j*(-67)
-568 + j*(11)
-106 + j*(297)
578 + j*(-364)
-198 + j*(63)
-206 + j*(1065)
-331 + j*(-144)
727 + j*(-99)
146 + j*(256)
336 + j*(604)
-325 + j*(387)
-16 + j*(-147)
748 + j*(385)
-768 + j*(-146)
187 + j*(-74)
-868 + j*(-405)
-350 + j*(-689)
588 + j*(-571)
159 + j*(692)
239 + j*(432)
2174 + j*(-1752)
-2706 + j*(-521)
666 + j*(-1070)
1200 + j*(-1470)
306 + j*(-375)
166 + j*(1079)
-77 + j*(2687)
704 + j*(344)
251 + j*(28)
1817 + j*(-183)
356 + j*(-435)
-193 + j*(-179)
22 + j*(-265)
-575 + j*(60)
-1041 + j*(177)
