rxdataF_rot = [-8987 + j*(-13585)
-9421 + j*(-12155)
12735 + j*(8690)
-15836 + j*(-7118)
-12175 + j*(-7596)
4072 + j*(-15206)
12930 + j*(7747)
2064 + j*(-16464)
-14997 + j*(-8619)
1284 + j*(-12447)
13723 + j*(-2624)
-16540 + j*(-3471)
14774 + j*(-5638)
15439 + j*(950)
10294 + j*(-9570)
-11859 + j*(6213)
4607 + j*(-17099)
-2830 + j*(8342)
-6109 + j*(12255)
-5159 + j*(11326)
3949 + j*(-13067)
-11776 + j*(-8986)
-4985 + j*(12237)
-13305 + j*(3958)
12786 + j*(-4723)
-11977 + j*(-1436)
3965 + j*(14314)
-3444 + j*(-13997)
-8686 + j*(-14648)
-12563 + j*(6433)
3009 + j*(15545)
-5299 + j*(10332)
9671 + j*(9186)
-14433 + j*(-10023)
14972 + j*(6387)
13785 + j*(6002)
-13824 + j*(-2397)
11856 + j*(1292)
-16213 + j*(-5030)
-13510 + j*(-3937)
14000 + j*(4467)
-373 + j*(-15109)
-5590 + j*(-13911)
13381 + j*(-1193)
15226 + j*(-4542)
12552 + j*(-7705)
-15016 + j*(6395)
-369 + j*(13993)
-14035 + j*(7964)
4138 + j*(10119)
-9470 + j*(13908)
9111 + j*(4797)
-13655 + j*(-2429)
3582 + j*(-14442)
241 + j*(-12707)
-13962 + j*(-2087)
-9739 + j*(7881)
12911 + j*(2727)
5589 + j*(15029)
-4568 + j*(-12488)
12648 + j*(-10100)
-12178 + j*(10423)
-8876 + j*(6354)
-8664 + j*(-8207)
-6473 + j*(-11636)
-13996 + j*(-11565)
-9373 + j*(11671)
13436 + j*(8081)
14822 + j*(7948)
10844 + j*(13525)
-12773 + j*(-3899)
12420 + j*(-13970)
-11290 + j*(-3627)
1986 + j*(-14284)
12651 + j*(-1956)
-967 + j*(-12517)
-7474 + j*(-12579)
5622 + j*(14293)
-10208 + j*(6592)
-9298 + j*(7321)
-8806 + j*(8387)
-18187 + j*(-7516)
15423 + j*(2637)
4446 + j*(-9039)
10837 + j*(7257)
-11006 + j*(-4578)
-14370 + j*(10332)
-1141 + j*(9356)
747 + j*(14960)
10464 + j*(1197)
13015 + j*(-779)
12417 + j*(-3074)
11059 + j*(-3937)
-5929 + j*(-14906)
-11894 + j*(9559)
-13524 + j*(9265)
12048 + j*(12307)
-7006 + j*(14846)
-8053 + j*(10477)
14334 + j*(5910)
2418 + j*(-16557)
14892 + j*(7282)
12286 + j*(2270)
3126 + j*(15185)
15841 + j*(-729)
-13363 + j*(4621)
-1790 + j*(-15216)
4778 + j*(12622)
-4075 + j*(-14264)
6750 + j*(13088)
-8996 + j*(-12366)
9531 + j*(11342)
12044 + j*(-12806)
9985 + j*(1446)
11834 + j*(5451)
-11841 + j*(-6386)
-6058 + j*(7897)
2980 + j*(-13915)
16724 + j*(5903)
-2789 + j*(16440)
-15346 + j*(2658)
807 + j*(13259)
-15413 + j*(2060)
-13358 + j*(6050)
-5839 + j*(-13602)
14182 + j*(-5113)
-10713 + j*(9962)
14253 + j*(5427)
-8828 + j*(-8721)
8384 + j*(-11267)
9799 + j*(5744)
-15138 + j*(-5938)
12965 + j*(5666)
13745 + j*(5485)
10849 + j*(13002)
1362 + j*(-14420)
-12266 + j*(842)
-13422 + j*(2234)
13383 + j*(-398)
6223 + j*(13566)
-13593 + j*(9316)
-11648 + j*(9236)
12256 + j*(-4363)
-7949 + j*(7998)
-8838 + j*(-8784)
-8130 + j*(805)
10586 + j*(8058)
-5637 + j*(11315)
-12251 + j*(-5471)
-14315 + j*(114)
16019 + j*(4627)
13097 + j*(4080)
-5093 + j*(10219)
3899 + j*(15344)
16220 + j*(-298)
-3860 + j*(-11881)
10930 + j*(-3979)
9953 + j*(-7998)
13937 + j*(-9214)
-4250 + j*(-8754)
9461 + j*(-10976)
-11343 + j*(12599)
-6313 + j*(11214)
-12170 + j*(-9255)
-13447 + j*(-8275)
-4842 + j*(17156)
-15559 + j*(-125)
-15572 + j*(-4136)
-3185 + j*(-1133)
3489 + j*(1847)
188 + j*(1767)
-2850 + j*(3447)
-259 + j*(903)
2294 + j*(1705)
-2623 + j*(748)
-3691 + j*(3575)
-3515 + j*(2402)
376 + j*(-4857)
-3489 + j*(1414)
-4415 + j*(-1758)
-5855 + j*(364)
-2207 + j*(-657)
-2886 + j*(-828)
-1643 + j*(3333)
3725 + j*(980)
977 + j*(3233)
1053 + j*(-2535)
-42 + j*(-4538)
-2165 + j*(-1545)
-2293 + j*(-896)
3268 + j*(-3848)
-162 + j*(3704)
157 + j*(2795)
-737 + j*(-1544)
-1116 + j*(-468)
-1439 + j*(419)
914 + j*(-538)
-1586 + j*(1610)
-1261 + j*(-2071)
703 + j*(-2612)
5549 + j*(2568)
2424 + j*(-748)
956 + j*(-93)
-1570 + j*(2303)
-1832 + j*(64)
1995 + j*(389)
2799 + j*(-3671)
3786 + j*(-892)
-4509 + j*(270)
885 + j*(-397)
-3296 + j*(1652)
-994 + j*(2543)
3167 + j*(1146)
-887 + j*(2657)
-1077 + j*(710)
2587 + j*(1928)
-3261 + j*(-1568)
-297 + j*(2591)
2100 + j*(-423)
-2019 + j*(-195)
-2582 + j*(974)
1803 + j*(-1170)
1234 + j*(330)
-3664 + j*(-5837)
-731 + j*(826)
-1298 + j*(-384)
-1542 + j*(1061)
-2435 + j*(-345)
-27 + j*(1697)
-23 + j*(-2622)
244 + j*(930)
-2428 + j*(1625)
-1180 + j*(-575)
1054 + j*(2292)
-2223 + j*(840)
511 + j*(313)
-2024 + j*(798)
-9 + j*(2871)
1484 + j*(-1317)
1667 + j*(209)
721 + j*(-128)
4975 + j*(-3721)
3011 + j*(1011)
1365 + j*(-23)
-2144 + j*(5024)
-1401 + j*(-1748)
84 + j*(-906)
425 + j*(903)
1523 + j*(2442)
-2590 + j*(-690)
1285 + j*(-3929)
652 + j*(1166)
551 + j*(-944)
558 + j*(-3105)
2609 + j*(-861)
3087 + j*(-224)
257 + j*(30)
-545 + j*(-1017)
-2686 + j*(-1277)
-1702 + j*(-60)
1807 + j*(1293)
640 + j*(1898)
-938 + j*(667)
-2352 + j*(1539)
1622 + j*(1787)
1645 + j*(-1670)
-1325 + j*(-3700)
-1001 + j*(-3087)
681 + j*(1421)
-29 + j*(181)
177 + j*(2738)
4535 + j*(836)
1739 + j*(-2547)
6303 + j*(1684)
981 + j*(2168)
-680 + j*(-713)
29 + j*(-4777)
-1031 + j*(-1073)
-614 + j*(1817)
-1315 + j*(-1820)
-5986 + j*(-3233)
-2524 + j*(380)
1374 + j*(-2853)
347 + j*(1382)
-1647 + j*(-2032)
647 + j*(-2176)
-327 + j*(-2145)
3789 + j*(5066)
3631 + j*(1249)
1918 + j*(973)
-935 + j*(-719)
2986 + j*(-2610)
-1129 + j*(-1876)
-796 + j*(1472)
679 + j*(-1564)
922 + j*(-383)
-968 + j*(816)
276 + j*(264)
-355 + j*(320)
-808 + j*(522)
2500 + j*(161)
-177 + j*(-256)
1687 + j*(846)
-518 + j*(-209)
-772 + j*(244)
-2330 + j*(2484)
1860 + j*(-407)
229 + j*(1045)
2234 + j*(735)
155 + j*(-2215)
1716 + j*(950)
136 + j*(-497)
3701 + j*(990)
-780 + j*(1460)
-365 + j*(-653)
473 + j*(-741)
-191 + j*(-23)
815 + j*(358)
-224 + j*(1032)
-3248 + j*(170)
-551 + j*(1207)
314 + j*(1291)
-99 + j*(1226)
-426 + j*(-80)
764 + j*(476)
-1197 + j*(-480)
69 + j*(-1132)
-1493 + j*(-1302)
1095 + j*(923)
214 + j*(380)
1162 + j*(-151)
-1208 + j*(715)
1515 + j*(-2868)
-213 + j*(1885)
1125 + j*(-1305)
1905 + j*(-882)
1609 + j*(1619)
21 + j*(-753)
1412 + j*(1024)
1526 + j*(-2264)
-4003 + j*(-1490)
-1923 + j*(1243)
1806 + j*(-605)
-653 + j*(-794)
-2404 + j*(-334)
555 + j*(-394)
-525 + j*(1045)
-1930 + j*(-327)
-2831 + j*(-471)
1467 + j*(-425)
-3472 + j*(-287)
644 + j*(-1407)
72 + j*(296)
1830 + j*(-789)
-1710 + j*(-1850)
363 + j*(1656)
659 + j*(847)
-298 + j*(203)
716 + j*(1301)
-1300 + j*(1613)
-245 + j*(145)
-368 + j*(-297)
-1486 + j*(1077)
1502 + j*(598)
190 + j*(-1859)
134 + j*(475)
-185 + j*(405)
1371 + j*(-494)
-451 + j*(133)
1377 + j*(554)
938 + j*(-72)
-796 + j*(-440)
2357 + j*(-876)
209 + j*(-438)
-385 + j*(-606)
-991 + j*(-70)
2182 + j*(-37)
-898 + j*(-735)
1215 + j*(644)
172 + j*(945)
52 + j*(465)
28 + j*(412)
-191 + j*(-362)
3432 + j*(1269)
262 + j*(-37)
318 + j*(103)
554 + j*(532)
896 + j*(1061)
826 + j*(399)
-212 + j*(192)
130 + j*(-598)
838 + j*(648)
1376 + j*(-144)
-338 + j*(-319)
334 + j*(-1130)
133 + j*(-196)
-39 + j*(-1333)
-903 + j*(1190)
-1435 + j*(-337)
-1044 + j*(366)
805 + j*(566)
-2283 + j*(-460)
104 + j*(1618)
-1061 + j*(1288)
-1495 + j*(3279)
-1233 + j*(578)
979 + j*(1053)
-1756 + j*(-247)
-1500 + j*(1100)
-166 + j*(1150)
939 + j*(-17)
520 + j*(392)
-556 + j*(447)
316 + j*(530)
1148 + j*(-1254)
-2111 + j*(2357)
-130 + j*(-706)
2067 + j*(-1235)
-1580 + j*(-728)
235 + j*(-397)
1862 + j*(-223)
-1308 + j*(-170)
150 + j*(-257)
1098 + j*(1043)
-347 + j*(229)
-98 + j*(948)
80 + j*(-14)
-667 + j*(513)
321 + j*(-551)
263 + j*(107)
154 + j*(32)
176 + j*(-240)
401 + j*(-451)
-466 + j*(-2663)
-253 + j*(-245)
329 + j*(-114)
-997 + j*(-2576)
729 + j*(-742)
520 + j*(-691)
545 + j*(125)
1957 + j*(-859)
443 + j*(97)
-830 + j*(-590)
331 + j*(550)
460 + j*(-97)
349 + j*(103)
118 + j*(577)
-1104 + j*(-2055)
428 + j*(629)
524 + j*(-220)
-112 + j*(-1117)
-1083 + j*(-169)
127 + j*(475)
-609 + j*(-258)
113 + j*(243)
202 + j*(116)
1252 + j*(-762)
570 + j*(679)
59 + j*(-487)
-193 + j*(-364)
130 + j*(-173)
-340 + j*(556)
-31 + j*(554)
-394 + j*(-996)
-279 + j*(1107)
2032 + j*(416)
-98 + j*(557)
-31 + j*(165)
2882 + j*(1211)
200 + j*(537)
-520 + j*(89)
-641 + j*(261)
-2129 + j*(632)
-601 + j*(242)
-403 + j*(-7)
643 + j*(-122)
518 + j*(277)
333 + j*(946)
-143 + j*(365)
892 + j*(-1382)
-408 + j*(54)
405 + j*(-202)
-1036 + j*(-783)
-879 + j*(-246)
-182 + j*(467)
