rxdataF_oai = [-10603 + j*(-9632)
-19 + j*(-12)
-13223 + j*(-6745)
-19 + j*(-10)
-765 + j*(15176)
-10 + j*(-9)
15871 + j*(2787)
-10 + j*(-9)
-12658 + j*(-3650)
-11 + j*(-8)
-10295 + j*(7583)
-13 + j*(-9)
-9650 + j*(-10431)
-12 + j*(-6)
-6707 + j*(12435)
-13 + j*(-5)
7267 + j*(-14595)
-10 + j*(-5)
-9806 + j*(-2089)
-11 + j*(-4)
-15199 + j*(3250)
-8 + j*(-5)
-1987 + j*(-15575)
-10 + j*(-5)
10051 + j*(11295)
-10 + j*(-4)
-1891 + j*(12656)
-9 + j*(-3)
-8617 + j*(7773)
-10 + j*(-2)
-15837 + j*(-6316)
-8 + j*(-3)
-11665 + j*(10322)
-8 + j*(-2)
-4044 + j*(16233)
-9 + j*(-1)
-152 + j*(-14528)
-8 + j*(-2)
-15350 + j*(-157)
-8 + j*(-2)
1593 + j*(11535)
-7 + j*(-1)
155 + j*(10089)
-8 + j*(-2)
6404 + j*(9583)
-7 + j*(-2)
15369 + j*(10077)
-7 + j*(-1)
6906 + j*(15893)
-7 + j*(-1)
11534 + j*(6205)
-6 + j*(-1)
14392 + j*(-11013)
-7 + j*(-2)
4815 + j*(-12139)
-5 + j*(-1)
-105 + j*(13291)
-7 + j*(-1)
-12824 + j*(4839)
-6 + j*(-1)
12125 + j*(-6196)
-6 + j*(-1)
12166 + j*(3981)
-7 + j*(-1)
-6578 + j*(10868)
-1 + j*(-2)
15828 + j*(7528)
-3 + j*(-2)
-2274 + j*(12732)
-1 + j*(-3)
4953 + j*(-14315)
-1 + j*(-2)
295 + j*(-15590)
-2 + j*(-3)
9421 + j*(-6108)
-3 + j*(-2)
11707 + j*(14926)
-3 + j*(-1)
8991 + j*(15865)
-4 + j*(-2)
-16352 + j*(-11861)
-2 + j*(-2)
13348 + j*(2141)
-3 + j*(-2)
-11445 + j*(-2168)
-2 + j*(-1)
-1970 + j*(-15600)
-2 + j*(-1)
320 + j*(10599)
-2 + j*(0)
2977 + j*(-11209)
-2 + j*(-1)
13587 + j*(7067)
-2 + j*(-2)
-10733 + j*(-2808)
-3 + j*(-1)
-10250 + j*(-7655)
-2 + j*(0)
-14720 + j*(-2742)
-3 + j*(-1)
-1521 + j*(-14051)
-2 + j*(0)
14533 + j*(-1472)
-2 + j*(0)
2615 + j*(13776)
-2 + j*(0)
13558 + j*(-7148)
-1 + j*(0)
-5510 + j*(-8905)
-2 + j*(-1)
13368 + j*(10899)
-3 + j*(0)
-10888 + j*(12534)
-1 + j*(-1)
-8968 + j*(-3329)
-2 + j*(-1)
11924 + j*(-4478)
-1 + j*(-1)
1084 + j*(14513)
-2 + j*(-1)
1108 + j*(12532)
-2 + j*(-1)
1536 + j*(-14116)
-3 + j*(-2)
11506 + j*(-5953)
-1 + j*(-1)
12694 + j*(-14026)
-2 + j*(-1)
10574 + j*(7290)
-3 + j*(-2)
-4589 + j*(-14990)
-3 + j*(-1)
-11880 + j*(-3625)
-3 + j*(-2)
14795 + j*(-1653)
-2 + j*(-1)
-4979 + j*(-13905)
-2 + j*(-1)
-12239 + j*(11811)
-3 + j*(-1)
4861 + j*(14398)
-2 + j*(-2)
-8389 + j*(7817)
-2 + j*(-1)
-9374 + j*(-4832)
-2 + j*(-1)
8955 + j*(8121)
-3 + j*(-2)
-14464 + j*(-3964)
-2 + j*(0)
-10060 + j*(3112)
-3 + j*(-1)
12586 + j*(-1872)
-2 + j*(-1)
-5321 + j*(8122)
-2 + j*(-1)
8387 + j*(11435)
-1 + j*(-1)
-8577 + j*(-6808)
-2 + j*(0)
3151 + j*(-14772)
-2 + j*(-1)
-8206 + j*(13051)
-2 + j*(0)
14364 + j*(-8119)
-2 + j*(0)
13887 + j*(3481)
-3 + j*(0)
-146 + j*(-2513)
-2 + j*(0)
-4236 + j*(-781)
-2 + j*(0)
-2542 + j*(-3027)
-3 + j*(-1)
-994 + j*(-6444)
-1 + j*(-1)
581 + j*(-3453)
-3 + j*(1)
-1667 + j*(-1240)
-2 + j*(-1)
-3043 + j*(-2238)
-2 + j*(0)
1443 + j*(113)
-3 + j*(-1)
-4988 + j*(10)
-2 + j*(-1)
-491 + j*(3642)
-2 + j*(-1)
527 + j*(797)
-1 + j*(-1)
-3881 + j*(1210)
-1 + j*(0)
-1705 + j*(3151)
-2 + j*(-1)
-2488 + j*(-1245)
-1 + j*(0)
-14 + j*(-1637)
-1 + j*(-2)
1055 + j*(-273)
-2 + j*(-1)
-6880 + j*(1889)
-3 + j*(-1)
-6221 + j*(-4500)
-2 + j*(-1)
2822 + j*(2582)
-2 + j*(-1)
3443 + j*(2328)
-2 + j*(-1)
-3196 + j*(-997)
-3 + j*(-1)
-2995 + j*(-1140)
-2 + j*(-2)
274 + j*(-851)
-2 + j*(-1)
-1562 + j*(-554)
-2 + j*(-1)
-2766 + j*(3474)
-3 + j*(0)
-4730 + j*(-2661)
-2 + j*(-1)
-489 + j*(1823)
-3 + j*(-1)
2565 + j*(9620)
-1 + j*(-1)
5693 + j*(-2026)
-2 + j*(-1)
-5127 + j*(2162)
-2 + j*(-1)
-1148 + j*(-2445)
-2 + j*(-1)
-704 + j*(-4176)
-2 + j*(0)
-1125 + j*(1822)
-2 + j*(0)
-4529 + j*(1929)
-2 + j*(-1)
3974 + j*(1335)
-2 + j*(0)
-2944 + j*(2487)
-1 + j*(0)
-753 + j*(-368)
-2 + j*(-2)
-751 + j*(5078)
-1 + j*(-1)
-3311 + j*(2049)
-2 + j*(0)
1014 + j*(-2937)
-1 + j*(-1)
1536 + j*(2540)
-1 + j*(0)
101 + j*(5574)
-2 + j*(-1)
-541 + j*(697)
-3 + j*(0)
-8014 + j*(2932)
-1 + j*(0)
5147 + j*(1123)
-3 + j*(-1)
745 + j*(1023)
-2 + j*(-2)
1003 + j*(-1112)
-2 + j*(-1)
2690 + j*(6498)
-2 + j*(-1)
-1402 + j*(2508)
-2 + j*(-1)
526 + j*(-1387)
-2 + j*(-1)
-3046 + j*(2425)
-1 + j*(-1)
1699 + j*(-173)
-4 + j*(0)
-1278 + j*(-2601)
-2 + j*(-1)
1970 + j*(-2434)
-1 + j*(-2)
3542 + j*(-4032)
-3 + j*(-1)
-118 + j*(1272)
-1 + j*(0)
2698 + j*(1272)
-3 + j*(-1)
4096 + j*(3026)
-2 + j*(-1)
-1501 + j*(433)
-3 + j*(-2)
-4275 + j*(-1204)
-2 + j*(0)
-1260 + j*(-2201)
-2 + j*(0)
-1558 + j*(1658)
-3 + j*(-1)
-2769 + j*(-1694)
-2 + j*(-1)
732 + j*(-2074)
-2 + j*(0)
-1228 + j*(1913)
-2 + j*(0)
2015 + j*(-1355)
-2 + j*(0)
417 + j*(1557)
-3 + j*(-1)
-806 + j*(-467)
-3 + j*(-1)
601 + j*(1617)
-2 + j*(-1)
-1674 + j*(626)
-3 + j*(-1)
-823 + j*(2716)
-3 + j*(-1)
304 + j*(-1097)
-2 + j*(-2)
3881 + j*(-412)
-2 + j*(-1)
1779 + j*(2913)
-3 + j*(-1)
602 + j*(-2296)
-2 + j*(-1)
-1425 + j*(337)
-3 + j*(0)
-1193 + j*(1237)
-2 + j*(-1)
-1315 + j*(3133)
-2 + j*(0)
411 + j*(790)
-1 + j*(0)
980 + j*(2204)
-2 + j*(0)
2456 + j*(-578)
-1 + j*(0)
-1104 + j*(-1342)
-2 + j*(-1)
1413 + j*(-57)
-2 + j*(-1)
-2416 + j*(-1665)
-2 + j*(-1)
-1580 + j*(-1604)
-1 + j*(-1)
490 + j*(1669)
-2 + j*(1)
1722 + j*(-3003)
-2 + j*(-1)
-416 + j*(-1485)
-2 + j*(-1)
2506 + j*(-1522)
-2 + j*(0)
-2448 + j*(2462)
-2 + j*(0)
323 + j*(-667)
-2 + j*(0)
-1553 + j*(-869)
-2 + j*(-1)
-1514 + j*(-699)
-1 + j*(0)
160 + j*(2953)
-2 + j*(1)
-250 + j*(1220)
-2 + j*(0)
-417 + j*(3105)
-1 + j*(-1)
-553 + j*(290)
-1 + j*(0)
1467 + j*(-1856)
-1 + j*(0)
-1743 + j*(-402)
-2 + j*(0)
403 + j*(-9)
-1 + j*(-1)
752 + j*(-1366)
-2 + j*(-1)
1418 + j*(-1973)
-1 + j*(0)
-76 + j*(1980)
-2 + j*(0)
-776 + j*(656)
-2 + j*(0)
2174 + j*(268)
-2 + j*(-2)
-622 + j*(2694)
0 + j*(0)
-3269 + j*(459)
-2 + j*(-1)
-6739 + j*(-10)
-2 + j*(-1)
61 + j*(1345)
-1 + j*(0)
923 + j*(1114)
-1 + j*(0)
1091 + j*(-119)
-1 + j*(-1)
-654 + j*(-1225)
-1 + j*(-1)
556 + j*(-771)
-2 + j*(-1)
634 + j*(-1867)
-1 + j*(0)
-255 + j*(-2163)
-1 + j*(0)
-1619 + j*(80)
-2 + j*(0)
-944 + j*(-1078)
-2 + j*(0)
434 + j*(-501)
-1 + j*(-1)
1052 + j*(163)
-2 + j*(-1)
1112 + j*(291)
-2 + j*(-1)
640 + j*(585)
-2 + j*(0)
-1995 + j*(-14)
-2 + j*(-1)
2448 + j*(-204)
-2 + j*(0)
-2000 + j*(-3535)
-2 + j*(0)
-1237 + j*(-838)
-2 + j*(0)
12 + j*(1060)
-1 + j*(0)
2856 + j*(360)
-2 + j*(-1)
939 + j*(-1468)
-2 + j*(0)
-681 + j*(-956)
-1 + j*(0)
-1805 + j*(-1040)
-2 + j*(-1)
-1106 + j*(219)
-2 + j*(0)
501 + j*(-975)
-2 + j*(0)
-1051 + j*(-1638)
-3 + j*(0)
-1587 + j*(463)
-2 + j*(-1)
-1491 + j*(1415)
-2 + j*(0)
879 + j*(-916)
-1 + j*(0)
1435 + j*(100)
-1 + j*(0)
-999 + j*(1174)
-2 + j*(0)
-793 + j*(128)
-2 + j*(-1)
513 + j*(-3976)
-2 + j*(-1)
-753 + j*(-19)
0 + j*(-1)
-157 + j*(123)
-1 + j*(0)
-427 + j*(13)
-2 + j*(-1)
-364 + j*(484)
-1 + j*(0)
54 + j*(-107)
-1 + j*(-1)
-669 + j*(-1070)
-3 + j*(-1)
900 + j*(-614)
-2 + j*(0)
1665 + j*(-947)
-2 + j*(0)
100 + j*(264)
-2 + j*(1)
1103 + j*(-1019)
0 + j*(-1)
-277 + j*(72)
-2 + j*(0)
403 + j*(1267)
-2 + j*(-1)
1807 + j*(1838)
-2 + j*(-2)
638 + j*(1077)
-2 + j*(-1)
1284 + j*(317)
-1 + j*(0)
2254 + j*(-112)
-2 + j*(0)
-841 + j*(170)
-2 + j*(0)
-462 + j*(225)
-1 + j*(0)
-746 + j*(-920)
-2 + j*(-1)
418 + j*(-76)
-2 + j*(0)
13 + j*(-176)
-2 + j*(0)
1122 + j*(516)
-1 + j*(0)
383 + j*(907)
-2 + j*(1)
-1037 + j*(-769)
-1 + j*(1)
-1281 + j*(-953)
-3 + j*(-1)
-1017 + j*(-125)
-1 + j*(1)
1001 + j*(892)
-2 + j*(0)
-832 + j*(1037)
-1 + j*(1)
1444 + j*(763)
-2 + j*(1)
-179 + j*(23)
-2 + j*(-1)
-470 + j*(250)
-1 + j*(1)
-858 + j*(-1100)
-1 + j*(0)
930 + j*(482)
-1 + j*(0)
252 + j*(803)
-2 + j*(-1)
163 + j*(334)
-1 + j*(0)
242 + j*(291)
-1 + j*(1)
-183 + j*(-60)
-3 + j*(0)
-96 + j*(-257)
-1 + j*(0)
852 + j*(-215)
-1 + j*(0)
54 + j*(450)
-3 + j*(-1)
-565 + j*(33)
-2 + j*(0)
358 + j*(-390)
-1 + j*(0)
-303 + j*(863)
-2 + j*(-1)
1637 + j*(-1092)
-1 + j*(0)
132 + j*(-434)
-1 + j*(0)
-3726 + j*(-431)
0 + j*(0)
-11 + j*(70)
-2 + j*(0)
1550 + j*(-1948)
-2 + j*(0)
-204 + j*(35)
-1 + j*(-1)
282 + j*(312)
-2 + j*(1)
-336 + j*(1083)
-1 + j*(1)
-81 + j*(-464)
-1 + j*(0)
385 + j*(178)
-2 + j*(-1)
-10 + j*(-639)
-1 + j*(0)
-19 + j*(320)
-2 + j*(-1)
-272 + j*(155)
-2 + j*(0)
66 + j*(169)
-1 + j*(-1)
675 + j*(641)
-1 + j*(0)
1094 + j*(-663)
-2 + j*(0)
432 + j*(-150)
