rxdata = [-11443 + j*(-5032)
-11226 + j*(-5130)
-10807 + j*(-5124)
-10186 + j*(-5014)
-9394 + j*(-4783)
-8452 + j*(-4451)
-7386 + j*(-4002)
-6233 + j*(-3470)
-5012 + j*(-2855)
-3764 + j*(-2187)
-2518 + j*(-1492)
-1291 + j*(-793)
-121 + j*(-122)
982 + j*(487)
2002 + j*(1015)
2918 + j*(1427)
3739 + j*(1708)
4447 + j*(1839)
5055 + j*(1806)
5561 + j*(1612)
5973 + j*(1251)
6298 + j*(746)
6546 + j*(94)
6715 + j*(-659)
6832 + j*(-1510)
6869 + j*(-2405)
6864 + j*(-3328)
6783 + j*(-4234)
6649 + j*(-5098)
6435 + j*(-5880)
6151 + j*(-6558)
5781 + j*(-7112)
5315 + j*(-7514)
4758 + j*(-7773)
4088 + j*(-7865)
3318 + j*(-7813)
2447 + j*(-7616)
1480 + j*(-7294)
427 + j*(-6873)
-689 + j*(-6366)
-1851 + j*(-5821)
-3032 + j*(-5237)
-4197 + j*(-4677)
-5316 + j*(-4127)
-6358 + j*(-3647)
-7278 + j*(-3220)
-8056 + j*(-2882)
-8655 + j*(-2625)
-9045 + j*(-2457)
-9219 + j*(-2363)
-9155 + j*(-2346)
-8853 + j*(-2375)
-8319 + j*(-2444)
-7563 + j*(-2528)
-6603 + j*(-2605)
-5484 + j*(-2659)
-4215 + j*(-2671)
-2873 + j*(-2625)
-1458 + j*(-2511)
-59 + j*(-2326)
1311 + j*(-2063)
2589 + j*(-1738)
3747 + j*(-1341)
4745 + j*(-913)
5565 + j*(-438)
6175 + j*(32)
6585 + j*(506)
6773 + j*(947)
6769 + j*(1344)
6572 + j*(1681)
6216 + j*(1944)
5727 + j*(2133)
5132 + j*(2241)
4482 + j*(2275)
3792 + j*(2238)
3114 + j*(2152)
2473 + j*(2026)
1891 + j*(1885)
1400 + j*(1747)
1005 + j*(1632)
719 + j*(1564)
544 + j*(1555)
474 + j*(1623)
498 + j*(1771)
597 + j*(2009)
764 + j*(2325)
958 + j*(2719)
1180 + j*(3168)
1395 + j*(3660)
1583 + j*(4168)
1748 + j*(4660)
1854 + j*(5125)
1917 + j*(5513)
1925 + j*(5823)
1892 + j*(6014)
1819 + j*(6084)
1730 + j*(6009)
1634 + j*(5803)
1554 + j*(5447)
1509 + j*(4977)
1519 + j*(4388)
1594 + j*(3724)
1755 + j*(3002)
2001 + j*(2264)
2338 + j*(1539)
2766 + j*(867)
3266 + j*(286)
3834 + j*(-183)
4434 + j*(-496)
5062 + j*(-654)
5666 + j*(-626)
6240 + j*(-420)
6733 + j*(-37)
7135 + j*(512)
7409 + j*(1201)
7537 + j*(2001)
7509 + j*(2881)
7310 + j*(3795)
6942 + j*(4707)
6409 + j*(5566)
5725 + j*(6338)
4909 + j*(6975)
3990 + j*(7456)
2989 + j*(7736)
1953 + j*(7812)
902 + j*(7665)
-114 + j*(7290)
-1076 + j*(6702)
-1939 + j*(5907)
-2692 + j*(4939)
-3296 + j*(3819)
-3758 + j*(2591)
-4056 + j*(1287)
-4192 + j*(-46)
-4183 + j*(-1366)
-4029 + j*(-2636)
-3761 + j*(-3813)
-3398 + j*(-4870)
-2970 + j*(-5776)
-2501 + j*(-6508)
-2033 + j*(-7058)
-1580 + j*(-7413)
-1186 + j*(-7579)
-859 + j*(-7562)
-631 + j*(-7371)
-507 + j*(-7033)
-506 + j*(-6566)
-619 + j*(-5992)
-853 + j*(-5353)
-1196 + j*(-4654)
-1632 + j*(-3952)
-2149 + j*(-3241)
-2730 + j*(-2572)
-3337 + j*(-1947)
-3973 + j*(-1389)
-4586 + j*(-916)
-5181 + j*(-520)
-5716 + j*(-228)
-6191 + j*(-17)
-6581 + j*(96)
-6881 + j*(130)
-7079 + j*(88)
-7184 + j*(-23)
-7176 + j*(-185)
-7087 + j*(-389)
-6894 + j*(-628)
-6633 + j*(-877)
-6296 + j*(-1139)
-5908 + j*(-1392)
-5473 + j*(-1628)
-5016 + j*(-1843)
-4537 + j*(-2016)
-4059 + j*(-2159)
-3590 + j*(-2244)
-3138 + j*(-2283)
-2718 + j*(-2263)
-2334 + j*(-2183)
-1989 + j*(-2047)
-1695 + j*(-1847)
-1445 + j*(-1589)
-1251 + j*(-1278)
-1102 + j*(-913)
-1007 + j*(-503)
-953 + j*(-60)
-940 + j*(420)
-967 + j*(906)
-1013 + j*(1411)
-1090 + j*(1903)
-1171 + j*(2386)
-1255 + j*(2829)
-1334 + j*(3245)
-1387 + j*(3594)
-1421 + j*(3899)
-1406 + j*(4119)
-1352 + j*(4278)
-1238 + j*(4354)
-1064 + j*(4354)
-829 + j*(4279)
-525 + j*(4134)
-163 + j*(3925)
265 + j*(3663)
735 + j*(3357)
1251 + j*(3020)
1785 + j*(2659)
2335 + j*(2303)
2868 + j*(1932)
3378 + j*(1599)
3833 + j*(1266)
4223 + j*(982)
4519 + j*(717)
4714 + j*(499)
4781 + j*(307)
4728 + j*(151)
4527 + j*(21)
4194 + j*(-93)
3723 + j*(-186)
3125 + j*(-286)
2412 + j*(-374)
1604 + j*(-485)
721 + j*(-593)
-213 + j*(-731)
-1166 + j*(-872)
-2121 + j*(-1035)
-3035 + j*(-1197)
-3898 + j*(-1366)
-4669 + j*(-1517)
-5343 + j*(-1655)
-5886 + j*(-1750)
-6304 + j*(-1808)
-6574 + j*(-1799)
-6709 + j*(-1732)
-6701 + j*(-1578)
-6569 + j*(-1355)
-6320 + j*(-1043)
-5977 + j*(-659)
-5556 + j*(-201)
-5082 + j*(310)
-4580 + j*(869)
-4066 + j*(1441)
-3570 + j*(2019)
-3103 + j*(2570)
-2684 + j*(3068)
-2327 + j*(3492)
-2032 + j*(3818)
-1812 + j*(4018)
-1657 + j*(4085)
-1565 + j*(4002)
-1535 + j*(3757)
-1539 + j*(3362)
-1586 + j*(2805)
-1640 + j*(2114)
-1710 + j*(1293)
-1765 + j*(379)
-1808 + j*(-615)
-1823 + j*(-1648)
-1807 + j*(-2694)
-1763 + j*(-3712)
-1686 + j*(-4676)
-1588 + j*(-5549)
-1471 + j*(-6305)
-1348 + j*(-6924)
-1231 + j*(-7379)
-1132 + j*(-7665)
-1063 + j*(-7769)
-1036 + j*(-7693)
-1061 + j*(-7447)
-1144 + j*(-7031)
-1285 + j*(-6480)
-1495 + j*(-5792)
-1756 + j*(-5010)
-2072 + j*(-4147)
-2427 + j*(-3234)
-2810 + j*(-2296)
-3197 + j*(-1360)
-3589 + j*(-441)
-3941 + j*(434)
-4261 + j*(1258)
-4517 + j*(2014)
-4696 + j*(2695)
-4799 + j*(3303)
-4796 + j*(3832)
-4711 + j*(4290)
-4513 + j*(4682)
-4239 + j*(5012)
-3870 + j*(5295)
-3440 + j*(5532)
-2947 + j*(5739)
-2422 + j*(5920)
-1867 + j*(6076)
-1323 + j*(6224)
-782 + j*(6348)
-282 + j*(6471)
176 + j*(6569)
578 + j*(6661)
914 + j*(6727)
1187 + j*(6776)
1392 + j*(6795)
1534 + j*(6791)
1622 + j*(6753)
1664 + j*(6690)
1674 + j*(6595)
1659 + j*(6478)
1643 + j*(6337)
1624 + j*(6185)
1628 + j*(6020)
1654 + j*(5856)
1707 + j*(5698)
1808 + j*(5547)
1930 + j*(5416)
2097 + j*(5299)
2288 + j*(5204)
2499 + j*(5125)
2725 + j*(5055)
2944 + j*(4994)
3159 + j*(4923)
3348 + j*(4832)
3508 + j*(4717)
3625 + j*(4544)
3696 + j*(4322)
3714 + j*(4018)
3687 + j*(3629)
3599 + j*(3154)
3476 + j*(2569)
3302 + j*(1896)
3103 + j*(1117)
2876 + j*(262)
2638 + j*(-673)
2389 + j*(-1657)
2146 + j*(-2677)
1908 + j*(-3699)
1681 + j*(-4703)
1465 + j*(-5653)
1262 + j*(-6527)
1060 + j*(-7289)
860 + j*(-7925)
647 + j*(-8404)
408 + j*(-8719)
146 + j*(-8852)
-177 + j*(-8806)
-537 + j*(-8577)
-980 + j*(-8181)
-1478 + j*(-7626)
-2060 + j*(-6937)
-2707 + j*(-6142)
-3423 + j*(-5263)
-4194 + j*(-4335)
-5003 + j*(-3394)
-5843 + j*(-2461)
-6673 + j*(-1579)
-7491 + j*(-765)
-8252 + j*(-47)
-8944 + j*(561)
-9532 + j*(1038)
-10001 + j*(1395)
-10323 + j*(1606)
-10491 + j*(1702)
-10485 + j*(1673)
-10309 + j*(1545)
-9955 + j*(1331)
-9437 + j*(1052)
-8766 + j*(731)
-7949 + j*(383)
-7034 + j*(42)
-6010 + j*(-294)
-4946 + j*(-583)
-3836 + j*(-838)
-2736 + j*(-1029)
-1658 + j*(-1166)
-634 + j*(-1238)
310 + j*(-1247)
1163 + j*(-1204)
1902 + j*(-1106)
2527 + j*(-973)
3024 + j*(-802)
3408 + j*(-613)
3664 + j*(-407)
3823 + j*(-198)
3877 + j*(11)
3854 + j*(214)
3758 + j*(406)
3612 + j*(592)
3421 + j*(760)
3206 + j*(925)
2968 + j*(1077)
2724 + j*(1222)
2465 + j*(1359)
2213 + j*(1494)
1946 + j*(1611)
1675 + j*(1728)
1396 + j*(1811)
1093 + j*(1888)
781 + j*(1913)
436 + j*(1908)
69 + j*(1838)
-323 + j*(1709)
-743 + j*(1500)
-1175 + j*(1212)
-1623 + j*(830)
-2071 + j*(360)
-2509 + j*(-204)
-2922 + j*(-849)
-3298 + j*(-1572)
-3618 + j*(-2352)
-3881 + j*(-3171)
-4061 + j*(-4016)
-4162 + j*(-4838)
-4170 + j*(-5642)
-4096 + j*(-6366)
-3927 + j*(-7009)
-3691 + j*(-7525)
-3381 + j*(-7903)
-3031 + j*(-8119)
-2643 + j*(-8160)
-2251 + j*(-8018)
-1869 + j*(-7693)
-1524 + j*(-7190)
-1238 + j*(-6528)
-1022 + j*(-5715)
-899 + j*(-4791)
-874 + j*(-3772)
-956 + j*(-2702)
-1145 + j*(-1616)
-1429 + j*(-542)
-1807 + j*(475)
-2248 + j*(1406)
-2750 + j*(2228)
-3266 + j*(2905)
-3789 + j*(3434)
-4280 + j*(3794)
-4711 + j*(3986)
-5070 + j*(4014)
-5309 + j*(3890)
-5440 + j*(3626)
-5418 + j*(3251)
-5262 + j*(2783)
-4953 + j*(2254)
-4502 + j*(1696)
-3919 + j*(1133)
-3214 + j*(595)
-2418 + j*(109)
-1538 + j*(-311)
-620 + j*(-641)
335 + j*(-877)
1275 + j*(-1010)
2191 + j*(-1036)
3057 + j*(-967)
3849 + j*(-804)
4564 + j*(-565)
5176 + j*(-258)
5691 + j*(98)
6103 + j*(489)
6412 + j*(896)
6635 + j*(1315)
6766 + j*(1722)
6828 + j*(2119)
6827 + j*(2497)
6777 + j*(2849)
6684 + j*(3189)
6567 + j*(3496)
6415 + j*(3802)
6257 + j*(4085)
6069 + j*(4374)
5867 + j*(4655)
5640 + j*(4949)
5384 + j*(5237)
5093 + j*(5542)
4760 + j*(5837)
4380 + j*(6142)
3949 + j*(6420)
3464 + j*(6692)
2927 + j*(6916)
2342 + j*(7106)
1719 + j*(7235)
1068 + j*(7293)
405 + j*(7283)
-251 + j*(7183)
-880 + j*(7008)
-1461 + j*(6745)
-1970 + j*(6410)
