rxdataF_rot = [-8999 + j*(11412)
6999 + j*(-12390)
-10181 + j*(13578)
-4504 + j*(10967)
-3253 + j*(13364)
11920 + j*(7080)
-4639 + j*(21329)
2957 + j*(-13857)
-3050 + j*(-14633)
15913 + j*(-2841)
-12786 + j*(1937)
-11416 + j*(-11260)
12922 + j*(-8509)
-4538 + j*(-13079)
-10728 + j*(7975)
12267 + j*(10117)
5545 + j*(-7393)
8954 + j*(-7272)
6595 + j*(-14429)
-1721 + j*(-5245)
-10068 + j*(-3013)
10565 + j*(2557)
-4100 + j*(18252)
-15965 + j*(1773)
22 + j*(-15238)
-15229 + j*(3408)
-14037 + j*(2897)
-8666 + j*(-8754)
-3269 + j*(11278)
-8069 + j*(-14214)
15959 + j*(-3009)
7592 + j*(7941)
11681 + j*(9291)
-13414 + j*(-6468)
-11914 + j*(-9313)
-6971 + j*(-5857)
6906 + j*(-16017)
-5639 + j*(13524)
-1243 + j*(11251)
-11173 + j*(-5400)
-13259 + j*(3181)
5111 + j*(15682)
-4804 + j*(-11819)
153 + j*(-15454)
6668 + j*(12113)
-8964 + j*(-12550)
9790 + j*(13033)
-12705 + j*(6990)
10520 + j*(-5189)
8160 + j*(7184)
-8459 + j*(-9197)
-11278 + j*(-8010)
-10871 + j*(-5333)
-3572 + j*(10924)
-1065 + j*(-15151)
8669 + j*(-14660)
-7890 + j*(858)
-1767 + j*(18727)
-12010 + j*(257)
-14326 + j*(6751)
10611 + j*(7271)
-4283 + j*(-13399)
6306 + j*(5222)
-12407 + j*(8323)
-6059 + j*(14081)
-9841 + j*(-9577)
7557 + j*(-14745)
-16288 + j*(-2814)
11312 + j*(7115)
16464 + j*(5477)
3138 + j*(-12647)
-310 + j*(12522)
-14409 + j*(611)
-280 + j*(-13636)
13372 + j*(-7919)
-12859 + j*(2995)
-14588 + j*(7230)
12869 + j*(-3535)
-8476 + j*(-10964)
4423 + j*(13515)
2228 + j*(-11677)
9239 + j*(-8095)
-8500 + j*(13106)
-14582 + j*(-2933)
16867 + j*(1135)
-10000 + j*(-5572)
-2974 + j*(7230)
-18148 + j*(-2525)
-11343 + j*(-859)
10096 + j*(-8839)
-13338 + j*(2333)
-12169 + j*(3770)
4735 + j*(14273)
4609 + j*(8135)
-12007 + j*(5203)
7812 + j*(10895)
-7096 + j*(-10530)
-8170 + j*(-12626)
16641 + j*(167)
-15313 + j*(-4113)
14095 + j*(2026)
-12819 + j*(-1263)
256 + j*(-9374)
13134 + j*(-922)
15248 + j*(-2055)
16320 + j*(-236)
-17990 + j*(283)
-2485 + j*(-13763)
-14794 + j*(4010)
-9938 + j*(7135)
9804 + j*(9966)
10598 + j*(-7135)
6724 + j*(-13915)
9595 + j*(7602)
-14570 + j*(-4389)
-3852 + j*(8648)
-4396 + j*(12904)
-18939 + j*(-897)
-10177 + j*(-5685)
14335 + j*(3767)
-2080 + j*(-13821)
4612 + j*(7022)
-15012 + j*(6732)
-3851 + j*(-12638)
-3284 + j*(-16231)
-8061 + j*(-14028)
7131 + j*(-7558)
-8440 + j*(11681)
-9735 + j*(-12810)
-11349 + j*(9803)
-8566 + j*(12783)
12807 + j*(10207)
-12502 + j*(-3609)
1015 + j*(-13868)
14953 + j*(738)
-16915 + j*(-1096)
15277 + j*(1062)
-16368 + j*(912)
13225 + j*(-4549)
363 + j*(13118)
-2515 + j*(-11154)
13224 + j*(-8888)
15907 + j*(-3913)
-6511 + j*(-9660)
5375 + j*(13639)
7198 + j*(-11298)
-5931 + j*(8540)
-17773 + j*(1030)
12528 + j*(9629)
1909 + j*(-18311)
-9773 + j*(-1812)
-1866 + j*(13301)
-632 + j*(9695)
-5732 + j*(167)
-14212 + j*(1052)
2490 + j*(11931)
-3322 + j*(-12244)
6278 + j*(13130)
6999 + j*(9585)
5882 + j*(13437)
-1813 + j*(-16089)
11494 + j*(8281)
7646 + j*(-11161)
-16009 + j*(-9394)
-10966 + j*(-5186)
4378 + j*(-16669)
-3542 + j*(11910)
2996 + j*(-14140)
4010 + j*(641)
-844 + j*(1402)
1955 + j*(-1025)
-1291 + j*(3987)
-685 + j*(1832)
200 + j*(-4225)
-2589 + j*(-3370)
-549 + j*(862)
-3307 + j*(-2081)
-5905 + j*(-3437)
-1795 + j*(1156)
-4328 + j*(-4085)
-2411 + j*(-1202)
-2197 + j*(-905)
-1377 + j*(3151)
1207 + j*(-2968)
3857 + j*(-2511)
2809 + j*(7348)
414 + j*(1570)
-1572 + j*(3314)
-265 + j*(681)
-404 + j*(2045)
1971 + j*(5772)
395 + j*(1847)
2787 + j*(260)
-3302 + j*(1145)
-553 + j*(-481)
-398 + j*(-2463)
-672 + j*(-2516)
-664 + j*(2429)
944 + j*(-1119)
2085 + j*(2171)
1019 + j*(1344)
1688 + j*(-1278)
-1410 + j*(4065)
2238 + j*(5310)
-1445 + j*(2917)
1006 + j*(-4004)
-563 + j*(1353)
2357 + j*(-372)
-3588 + j*(-3281)
-4027 + j*(3641)
-1019 + j*(-866)
1153 + j*(5063)
1067 + j*(-398)
-78 + j*(-830)
461 + j*(2680)
-2042 + j*(3528)
-2076 + j*(-3064)
-4378 + j*(5289)
1622 + j*(2194)
-2984 + j*(2986)
-292 + j*(5657)
378 + j*(-313)
-2514 + j*(-2117)
-2105 + j*(-628)
1533 + j*(3021)
-613 + j*(2380)
143 + j*(2672)
2683 + j*(2377)
1697 + j*(-410)
-833 + j*(423)
-1474 + j*(5419)
292 + j*(-4352)
-1642 + j*(306)
-1259 + j*(2178)
-394 + j*(-3794)
-2432 + j*(1877)
-2102 + j*(84)
-231 + j*(2615)
-1646 + j*(537)
1506 + j*(796)
-219 + j*(-315)
-1825 + j*(-1141)
-2723 + j*(-990)
-1017 + j*(-4493)
643 + j*(-874)
-628 + j*(-720)
-2617 + j*(-3499)
1769 + j*(-2404)
-925 + j*(6315)
-503 + j*(225)
-974 + j*(-120)
-3975 + j*(648)
-4288 + j*(1755)
-1979 + j*(419)
2517 + j*(-1892)
2405 + j*(-2281)
106 + j*(2289)
960 + j*(1200)
-122 + j*(1244)
-1123 + j*(1571)
-1787 + j*(1241)
1121 + j*(2623)
-2004 + j*(-623)
-3320 + j*(-2323)
-1315 + j*(-672)
617 + j*(-2707)
2741 + j*(151)
739 + j*(-1823)
-1749 + j*(-462)
2418 + j*(-3629)
-179 + j*(-158)
-573 + j*(-1296)
-561 + j*(-895)
-417 + j*(1605)
483 + j*(1143)
3211 + j*(1216)
1606 + j*(158)
1979 + j*(-622)
3604 + j*(2169)
-142 + j*(-1220)
-4121 + j*(452)
3367 + j*(2096)
4 + j*(1075)
2579 + j*(1783)
-1531 + j*(-1184)
1614 + j*(3086)
854 + j*(1616)
-1693 + j*(192)
-1242 + j*(479)
1439 + j*(914)
-1133 + j*(1629)
1233 + j*(165)
-3577 + j*(1139)
-3102 + j*(39)
1558 + j*(-3327)
-687 + j*(-693)
228 + j*(-1154)
2624 + j*(2189)
-2606 + j*(7)
136 + j*(1377)
-1141 + j*(-568)
-136 + j*(1254)
2000 + j*(-1542)
-952 + j*(539)
-915 + j*(-162)
-347 + j*(-437)
-1127 + j*(2359)
-2644 + j*(-2517)
-648 + j*(-1102)
507 + j*(559)
1115 + j*(5781)
-1676 + j*(-597)
-1333 + j*(-2340)
-2379 + j*(4520)
-425 + j*(848)
47 + j*(-934)
-999 + j*(-1237)
-3075 + j*(364)
159 + j*(-1276)
797 + j*(539)
-741 + j*(-801)
1519 + j*(109)
1104 + j*(-1944)
-1365 + j*(-441)
-1164 + j*(-1091)
2420 + j*(-1290)
963 + j*(-1696)
172 + j*(-1328)
-850 + j*(-566)
-2623 + j*(-956)
535 + j*(-1566)
201 + j*(22)
-323 + j*(-2179)
839 + j*(-675)
32 + j*(-2166)
-1135 + j*(1030)
631 + j*(-61)
-750 + j*(596)
1905 + j*(986)
1364 + j*(2611)
2009 + j*(2176)
1419 + j*(1306)
-3685 + j*(2528)
157 + j*(-2971)
4158 + j*(1141)
-5917 + j*(-342)
-963 + j*(567)
776 + j*(1476)
1397 + j*(-3048)
1132 + j*(1586)
1868 + j*(1989)
17 + j*(-377)
384 + j*(-528)
835 + j*(-285)
848 + j*(1179)
-254 + j*(-700)
1222 + j*(-2982)
175 + j*(-1363)
-49 + j*(415)
109 + j*(500)
397 + j*(679)
-60 + j*(-1151)
-290 + j*(374)
641 + j*(847)
-500 + j*(-462)
-689 + j*(555)
521 + j*(780)
-432 + j*(534)
-469 + j*(-267)
104 + j*(804)
-111 + j*(1047)
-2183 + j*(-1101)
-494 + j*(608)
-664 + j*(1425)
-2268 + j*(-1525)
654 + j*(-73)
617 + j*(3223)
-1162 + j*(-3032)
6 + j*(896)
276 + j*(516)
875 + j*(-1644)
631 + j*(-527)
29 + j*(146)
-123 + j*(1079)
569 + j*(-582)
680 + j*(316)
480 + j*(-189)
-1034 + j*(249)
561 + j*(545)
1400 + j*(216)
-488 + j*(600)
-439 + j*(78)
262 + j*(1868)
154 + j*(311)
161 + j*(-862)
-1034 + j*(1568)
885 + j*(664)
461 + j*(360)
1304 + j*(-27)
-991 + j*(-157)
1280 + j*(779)
1189 + j*(-338)
-274 + j*(791)
2525 + j*(-274)
165 + j*(1090)
-1104 + j*(601)
1145 + j*(-2695)
-1156 + j*(215)
-1535 + j*(200)
-25 + j*(-2352)
255 + j*(312)
596 + j*(31)
-37 + j*(653)
433 + j*(924)
-1810 + j*(-239)
166 + j*(616)
-115 + j*(186)
287 + j*(592)
-825 + j*(-879)
149 + j*(-492)
-1080 + j*(1212)
1067 + j*(568)
384 + j*(1315)
151 + j*(244)
-97 + j*(103)
301 + j*(-232)
163 + j*(-582)
-306 + j*(877)
-711 + j*(-725)
-252 + j*(378)
161 + j*(278)
75 + j*(-176)
-63 + j*(338)
680 + j*(240)
-691 + j*(-353)
-1772 + j*(-873)
516 + j*(-516)
-672 + j*(-1491)
2130 + j*(580)
596 + j*(-922)
557 + j*(-955)
265 + j*(-735)
419 + j*(173)
-366 + j*(-64)
1652 + j*(-277)
86 + j*(110)
-665 + j*(194)
124 + j*(-219)
-306 + j*(-166)
371 + j*(-387)
288 + j*(-841)
-417 + j*(-283)
649 + j*(-119)
492 + j*(981)
-602 + j*(-631)
778 + j*(207)
227 + j*(691)
619 + j*(-168)
865 + j*(-307)
314 + j*(1175)
400 + j*(197)
316 + j*(-307)
-708 + j*(-186)
-808 + j*(96)
-21 + j*(679)
1101 + j*(-216)
604 + j*(-1131)
1940 + j*(395)
215 + j*(-262)
993 + j*(-1202)
408 + j*(2085)
691 + j*(-26)
1099 + j*(449)
1555 + j*(-2059)
-408 + j*(56)
-642 + j*(-746)
1575 + j*(335)
173 + j*(486)
49 + j*(418)
745 + j*(-71)
-268 + j*(240)
-616 + j*(-511)
-29 + j*(-195)
-667 + j*(554)
-202 + j*(-834)
