rxdataF_oai = [-5384 + j*(-13500)
7230 + j*(12257)
-6669 + j*(-15606)
-7246 + j*(-9384)
-9948 + j*(-9500)
-12092 + j*(6783)
-16153 + j*(-14682)
10521 + j*(9490)
14197 + j*(4675)
-5497 + j*(15202)
4715 + j*(-12042)
15459 + j*(-4256)
907 + j*(15446)
13595 + j*(2610)
-1543 + j*(-13278)
-14896 + j*(5565)
3629 + j*(8499)
1820 + j*(11391)
9198 + j*(12927)
5402 + j*(1132)
7643 + j*(-7213)
-7498 + j*(7871)
-13757 + j*(-12677)
6447 + j*(-14713)
13185 + j*(7639)
4663 + j*(-14893)
4509 + j*(-13605)
11914 + j*(-3128)
-8133 + j*(-8470)
16344 + j*(120)
-5375 + j*(15326)
-10674 + j*(2605)
-13888 + j*(5471)
12308 + j*(-8383)
14022 + j*(-5661)
8557 + j*(-3108)
10417 + j*(13990)
-8893 + j*(-11646)
-9123 + j*(-6702)
10263 + j*(-6976)
3874 + j*(-13073)
-16137 + j*(-3415)
12637 + j*(1749)
13307 + j*(7860)
-13825 + j*(-282)
15350 + j*(-1488)
-16183 + j*(1962)
298 + j*(-14498)
-767 + j*(11706)
-10303 + j*(3475)
12194 + j*(-2727)
12576 + j*(-5762)
10054 + j*(-6748)
-7675 + j*(-8556)
13653 + j*(6654)
8361 + j*(14838)
3202 + j*(-7262)
-15336 + j*(-10894)
5782 + j*(-10529)
1316 + j*(-15782)
-11603 + j*(5554)
13745 + j*(2991)
-7676 + j*(2850)
-1005 + j*(-14906)
-9166 + j*(-12288)
13214 + j*(-3734)
8990 + j*(13918)
10581 + j*(-12699)
-11819 + j*(6239)
-12976 + j*(11520)
9383 + j*(9042)
-10690 + j*(-6530)
6675 + j*(-12784)
11949 + j*(6576)
171 + j*(15540)
3835 + j*(-12634)
1032 + j*(-16249)
-3374 + j*(12913)
13733 + j*(-1858)
-13917 + j*(-2927)
8998 + j*(7769)
2390 + j*(12049)
-7101 + j*(-13915)
9831 + j*(-11162)
-9418 + j*(14040)
9825 + j*(-5874)
-4775 + j*(-6190)
11261 + j*(-14454)
6415 + j*(-9394)
2606 + j*(13164)
4648 + j*(-12718)
2819 + j*(-12424)
-14729 + j*(-3036)
-9350 + j*(-76)
1497 + j*(-13000)
-13342 + j*(1318)
12667 + j*(-880)
15019 + j*(-762)
-8466 + j*(14328)
11218 + j*(-11205)
-8803 + j*(11194)
7503 + j*(-10470)
7990 + j*(4909)
-5770 + j*(11836)
-5845 + j*(14233)
-7957 + j*(14252)
8750 + j*(-15721)
13161 + j*(4730)
3924 + j*(-14817)
-1211 + j*(-12174)
-13534 + j*(3507)
879 + j*(12746)
8688 + j*(12781)
-11382 + j*(4509)
11086 + j*(-10423)
-5564 + j*(-7660)
-8978 + j*(-10259)
10246 + j*(-15953)
10012 + j*(-5971)
-10431 + j*(10531)
13009 + j*(5110)
-8388 + j*(483)
1676 + j*(-16367)
12870 + j*(2984)
15698 + j*(5272)
16179 + j*(33)
2979 + j*(9955)
-5897 + j*(-13150)
15961 + j*(-2025)
-2816 + j*(-14730)
-6788 + j*(-13810)
-15244 + j*(5988)
9376 + j*(-9022)
11502 + j*(7813)
-8117 + j*(12581)
9406 + j*(-14101)
-8559 + j*(12700)
7394 + j*(-14631)
-2674 + j*(13728)
-11543 + j*(-6245)
10917 + j*(3399)
1084 + j*(15897)
-4566 + j*(15733)
11621 + j*(-808)
-14500 + j*(-2165)
6185 + j*(11883)
-4431 + j*(-9406)
7994 + j*(-15907)
-14604 + j*(6035)
14903 + j*(10810)
6455 + j*(-7558)
-10587 + j*(-8267)
-8081 + j*(-5395)
2721 + j*(-5047)
6195 + j*(-12834)
-11578 + j*(-3809)
12264 + j*(3245)
-14511 + j*(-1128)
-11801 + j*(1269)
-14579 + j*(-1625)
14840 + j*(6475)
-12920 + j*(5814)
5842 + j*(12203)
16140 + j*(-9167)
9974 + j*(-6904)
12246 + j*(12127)
-8544 + j*(-9022)
10747 + j*(9665)
-2561 + j*(3153)
-793 + j*(-1432)
-91 + j*(2206)
-2808 + j*(-3112)
-1245 + j*(-1509)
3558 + j*(2286)
4213 + j*(-557)
-473 + j*(-906)
3455 + j*(-1823)
5929 + j*(-3395)
-104 + j*(-2132)
5701 + j*(-1706)
2246 + j*(-1487)
1882 + j*(-1450)
-2041 + j*(-2768)
1966 + j*(2529)
245 + j*(4596)
-7769 + j*(-1241)
-1567 + j*(-426)
-2085 + j*(-3018)
-458 + j*(-570)
-1570 + j*(-1372)
-5985 + j*(-1179)
-1798 + j*(-581)
-1619 + j*(2284)
659 + j*(-3432)
692 + j*(-238)
2331 + j*(887)
2514 + j*(676)
-1772 + j*(-1789)
496 + j*(1377)
-2923 + j*(720)
-1674 + j*(211)
262 + j*(2101)
-2816 + j*(-3253)
-5718 + j*(-717)
-1804 + j*(-2710)
2964 + j*(2873)
-891 + j*(-1164)
-857 + j*(2228)
4635 + j*(-1467)
-1140 + j*(-5308)
1259 + j*(-449)
-4962 + j*(-1533)
-189 + j*(1123)
757 + j*(347)
-2552 + j*(-941)
-2035 + j*(-3532)
3691 + j*(-266)
-2392 + j*(-6436)
-2712 + j*(308)
-1095 + j*(-4077)
-4754 + j*(-3081)
81 + j*(484)
3090 + j*(-1118)
1596 + j*(-1509)
-3383 + j*(-183)
-1755 + j*(-1721)
-2386 + j*(-1212)
-3401 + j*(1135)
-494 + j*(1675)
50 + j*(-933)
-3957 + j*(-3986)
3622 + j*(2429)
555 + j*(-1575)
-1258 + j*(-2179)
3482 + j*(1556)
-410 + j*(-3045)
978 + j*(-1862)
-2150 + j*(-1507)
357 + j*(-1694)
-1443 + j*(906)
382 + j*(-32)
1900 + j*(-1010)
2218 + j*(-1863)
4399 + j*(1366)
435 + j*(994)
937 + j*(-184)
4338 + j*(-517)
1197 + j*(2734)
-5007 + j*(-3958)
56 + j*(-548)
590 + j*(-783)
1426 + j*(-3766)
624 + j*(-4591)
626 + j*(-1923)
379 + j*(3126)
772 + j*(3224)
-2036 + j*(-1052)
-1520 + j*(231)
-1017 + j*(-728)
-800 + j*(-1758)
-182 + j*(-2168)
-2833 + j*(-341)
1541 + j*(-1424)
3671 + j*(-1714)
1239 + j*(-802)
2035 + j*(1888)
-1502 + j*(2298)
1209 + j*(1552)
1274 + j*(-1283)
1933 + j*(3909)
226 + j*(-76)
1408 + j*(152)
1055 + j*(-38)
-1182 + j*(-1163)
-1232 + j*(-153)
-2659 + j*(2173)
-941 + j*(1312)
-452 + j*(2025)
-3681 + j*(2037)
1127 + j*(487)
1669 + j*(-3795)
-3499 + j*(1868)
-934 + j*(-534)
-2834 + j*(1342)
1790 + j*(-734)
-3480 + j*(-145)
-1827 + j*(-68)
680 + j*(-1562)
206 + j*(-1315)
-1512 + j*(789)
-845 + j*(-1796)
-760 + j*(985)
801 + j*(-3667)
1517 + j*(-2706)
2102 + j*(3013)
943 + j*(-248)
885 + j*(775)
-3209 + j*(1178)
1296 + j*(-2260)
-1261 + j*(-570)
1062 + j*(-704)
-1019 + j*(-745)
335 + j*(2503)
9 + j*(-1094)
597 + j*(-711)
551 + j*(-82)
-1480 + j*(-2155)
3501 + j*(-1031)
1278 + j*(-10)
-738 + j*(160)
-5565 + j*(-1925)
1354 + j*(-1153)
2692 + j*(16)
-2726 + j*(-4320)
-522 + j*(-792)
785 + j*(508)
1570 + j*(-247)
1222 + j*(-2845)
1025 + j*(776)
-866 + j*(421)
1063 + j*(-241)
-854 + j*(1261)
1131 + j*(1928)
1064 + j*(-961)
1526 + j*(-463)
-93 + j*(2741)
987 + j*(1682)
1063 + j*(813)
915 + j*(-453)
2139 + j*(-1793)
1088 + j*(1247)
-120 + j*(163)
2048 + j*(810)
164 + j*(1064)
1859 + j*(1111)
-325 + j*(-1498)
-263 + j*(577)
-142 + j*(-947)
-1807 + j*(1157)
-2944 + j*(-124)
-2890 + j*(652)
-1841 + j*(576)
-348 + j*(-4455)
2494 + j*(1622)
-3068 + j*(3031)
3254 + j*(-4953)
-10 + j*(-1117)
-1667 + j*(-66)
1941 + j*(2734)
-1940 + j*(188)
-2657 + j*(623)
317 + j*(203)
265 + j*(597)
-172 + j*(866)
-1446 + j*(145)
733 + j*(130)
1971 + j*(2550)
1092 + j*(833)
-336 + j*(-250)
-488 + j*(-155)
-787 + j*(5)
1026 + j*(524)
-179 + j*(-438)
-1055 + j*(132)
649 + j*(-202)
-137 + j*(-874)
-937 + j*(61)
-247 + j*(-641)
465 + j*(-273)
-749 + j*(-312)
-852 + j*(-619)
2045 + j*(-1340)
-280 + j*(-732)
-903 + j*(-1287)
2454 + j*(-1202)
-265 + j*(603)
-3100 + j*(-1077)
3206 + j*(510)
-780 + j*(-443)
-585 + j*(-19)
986 + j*(1580)
140 + j*(810)
-142 + j*(-48)
-874 + j*(-646)
219 + j*(784)
-614 + j*(431)
-77 + j*(510)
301 + j*(-1020)
-753 + j*(214)
-888 + j*(1105)
-276 + j*(-722)
151 + j*(-419)
-1749 + j*(-707)
-347 + j*(-22)
665 + j*(571)
-842 + j*(-1679)
-1018 + j*(435)
-543 + j*(219)
-629 + j*(1143)
631 + j*(-780)
-1315 + j*(719)
-303 + j*(1199)
-549 + j*(-633)
-1026 + j*(2324)
-1027 + j*(-402)
31 + j*(-1256)
1761 + j*(2339)
391 + j*(-1108)
593 + j*(-1429)
2049 + j*(1155)
-398 + j*(65)
-326 + j*(501)
-548 + j*(-358)
-1017 + j*(-87)
1111 + j*(-1448)
-617 + j*(-164)
-104 + j*(-192)
-657 + j*(-47)
1173 + j*(-275)
351 + j*(375)
-510 + j*(-1541)
-1026 + j*(640)
-1331 + j*(-325)
-287 + j*(9)
-41 + j*(-135)
50 + j*(377)
422 + j*(433)
-607 + j*(-703)
983 + j*(-253)
-202 + j*(-407)
-322 + j*(1)
114 + j*(153)
-262 + j*(-224)
-548 + j*(469)
651 + j*(-422)
1642 + j*(-1098)
188 + j*(705)
1627 + j*(164)
-1568 + j*(1555)
500 + j*(978)
548 + j*(960)
504 + j*(597)
-360 + j*(276)
238 + j*(-285)
-587 + j*(1569)
-139 + j*(20)
164 + j*(-673)
127 + j*(217)
296 + j*(-182)
149 + j*(515)
584 + j*(670)
453 + j*(-219)
-222 + j*(622)
-1096 + j*(-64)
847 + j*(-205)
-569 + j*(570)
-713 + j*(-149)
-165 + j*(620)
-167 + j*(903)
-1175 + j*(-315)
-371 + j*(248)
107 + j*(427)
515 + j*(-520)
320 + j*(-748)
-578 + j*(-357)
-364 + j*(1062)
677 + j*(1089)
-1313 + j*(1483)
119 + j*(317)
544 + j*(1461)
-2010 + j*(-689)
-324 + j*(612)
-939 + j*(728)
1005 + j*(2377)
155 + j*(-381)
966 + j*(-183)
-1078 + j*(1197)
-508 + j*(-93)
-387 + j*(-166)
-312 + j*(681)
-74 + j*(-352)
750 + j*(-278)
