rxdata = [-3749 + j*(2685)
-3440 + j*(2879)
-3168 + j*(3066)
-2909 + j*(3223)
-2693 + j*(3345)
-2486 + j*(3408)
-2317 + j*(3413)
-2149 + j*(3338)
-2003 + j*(3193)
-1853 + j*(2954)
-1706 + j*(2647)
-1550 + j*(2246)
-1382 + j*(1789)
-1202 + j*(1258)
-1008 + j*(685)
-803 + j*(72)
-588 + j*(-561)
-374 + j*(-1199)
-165 + j*(-1828)
30 + j*(-2434)
201 + j*(-2999)
337 + j*(-3521)
435 + j*(-3977)
476 + j*(-4374)
468 + j*(-4692)
393 + j*(-4939)
263 + j*(-5109)
65 + j*(-5197)
-183 + j*(-5223)
-487 + j*(-5158)
-831 + j*(-5048)
-1208 + j*(-4849)
-1604 + j*(-4613)
-2009 + j*(-4299)
-2405 + j*(-3952)
-2788 + j*(-3546)
-3135 + j*(-3100)
-3450 + j*(-2621)
-3710 + j*(-2095)
-3921 + j*(-1554)
-4075 + j*(-979)
-4168 + j*(-395)
-4212 + j*(202)
-4196 + j*(793)
-4137 + j*(1376)
-4040 + j*(1935)
-3902 + j*(2456)
-3751 + j*(2937)
-3568 + j*(3347)
-3384 + j*(3694)
-3189 + j*(3954)
-2993 + j*(4118)
-2796 + j*(4189)
-2600 + j*(4147)
-2398 + j*(4007)
-2199 + j*(3759)
-1985 + j*(3414)
-1762 + j*(2980)
-1520 + j*(2468)
-1251 + j*(1898)
-958 + j*(1282)
-632 + j*(646)
-270 + j*(5)
124 + j*(-616)
556 + j*(-1199)
1014 + j*(-1716)
1509 + j*(-2167)
2014 + j*(-2519)
2547 + j*(-2775)
3080 + j*(-2919)
3617 + j*(-2955)
4148 + j*(-2876)
4662 + j*(-2699)
5159 + j*(-2418)
5627 + j*(-2053)
6068 + j*(-1618)
6476 + j*(-1123)
6846 + j*(-591)
7185 + j*(-34)
7485 + j*(533)
7758 + j*(1088)
7988 + j*(1629)
8196 + j*(2128)
8365 + j*(2596)
8507 + j*(3006)
8615 + j*(3367)
8690 + j*(3669)
8724 + j*(3913)
8726 + j*(4093)
8674 + j*(4223)
8585 + j*(4281)
8437 + j*(4298)
8246 + j*(4242)
7996 + j*(4148)
7701 + j*(3980)
7359 + j*(3777)
6980 + j*(3500)
6575 + j*(3184)
6156 + j*(2810)
5739 + j*(2384)
5343 + j*(1921)
4990 + j*(1408)
4691 + j*(871)
4479 + j*(307)
4363 + j*(-256)
4355 + j*(-826)
4484 + j*(-1358)
4729 + j*(-1865)
5121 + j*(-2303)
5631 + j*(-2675)
6261 + j*(-2953)
6989 + j*(-3131)
7791 + j*(-3194)
8639 + j*(-3148)
9499 + j*(-2978)
10335 + j*(-2709)
11107 + j*(-2333)
11787 + j*(-1881)
12326 + j*(-1370)
12709 + j*(-828)
12901 + j*(-288)
12884 + j*(223)
12655 + j*(668)
12208 + j*(1018)
11554 + j*(1241)
10712 + j*(1320)
9704 + j*(1230)
8569 + j*(973)
7345 + j*(531)
6078 + j*(-65)
4810 + j*(-821)
3596 + j*(-1689)
2470 + j*(-2648)
1485 + j*(-3645)
662 + j*(-4646)
38 + j*(-5582)
-378 + j*(-6423)
-572 + j*(-7102)
-551 + j*(-7579)
-326 + j*(-7828)
77 + j*(-7792)
639 + j*(-7481)
1305 + j*(-6868)
2060 + j*(-5960)
2829 + j*(-4792)
3606 + j*(-3363)
4319 + j*(-1748)
4951 + j*(30)
5466 + j*(1892)
5839 + j*(3788)
6067 + j*(5647)
6137 + j*(7400)
6053 + j*(8998)
5841 + j*(10367)
5505 + j*(11483)
5088 + j*(12291)
4613 + j*(12780)
4112 + j*(12936)
3632 + j*(12761)
3189 + j*(12277)
2827 + j*(11510)
2556 + j*(10495)
2401 + j*(9293)
2368 + j*(7944)
2454 + j*(6513)
2657 + j*(5059)
2959 + j*(3635)
3329 + j*(2294)
3763 + j*(1079)
4196 + j*(24)
4631 + j*(-840)
5012 + j*(-1507)
5319 + j*(-1960)
5532 + j*(-2225)
5616 + j*(-2296)
5585 + j*(-2217)
5405 + j*(-2004)
5108 + j*(-1702)
4682 + j*(-1340)
4170 + j*(-959)
3576 + j*(-589)
2945 + j*(-258)
2303 + j*(2)
1681 + j*(187)
1119 + j*(284)
636 + j*(285)
266 + j*(216)
11 + j*(65)
-99 + j*(-120)
-87 + j*(-340)
59 + j*(-551)
310 + j*(-735)
652 + j*(-869)
1044 + j*(-914)
1466 + j*(-877)
1866 + j*(-715)
2221 + j*(-452)
2485 + j*(-56)
2632 + j*(439)
2634 + j*(1037)
2468 + j*(1718)
2135 + j*(2447)
1618 + j*(3222)
937 + j*(3989)
103 + j*(4743)
-856 + j*(5440)
-1908 + j*(6072)
-3018 + j*(6603)
-4134 + j*(7037)
-5226 + j*(7338)
-6234 + j*(7529)
-7132 + j*(7586)
-7868 + j*(7531)
-8425 + j*(7363)
-8762 + j*(7099)
-8881 + j*(6751)
-8762 + j*(6337)
-8414 + j*(5872)
-7841 + j*(5370)
-7076 + j*(4845)
-6120 + j*(4307)
-5043 + j*(3766)
-3836 + j*(3226)
-2581 + j*(2690)
-1283 + j*(2156)
-8 + j*(1626)
1225 + j*(1096)
2368 + j*(562)
3401 + j*(23)
4291 + j*(-527)
5020 + j*(-1079)
5577 + j*(-1638)
5947 + j*(-2191)
6127 + j*(-2737)
6128 + j*(-3258)
5936 + j*(-3748)
5583 + j*(-4184)
5063 + j*(-4563)
4398 + j*(-4853)
3612 + j*(-5061)
2705 + j*(-5156)
1722 + j*(-5148)
660 + j*(-5017)
-436 + j*(-4777)
-1565 + j*(-4423)
-2683 + j*(-3976)
-3778 + j*(-3437)
-4821 + j*(-2840)
-5784 + j*(-2192)
-6647 + j*(-1529)
-7383 + j*(-871)
-7965 + j*(-239)
-8384 + j*(333)
-8607 + j*(837)
-8633 + j*(1241)
-8446 + j*(1547)
-8045 + j*(1736)
-7433 + j*(1808)
-6622 + j*(1770)
-5622 + j*(1617)
-4474 + j*(1379)
-3184 + j*(1047)
-1821 + j*(661)
-394 + j*(220)
1017 + j*(-245)
2396 + j*(-722)
3663 + j*(-1197)
4801 + j*(-1654)
5741 + j*(-2085)
6461 + j*(-2487)
6930 + j*(-2851)
7117 + j*(-3186)
7027 + j*(-3491)
6649 + j*(-3769)
5998 + j*(-4037)
5103 + j*(-4286)
3988 + j*(-4534)
2706 + j*(-4779)
1299 + j*(-5023)
-174 + j*(-5259)
-1652 + j*(-5491)
-3082 + j*(-5695)
-4400 + j*(-5874)
-5562 + j*(-5997)
-6514 + j*(-6057)
-7227 + j*(-6033)
-7668 + j*(-5907)
-7828 + j*(-5667)
-7701 + j*(-5300)
-7290 + j*(-4800)
-6630 + j*(-4169)
-5731 + j*(-3412)
-4647 + j*(-2546)
-3412 + j*(-1585)
-2081 + j*(-571)
-698 + j*(483)
680 + j*(1511)
2017 + j*(2499)
3258 + j*(3383)
4377 + j*(4133)
5340 + j*(4702)
6128 + j*(5061)
6737 + j*(5184)
7147 + j*(5046)
7384 + j*(4649)
7441 + j*(3986)
7348 + j*(3076)
7117 + j*(1945)
6774 + j*(624)
6347 + j*(-842)
5849 + j*(-2399)
5310 + j*(-3998)
4739 + j*(-5575)
4150 + j*(-7074)
3560 + j*(-8443)
2954 + j*(-9625)
2351 + j*(-10585)
1734 + j*(-11283)
1102 + j*(-11699)
449 + j*(-11825)
-240 + j*(-11654)
-962 + j*(-11202)
-1730 + j*(-10495)
-2536 + j*(-9552)
-3385 + j*(-8438)
-4262 + j*(-7169)
-5157 + j*(-5819)
-6058 + j*(-4424)
-6938 + j*(-3043)
-7779 + j*(-1713)
-8554 + j*(-490)
-9238 + j*(610)
-9813 + j*(1537)
-10248 + j*(2292)
-10539 + j*(2852)
-10664 + j*(3218)
-10621 + j*(3400)
-10413 + j*(3397)
-10042 + j*(3247)
-9522 + j*(2948)
-8878 + j*(2545)
-8121 + j*(2052)
-7296 + j*(1493)
-6411 + j*(906)
-5519 + j*(292)
-4626 + j*(-310)
-3778 + j*(-898)
-2985 + j*(-1454)
-2277 + j*(-1966)
-1651 + j*(-2433)
-1136 + j*(-2848)
-709 + j*(-3202)
-390 + j*(-3506)
-148 + j*(-3737)
14 + j*(-3913)
119 + j*(-4011)
188 + j*(-4043)
227 + j*(-3985)
265 + j*(-3847)
311 + j*(-3608)
369 + j*(-3272)
463 + j*(-2828)
574 + j*(-2277)
719 + j*(-1615)
881 + j*(-852)
1053 + j*(6)
1228 + j*(948)
1385 + j*(1949)
1520 + j*(2992)
1610 + j*(4050)
1657 + j*(5083)
1646 + j*(6078)
1577 + j*(6979)
1460 + j*(7778)
1289 + j*(8424)
1094 + j*(8909)
879 + j*(9203)
671 + j*(9296)
493 + j*(9187)
372 + j*(8866)
322 + j*(8362)
379 + j*(7672)
548 + j*(6842)
851 + j*(5884)
1295 + j*(4849)
1871 + j*(3764)
2588 + j*(2674)
3411 + j*(1612)
4344 + j*(613)
5334 + j*(-293)
6378 + j*(-1081)
7412 + j*(-1745)
8428 + j*(-2263)
9371 + j*(-2652)
10222 + j*(-2907)
10942 + j*(-3053)
11522 + j*(-3108)
11931 + j*(-3099)
12178 + j*(-3055)
12246 + j*(-3005)
12162 + j*(-2974)
11924 + j*(-2998)
11571 + j*(-3078)
11119 + j*(-3250)
10602 + j*(-3501)
10058 + j*(-3840)
9507 + j*(-4260)
8999 + j*(-4736)
8533 + j*(-5256)
8158 + j*(-5784)
7867 + j*(-6299)
7675 + j*(-6756)
7585 + j*(-7144)
7579 + j*(-7411)
7655 + j*(-7553)
7782 + j*(-7540)
7942 + j*(-7369)
8109 + j*(-7030)
8250 + j*(-6533)
8347 + j*(-5890)
8368 + j*(-5122)
8296 + j*(-4255)
8126 + j*(-3322)
7831 + j*(-2356)
7431 + j*(-1390)
6910 + j*(-463)
6295 + j*(395)
5594 + j*(1163)
4823 + j*(1812)
4012 + j*(2331)
3171 + j*(2719)
2335 + j*(2967)
1510 + j*(3093)
716 + j*(3107)
-34 + j*(3020)
-746 + j*(2875)
-1407 + j*(2666)
-2035 + j*(2456)
-2636 + j*(2218)
-3222 + j*(2020)
-3820 + j*(1835)
-4427 + j*(1695)
-5085 + j*(1594)
-5777 + j*(1520)
-6537 + j*(1474)
-7345 + j*(1436)
-8209 + j*(1380)
-9109 + j*(1303)
-10021 + j*(1162)
-10927 + j*(959)
-11780 + j*(666)
-12551 + j*(278)
-13196 + j*(-208)
-13669 + j*(-786)
-13945 + j*(-1449)
-13973 + j*(-2173)
-13746 + j*(-2935)
-13229 + j*(-3698)
-12436 + j*(-4434)
-11357 + j*(-5103)
-10028 + j*(-5664)
-8470 + j*(-6094)
-6733 + j*(-6355)
-4872 + j*(-6437)
-2947 + j*(-6320)
-1026 + j*(-6014)
819 + j*(-5516)
2530 + j*(-4868)
4031 + j*(-4081)
5283 + j*(-3214)
6229 + j*(-2310)
6851 + j*(-1414)
7125 + j*(-599)
7066 + j*(108)
6674 + j*(625)
6000 + j*(950)
5075 + j*(1015)
3967 + j*(841)
2737 + j*(391)
1458 + j*(-293)
