rxdata = [131 + j*(4576)
263 + j*(4929)
409 + j*(5222)
542 + j*(5467)
681 + j*(5643)
828 + j*(5759)
977 + j*(5808)
1146 + j*(5784)
1314 + j*(5691)
1511 + j*(5525)
1706 + j*(5282)
1924 + j*(4970)
2144 + j*(4584)
2377 + j*(4130)
2607 + j*(3613)
2843 + j*(3033)
3062 + j*(2400)
3278 + j*(1724)
3467 + j*(1002)
3631 + j*(259)
3766 + j*(-507)
3859 + j*(-1279)
3906 + j*(-2043)
3912 + j*(-2796)
3850 + j*(-3512)
3747 + j*(-4189)
3574 + j*(-4811)
3350 + j*(-5363)
3065 + j*(-5840)
2727 + j*(-6229)
2338 + j*(-6518)
1908 + j*(-6708)
1438 + j*(-6787)
940 + j*(-6755)
426 + j*(-6611)
-101 + j*(-6356)
-622 + j*(-5993)
-1130 + j*(-5529)
-1616 + j*(-4976)
-2067 + j*(-4334)
-2467 + j*(-3629)
-2824 + j*(-2864)
-3104 + j*(-2060)
-3330 + j*(-1233)
-3472 + j*(-399)
-3547 + j*(424)
-3541 + j*(1216)
-3462 + j*(1967)
-3311 + j*(2653)
-3095 + j*(3264)
-2821 + j*(3786)
-2496 + j*(4212)
-2136 + j*(4526)
-1742 + j*(4734)
-1341 + j*(4819)
-930 + j*(4796)
-535 + j*(4658)
-162 + j*(4415)
175 + j*(4075)
469 + j*(3653)
704 + j*(3152)
878 + j*(2604)
986 + j*(2008)
1013 + j*(1397)
982 + j*(779)
864 + j*(177)
691 + j*(-387)
451 + j*(-914)
157 + j*(-1356)
-173 + j*(-1743)
-539 + j*(-2018)
-918 + j*(-2214)
-1299 + j*(-2296)
-1674 + j*(-2277)
-2008 + j*(-2158)
-2315 + j*(-1933)
-2553 + j*(-1621)
-2731 + j*(-1230)
-2828 + j*(-765)
-2837 + j*(-256)
-2753 + j*(295)
-2576 + j*(859)
-2294 + j*(1416)
-1934 + j*(1957)
-1467 + j*(2444)
-936 + j*(2884)
-328 + j*(3231)
332 + j*(3496)
1028 + j*(3647)
1748 + j*(3688)
2471 + j*(3602)
3169 + j*(3399)
3841 + j*(3062)
4447 + j*(2619)
4984 + j*(2053)
5425 + j*(1400)
5764 + j*(656)
5979 + j*(-148)
6074 + j*(-1000)
6025 + j*(-1871)
5851 + j*(-2746)
5529 + j*(-3586)
5088 + j*(-4391)
4518 + j*(-5108)
3841 + j*(-5743)
3069 + j*(-6252)
2218 + j*(-6638)
1313 + j*(-6870)
373 + j*(-6958)
-580 + j*(-6866)
-1517 + j*(-6626)
-2420 + j*(-6209)
-3256 + j*(-5643)
-4017 + j*(-4932)
-4669 + j*(-4082)
-5203 + j*(-3130)
-5604 + j*(-2075)
-5852 + j*(-965)
-5955 + j*(197)
-5893 + j*(1363)
-5686 + j*(2518)
-5319 + j*(3627)
-4818 + j*(4666)
-4191 + j*(5605)
-3444 + j*(6426)
-2625 + j*(7101)
-1716 + j*(7624)
-787 + j*(7964)
177 + j*(8137)
1120 + j*(8111)
2031 + j*(7907)
2879 + j*(7523)
3641 + j*(6965)
4293 + j*(6258)
4823 + j*(5405)
5203 + j*(4442)
5436 + j*(3382)
5500 + j*(2262)
5406 + j*(1101)
5140 + j*(-64)
4723 + j*(-1206)
4154 + j*(-2304)
3453 + j*(-3313)
2637 + j*(-4230)
1726 + j*(-5015)
745 + j*(-5659)
-275 + j*(-6145)
-1319 + j*(-6461)
-2344 + j*(-6601)
-3333 + j*(-6567)
-4254 + j*(-6357)
-5082 + j*(-5985)
-5796 + j*(-5457)
-6374 + j*(-4792)
-6797 + j*(-4014)
-7064 + j*(-3134)
-7146 + j*(-2190)
-7067 + j*(-1198)
-6797 + j*(-191)
-6370 + j*(805)
-5775 + j*(1762)
-5040 + j*(2660)
-4173 + j*(3465)
-3209 + j*(4166)
-2152 + j*(4740)
-1051 + j*(5173)
86 + j*(5457)
1217 + j*(5582)
2318 + j*(5550)
3370 + j*(5356)
4323 + j*(5019)
5191 + j*(4535)
5907 + j*(3930)
6502 + j*(3212)
6918 + j*(2405)
7182 + j*(1533)
7260 + j*(613)
7173 + j*(-324)
6908 + j*(-1259)
6489 + j*(-2166)
5913 + j*(-3019)
5207 + j*(-3806)
4385 + j*(-4495)
3471 + j*(-5081)
2488 + j*(-5545)
1463 + j*(-5879)
418 + j*(-6076)
-613 + j*(-6137)
-1610 + j*(-6054)
-2545 + j*(-5844)
-3400 + j*(-5500)
-4147 + j*(-5050)
-4774 + j*(-4490)
-5265 + j*(-3852)
-5609 + j*(-3138)
-5803 + j*(-2382)
-5834 + j*(-1589)
-5722 + j*(-793)
-5445 + j*(0)
-5042 + j*(762)
-4500 + j*(1481)
-3850 + j*(2139)
-3102 + j*(2724)
-2278 + j*(3225)
-1404 + j*(3633)
-490 + j*(3947)
424 + j*(4150)
1337 + j*(4268)
2201 + j*(4272)
3022 + j*(4199)
3761 + j*(4030)
4414 + j*(3789)
4962 + j*(3488)
5391 + j*(3127)
5704 + j*(2734)
5882 + j*(2314)
5932 + j*(1878)
5856 + j*(1453)
5648 + j*(1032)
5338 + j*(644)
4902 + j*(288)
4388 + j*(-23)
3780 + j*(-284)
3112 + j*(-489)
2394 + j*(-636)
1640 + j*(-724)
874 + j*(-754)
104 + j*(-728)
-645 + j*(-652)
-1368 + j*(-535)
-2036 + j*(-373)
-2659 + j*(-189)
-3202 + j*(19)
-3677 + j*(242)
-4069 + j*(457)
-4368 + j*(681)
-4589 + j*(875)
-4714 + j*(1061)
-4753 + j*(1207)
-4717 + j*(1327)
-4593 + j*(1402)
-4411 + j*(1439)
-4157 + j*(1436)
-3856 + j*(1382)
-3510 + j*(1298)
-3127 + j*(1159)
-2724 + j*(1000)
-2304 + j*(798)
-1880 + j*(574)
-1459 + j*(333)
-1053 + j*(70)
-664 + j*(-188)
-300 + j*(-461)
28 + j*(-713)
329 + j*(-970)
584 + j*(-1190)
802 + j*(-1407)
978 + j*(-1581)
1112 + j*(-1742)
1205 + j*(-1857)
1259 + j*(-1946)
1275 + j*(-2001)
1256 + j*(-2020)
1206 + j*(-2010)
1129 + j*(-1970)
1027 + j*(-1896)
906 + j*(-1811)
769 + j*(-1691)
620 + j*(-1563)
464 + j*(-1420)
304 + j*(-1266)
145 + j*(-1109)
-9 + j*(-955)
-159 + j*(-793)
-292 + j*(-647)
-419 + j*(-502)
-521 + j*(-370)
-612 + j*(-254)
-674 + j*(-140)
-720 + j*(-56)
-734 + j*(29)
-729 + j*(84)
-694 + j*(139)
-631 + j*(169)
-542 + j*(189)
-426 + j*(201)
-282 + j*(193)
-118 + j*(183)
78 + j*(160)
283 + j*(126)
516 + j*(91)
756 + j*(45)
1010 + j*(-5)
1270 + j*(-59)
1528 + j*(-118)
1787 + j*(-180)
2031 + j*(-245)
2267 + j*(-312)
2475 + j*(-380)
2662 + j*(-448)
2817 + j*(-516)
2932 + j*(-582)
3010 + j*(-645)
3043 + j*(-703)
3023 + j*(-757)
2959 + j*(-798)
2840 + j*(-840)
2666 + j*(-857)
2447 + j*(-872)
2170 + j*(-867)
1854 + j*(-842)
1490 + j*(-808)
1091 + j*(-740)
661 + j*(-663)
207 + j*(-555)
-260 + j*(-432)
-737 + j*(-283)
-1209 + j*(-115)
-1669 + j*(76)
-2108 + j*(277)
-2515 + j*(503)
-2878 + j*(727)
-3198 + j*(973)
-3455 + j*(1212)
-3652 + j*(1454)
-3779 + j*(1689)
-3829 + j*(1913)
-3810 + j*(2116)
-3707 + j*(2304)
-3531 + j*(2458)
-3280 + j*(2587)
-2955 + j*(2674)
-2572 + j*(2729)
-2123 + j*(2735)
-1629 + j*(2701)
-1093 + j*(2626)
-528 + j*(2495)
56 + j*(2335)
646 + j*(2123)
1230 + j*(1873)
1797 + j*(1599)
2334 + j*(1281)
2830 + j*(952)
3275 + j*(598)
3660 + j*(239)
3971 + j*(-125)
4213 + j*(-479)
4366 + j*(-831)
4442 + j*(-1147)
4425 + j*(-1451)
4322 + j*(-1706)
4139 + j*(-1932)
3869 + j*(-2106)
3527 + j*(-2233)
3112 + j*(-2304)
2639 + j*(-2326)
2114 + j*(-2286)
1549 + j*(-2195)
952 + j*(-2052)
337 + j*(-1856)
-282 + j*(-1618)
-896 + j*(-1335)
-1494 + j*(-1027)
-2060 + j*(-680)
-2591 + j*(-327)
-3069 + j*(49)
-3493 + j*(419)
-3848 + j*(785)
-4140 + j*(1139)
-4350 + j*(1468)
-4489 + j*(1770)
-4545 + j*(2031)
-4527 + j*(2254)
-4428 + j*(2425)
-4266 + j*(2548)
-4025 + j*(2616)
-3733 + j*(2625)
-3380 + j*(2583)
-2984 + j*(2481)
-2550 + j*(2329)
-2086 + j*(2127)
-1606 + j*(1876)
-1117 + j*(1589)
-628 + j*(1264)
-150 + j*(915)
309 + j*(542)
739 + j*(160)
1137 + j*(-231)
1486 + j*(-616)
1795 + j*(-994)
2042 + j*(-1351)
2241 + j*(-1690)
2373 + j*(-1993)
2452 + j*(-2265)
2463 + j*(-2493)
2422 + j*(-2680)
2315 + j*(-2820)
2163 + j*(-2916)
1951 + j*(-2957)
1707 + j*(-2954)
1407 + j*(-2904)
1095 + j*(-2807)
734 + j*(-2674)
377 + j*(-2496)
-6 + j*(-2292)
-384 + j*(-2053)
-757 + j*(-1795)
-1124 + j*(-1523)
-1459 + j*(-1232)
-1780 + j*(-948)
-2055 + j*(-651)
-2302 + j*(-372)
-2494 + j*(-101)
-2646 + j*(151)
-2740 + j*(382)
-2782 + j*(587)
-2767 + j*(759)
-2695 + j*(902)
-2567 + j*(1009)
-2383 + j*(1081)
-2151 + j*(1112)
-1864 + j*(1117)
-1540 + j*(1070)
-1168 + j*(1012)
-770 + j*(902)
-341 + j*(779)
105 + j*(624)
567 + j*(453)
1034 + j*(265)
1494 + j*(68)
1952 + j*(-138)
2382 + j*(-339)
2796 + j*(-541)
3174 + j*(-725)
3514 + j*(-902)
3814 + j*(-1050)
4062 + j*(-1185)
4260 + j*(-1281)
4404 + j*(-1359)
4490 + j*(-1389)
4520 + j*(-1395)
4490 + j*(-1365)
4408 + j*(-1288)
4267 + j*(-1194)
4081 + j*(-1049)
3840 + j*(-883)
3565 + j*(-688)
3247 + j*(-460)
2900 + j*(-226)
2530 + j*(35)
2134 + j*(297)
1738 + j*(566)
1324 + j*(832)
923 + j*(1088)
520 + j*(1330)
136 + j*(1550)
-236 + j*(1748)
-576 + j*(1904)
-903 + j*(2043)
-1185 + j*(2120)
-1450 + j*(2175)
-1671 + j*(2175)
-1865 + j*(2135)
-2021 + j*(2054)
-2149 + j*(1924)
-2238 + j*(1760)
-2309 + j*(1559)
-2341 + j*(1324)
-2362 + j*(1070)
-2351 + j*(789)
-2331 + j*(501)
-2292 + j*(207)
-2245 + j*(-84)
-2188 + j*(-364)
-2130 + j*(-625)
-2061 + j*(-859)
-2003 + j*(-1059)
-1931 + j*(-1220)
-1876 + j*(-1331)
-1810 + j*(-1399)
-1754 + j*(-1406)
-1696 + j*(-1361)
-1638 + j*(-1259)
-1580 + j*(-1097)
-1519 + j*(-884)
-1453 + j*(-622)
-1384 + j*(-309)
