rxdata = [6383 + j*(-1267)
7033 + j*(-1193)
7562 + j*(-1094)
7959 + j*(-988)
8205 + j*(-860)
8292 + j*(-730)
8213 + j*(-587)
7971 + j*(-449)
7572 + j*(-312)
7029 + j*(-181)
6361 + j*(-67)
5589 + j*(34)
4745 + j*(118)
3851 + j*(181)
2946 + j*(239)
2056 + j*(275)
1215 + j*(314)
455 + j*(346)
-202 + j*(392)
-729 + j*(451)
-1108 + j*(534)
-1331 + j*(649)
-1384 + j*(802)
-1272 + j*(1002)
-997 + j*(1242)
-563 + j*(1539)
-2 + j*(1874)
688 + j*(2259)
1461 + j*(2676)
2309 + j*(3127)
3194 + j*(3588)
4089 + j*(4062)
4970 + j*(4523)
5802 + j*(4961)
6566 + j*(5368)
7240 + j*(5715)
7799 + j*(6005)
8237 + j*(6220)
8540 + j*(6349)
8696 + j*(6389)
8719 + j*(6339)
8596 + j*(6192)
8344 + j*(5957)
7973 + j*(5635)
7488 + j*(5236)
6919 + j*(4773)
6272 + j*(4254)
5575 + j*(3695)
4843 + j*(3116)
4099 + j*(2519)
3361 + j*(1940)
2646 + j*(1370)
1977 + j*(836)
1358 + j*(354)
815 + j*(-89)
342 + j*(-453)
-39 + j*(-770)
-334 + j*(-1008)
-537 + j*(-1181)
-652 + j*(-1297)
-682 + j*(-1343)
-635 + j*(-1348)
-515 + j*(-1301)
-346 + j*(-1229)
-120 + j*(-1121)
120 + j*(-1017)
391 + j*(-892)
649 + j*(-795)
903 + j*(-705)
1116 + j*(-646)
1293 + j*(-628)
1406 + j*(-647)
1455 + j*(-718)
1427 + j*(-842)
1317 + j*(-1015)
1122 + j*(-1249)
840 + j*(-1528)
480 + j*(-1865)
36 + j*(-2236)
-464 + j*(-2656)
-1031 + j*(-3099)
-1630 + j*(-3570)
-2262 + j*(-4049)
-2897 + j*(-4535)
-3524 + j*(-5010)
-4123 + j*(-5470)
-4668 + j*(-5897)
-5154 + j*(-6290)
-5553 + j*(-6631)
-5859 + j*(-6921)
-6052 + j*(-7144)
-6131 + j*(-7304)
-6082 + j*(-7389)
-5910 + j*(-7406)
-5607 + j*(-7348)
-5185 + j*(-7225)
-4642 + j*(-7033)
-4001 + j*(-6787)
-3254 + j*(-6487)
-2441 + j*(-6150)
-1549 + j*(-5777)
-628 + j*(-5387)
338 + j*(-4981)
1302 + j*(-4583)
2266 + j*(-4184)
3205 + j*(-3810)
4100 + j*(-3459)
4945 + j*(-3130)
5720 + j*(-2848)
6415 + j*(-2582)
7026 + j*(-2362)
7535 + j*(-2163)
7950 + j*(-1993)
8256 + j*(-1841)
8454 + j*(-1697)
8550 + j*(-1560)
8530 + j*(-1414)
8417 + j*(-1260)
8195 + j*(-1083)
7885 + j*(-885)
7479 + j*(-655)
6998 + j*(-395)
6436 + j*(-106)
5816 + j*(212)
5137 + j*(554)
4414 + j*(908)
3663 + j*(1276)
2884 + j*(1634)
2109 + j*(1986)
1324 + j*(2306)
572 + j*(2593)
-167 + j*(2827)
-850 + j*(3007)
-1492 + j*(3115)
-2069 + j*(3154)
-2578 + j*(3111)
-3017 + j*(2990)
-3372 + j*(2788)
-3657 + j*(2515)
-3855 + j*(2170)
-3986 + j*(1765)
-4044 + j*(1314)
-4044 + j*(819)
-3985 + j*(312)
-3890 + j*(-215)
-3760 + j*(-732)
-3609 + j*(-1222)
-3458 + j*(-1693)
-3296 + j*(-2099)
-3160 + j*(-2464)
-3033 + j*(-2750)
-2941 + j*(-2965)
-2876 + j*(-3099)
-2843 + j*(-3145)
-2846 + j*(-3108)
-2874 + j*(-2984)
-2930 + j*(-2773)
-3002 + j*(-2489)
-3084 + j*(-2124)
-3171 + j*(-1695)
-3245 + j*(-1208)
-3305 + j*(-669)
-3334 + j*(-93)
-3333 + j*(505)
-3286 + j*(1127)
-3197 + j*(1738)
-3055 + j*(2345)
-2862 + j*(2920)
-2621 + j*(3448)
-2327 + j*(3929)
-1995 + j*(4326)
-1619 + j*(4645)
-1216 + j*(4855)
-785 + j*(4960)
-341 + j*(4936)
116 + j*(4782)
570 + j*(4490)
1023 + j*(4056)
1462 + j*(3479)
1884 + j*(2770)
2289 + j*(1923)
2665 + j*(965)
3020 + j*(-104)
3343 + j*(-1249)
3638 + j*(-2466)
3901 + j*(-3714)
4136 + j*(-4977)
4329 + j*(-6223)
4499 + j*(-7423)
4616 + j*(-8551)
4707 + j*(-9575)
4743 + j*(-10476)
4741 + j*(-11227)
4681 + j*(-11810)
4570 + j*(-12217)
4404 + j*(-12422)
4175 + j*(-12442)
3891 + j*(-12256)
3545 + j*(-11884)
3142 + j*(-11326)
2690 + j*(-10599)
2188 + j*(-9719)
1652 + j*(-8706)
1083 + j*(-7581)
500 + j*(-6368)
-90 + j*(-5090)
-675 + j*(-3769)
-1237 + j*(-2433)
-1775 + j*(-1097)
-2261 + j*(221)
-2709 + j*(1491)
-3087 + j*(2715)
-3413 + j*(3863)
-3672 + j*(4936)
-3862 + j*(5917)
-4006 + j*(6801)
-4078 + j*(7579)
-4123 + j*(8246)
-4116 + j*(8796)
-4094 + j*(9224)
-4043 + j*(9526)
-3997 + j*(9692)
-3940 + j*(9730)
-3902 + j*(9622)
-3865 + j*(9382)
-3848 + j*(8994)
-3837 + j*(8476)
-3837 + j*(7815)
-3833 + j*(7036)
-3825 + j*(6138)
-3789 + j*(5136)
-3732 + j*(4058)
-3626 + j*(2911)
-3466 + j*(1734)
-3252 + j*(550)
-2960 + j*(-622)
-2608 + j*(-1731)
-2180 + j*(-2766)
-1693 + j*(-3680)
-1152 + j*(-4458)
-573 + j*(-5070)
30 + j*(-5502)
628 + j*(-5730)
1207 + j*(-5757)
1735 + j*(-5579)
2191 + j*(-5198)
2555 + j*(-4642)
2801 + j*(-3909)
2919 + j*(-3049)
2895 + j*(-2074)
2721 + j*(-1035)
2405 + j*(46)
1948 + j*(1115)
1366 + j*(2152)
687 + j*(3111)
-77 + j*(3961)
-883 + j*(4693)
-1708 + j*(5267)
-2509 + j*(5691)
-3259 + j*(5950)
-3918 + j*(6052)
-4466 + j*(6013)
-4869 + j*(5838)
-5117 + j*(5569)
-5191 + j*(5210)
-5094 + j*(4810)
-4827 + j*(4387)
-4399 + j*(3973)
-3833 + j*(3593)
-3149 + j*(3274)
-2376 + j*(3022)
-1552 + j*(2862)
-701 + j*(2784)
134 + j*(2799)
930 + j*(2885)
1651 + j*(3041)
2280 + j*(3233)
2797 + j*(3449)
3190 + j*(3660)
3460 + j*(3841)
3605 + j*(3968)
3636 + j*(4019)
3578 + j*(3977)
3433 + j*(3831)
3248 + j*(3573)
3025 + j*(3211)
2809 + j*(2742)
2611 + j*(2193)
2460 + j*(1573)
2366 + j*(917)
2348 + j*(245)
2398 + j*(-406)
2533 + j*(-1008)
2723 + j*(-1530)
2973 + j*(-1946)
3251 + j*(-2237)
3538 + j*(-2384)
3811 + j*(-2380)
4037 + j*(-2219)
4194 + j*(-1915)
4257 + j*(-1472)
4206 + j*(-917)
4026 + j*(-273)
3710 + j*(436)
3256 + j*(1165)
2670 + j*(1900)
1965 + j*(2585)
1167 + j*(3216)
287 + j*(3740)
-618 + j*(4163)
-1546 + j*(4446)
-2430 + j*(4606)
-3260 + j*(4617)
-3990 + j*(4512)
-4588 + j*(4282)
-5047 + j*(3965)
-5325 + j*(3565)
-5437 + j*(3129)
-5361 + j*(2666)
-5119 + j*(2216)
-4714 + j*(1801)
-4173 + j*(1433)
-3518 + j*(1147)
-2785 + j*(940)
-2005 + j*(823)
-1218 + j*(790)
-451 + j*(839)
255 + j*(949)
876 + j*(1110)
1386 + j*(1291)
1768 + j*(1465)
2010 + j*(1620)
2108 + j*(1710)
2066 + j*(1726)
1891 + j*(1645)
1604 + j*(1443)
1211 + j*(1129)
757 + j*(677)
240 + j*(112)
-285 + j*(-569)
-815 + j*(-1345)
-1317 + j*(-2189)
-1774 + j*(-3086)
-2165 + j*(-3992)
-2485 + j*(-4885)
-2723 + j*(-5731)
-2874 + j*(-6494)
-2957 + j*(-7153)
-2952 + j*(-7684)
-2895 + j*(-8057)
-2784 + j*(-8275)
-2633 + j*(-8313)
-2472 + j*(-8182)
-2288 + j*(-7885)
-2126 + j*(-7424)
-1964 + j*(-6830)
-1842 + j*(-6106)
-1733 + j*(-5291)
-1671 + j*(-4395)
-1624 + j*(-3460)
-1619 + j*(-2498)
-1619 + j*(-1544)
-1644 + j*(-622)
-1671 + j*(256)
-1690 + j*(1058)
-1709 + j*(1782)
-1695 + j*(2407)
-1674 + j*(2923)
-1615 + j*(3334)
-1538 + j*(3622)
-1428 + j*(3799)
-1302 + j*(3856)
-1152 + j*(3799)
-995 + j*(3631)
-830 + j*(3354)
-666 + j*(2979)
-510 + j*(2500)
-366 + j*(1939)
-241 + j*(1287)
-135 + j*(571)
-46 + j*(-217)
21 + j*(-1045)
76 + j*(-1923)
117 + j*(-2806)
152 + j*(-3706)
186 + j*(-4578)
222 + j*(-5422)
266 + j*(-6199)
319 + j*(-6904)
381 + j*(-7500)
452 + j*(-7983)
527 + j*(-8326)
595 + j*(-8516)
658 + j*(-8554)
691 + j*(-8422)
694 + j*(-8133)
654 + j*(-7687)
546 + j*(-7101)
385 + j*(-6387)
138 + j*(-5580)
-188 + j*(-4695)
-585 + j*(-3772)
-1073 + j*(-2841)
-1616 + j*(-1933)
-2226 + j*(-1086)
-2867 + j*(-326)
-3534 + j*(317)
-4189 + j*(824)
-4816 + j*(1177)
-5385 + j*(1372)
-5866 + j*(1398)
-6245 + j*(1274)
-6488 + j*(998)
-6592 + j*(604)
-6531 + j*(106)
-6312 + j*(-461)
-5932 + j*(-1063)
-5398 + j*(-1677)
-4728 + j*(-2254)
-3943 + j*(-2776)
-3065 + j*(-3210)
-2136 + j*(-3529)
-1174 + j*(-3728)
-227 + j*(-3778)
675 + j*(-3698)
1503 + j*(-3471)
2223 + j*(-3124)
2808 + j*(-2659)
3260 + j*(-2109)
3530 + j*(-1490)
3660 + j*(-839)
3610 + j*(-174)
3427 + j*(464)
3095 + j*(1070)
2667 + j*(1592)
2144 + j*(2047)
1570 + j*(2390)
976 + j*(2635)
376 + j*(2775)
-178 + j*(2806)
-683 + j*(2754)
-1100 + j*(2615)
-1435 + j*(2415)
-1654 + j*(2172)
-1779 + j*(1900)
-1791 + j*(1622)
-1716 + j*(1354)
-1557 + j*(1101)
-1339 + j*(890)
-1072 + j*(708)
-795 + j*(568)
-504 + j*(462)
-249 + j*(376)
-20 + j*(319)
152 + j*(243)
258 + j*(176)
308 + j*(55)
276 + j*(-93)
197 + j*(-312)
54 + j*(-599)
-121 + j*(-956)
-325 + j*(-1402)
-535 + j*(-1908)
-735 + j*(-2495)
-905 + j*(-3126)
-1036 + j*(-3793)
-1111 + j*(-4476)
-1123 + j*(-5145)
-1070 + j*(-5781)
-947 + j*(-6354)
-763 + j*(-6837)
-533 + j*(-7213)
-257 + j*(-7460)
37 + j*(-7560)
334 + j*(-7514)
618 + j*(-7304)
863 + j*(-6943)
1056 + j*(-6435)
1180 + j*(-5789)
1221 + j*(-5035)
1173 + j*(-4179)
