rxdataF_oai = [-5667 + j*(-15271)
-6415 + j*(-13977)
10430 + j*(11356)
-13806 + j*(-10528)
-10132 + j*(-10162)
7419 + j*(-13884)
10834 + j*(10482)
5749 + j*(-15565)
-12648 + j*(-11799)
4077 + j*(-11830)
13961 + j*(561)
-15320 + j*(-7136)
15669 + j*(-2136)
14821 + j*(4432)
12199 + j*(-6982)
-12960 + j*(3359)
8370 + j*(-15606)
-4650 + j*(7482)
-8732 + j*(10549)
-7596 + j*(9860)
6813 + j*(-11829)
-9428 + j*(-11425)
-7633 + j*(10787)
-13856 + j*(834)
13525 + j*(-1696)
-11338 + j*(-4118)
612 + j*(14842)
-176 + j*(-14413)
-5133 + j*(-16238)
-13696 + j*(3413)
-599 + j*(15823)
-7506 + j*(8860)
7333 + j*(11143)
-11780 + j*(-13038)
13131 + j*(9621)
12063 + j*(8976)
-12919 + j*(-5473)
11254 + j*(3951)
-14647 + j*(-8580)
-12263 + j*(-6901)
12621 + j*(7530)
3068 + j*(-14799)
-2285 + j*(-14817)
13303 + j*(1877)
15861 + j*(-966)
13974 + j*(-4653)
-16076 + j*(2819)
-3536 + j*(13545)
-15477 + j*(4570)
1733 + j*(10795)
-12381 + j*(11395)
7785 + j*(6741)
-12747 + j*(-5466)
6768 + j*(-13251)
3120 + j*(-12320)
-13124 + j*(-5202)
-11274 + j*(5465)
11955 + j*(5588)
2031 + j*(15907)
-1613 + j*(-13199)
14612 + j*(-6964)
-14227 + j*(7386)
-10087 + j*(4173)
-6574 + j*(-9960)
-3662 + j*(-12802)
-11004 + j*(-14441)
-11778 + j*(9239)
11251 + j*(10922)
12631 + j*(11107)
7490 + j*(15635)
-11554 + j*(-6697)
15269 + j*(-10785)
-10172 + j*(-6095)
5178 + j*(-13460)
12766 + j*(968)
1901 + j*(-12409)
-4422 + j*(-13947)
2230 + j*(15197)
-11438 + j*(4103)
-10717 + j*(5019)
-10480 + j*(6169)
-16006 + j*(-11449)
14422 + j*(6071)
6383 + j*(-7793)
8907 + j*(9529)
-9679 + j*(-6957)
-16341 + j*(6800)
-3235 + j*(8854)
-2669 + j*(14740)
9920 + j*(3542)
12853 + j*(2197)
12792 + j*(-174)
11665 + j*(-1323)
-2389 + j*(-15863)
-13754 + j*(6610)
-15275 + j*(5953)
8940 + j*(14722)
-10194 + j*(12869)
-10222 + j*(8376)
12619 + j*(9011)
6115 + j*(-15575)
12850 + j*(10474)
11451 + j*(5001)
-403 + j*(15499)
15594 + j*(2888)
-14063 + j*(1467)
1712 + j*(-15225)
1788 + j*(13378)
-729 + j*(-14817)
3602 + j*(14280)
-5953 + j*(-14086)
6707 + j*(13211)
14638 + j*(-9737)
9397 + j*(3676)
10288 + j*(7997)
-10082 + j*(-8908)
-7693 + j*(6316)
6062 + j*(-12875)
14948 + j*(9547)
-6449 + j*(15378)
-15549 + j*(-895)
-2224 + j*(13097)
-15478 + j*(-1493)
-14383 + j*(2860)
-2598 + j*(-14572)
14974 + j*(-1759)
-12695 + j*(7270)
12649 + j*(8522)
-6617 + j*(-10497)
10724 + j*(-9069)
8239 + j*(7820)
-13394 + j*(-9220)
11341 + j*(8463)
12141 + j*(8463)
7614 + j*(15127)
4601 + j*(-13734)
-12137 + j*(-1965)
-13579 + j*(-871)
13125 + j*(2652)
2981 + j*(14626)
-15353 + j*(5987)
-13441 + j*(6351)
12927 + j*(-1466)
-9557 + j*(5985)
-6613 + j*(-10561)
-8100 + j*(-1061)
8481 + j*(10252)
-8059 + j*(9740)
-10689 + j*(-8110)
-13967 + j*(-3139)
14551 + j*(8144)
11829 + j*(6948)
-7280 + j*(8797)
313 + j*(15830)
15865 + j*(3393)
-1061 + j*(-12447)
11549 + j*(-1393)
11510 + j*(-5529)
15666 + j*(-5808)
-2151 + j*(-9490)
11707 + j*(-8541)
-13908 + j*(9695)
-8694 + j*(9489)
-9751 + j*(-11776)
-11217 + j*(-11112)
-8611 + j*(15610)
-15124 + j*(-3654)
-14226 + j*(-7563)
-2844 + j*(-1826)
2979 + j*(2592)
-218 + j*(1764)
-3558 + j*(2711)
-457 + j*(821)
1847 + j*(2182)
-2724 + j*(133)
-4406 + j*(2644)
-3968 + j*(1542)
1469 + j*(-4644)
-3719 + j*(585)
-3900 + j*(-2714)
-5785 + j*(-974)
-2000 + j*(-1140)
-2622 + j*(-1461)
-2357 + j*(2874)
3406 + j*(1801)
218 + j*(3371)
1601 + j*(-2229)
990 + j*(-4429)
-1757 + j*(-1996)
-2029 + j*(-1393)
4057 + j*(-3005)
-998 + j*(3571)
-481 + j*(2758)
-367 + j*(-1671)
-980 + j*(-709)
-1496 + j*(82)
1013 + j*(-316)
-1910 + j*(1208)
-757 + j*(-2303)
1278 + j*(-2384)
4821 + j*(3762)
2531 + j*(-177)
953 + j*(127)
-2052 + j*(1887)
-1798 + j*(-353)
1855 + j*(832)
3560 + j*(-2939)
3890 + j*(-9)
-4452 + j*(-760)
952 + j*(-185)
-3585 + j*(861)
-1545 + j*(2252)
2824 + j*(1836)
-1467 + j*(2387)
-1210 + j*(447)
2082 + j*(2466)
-2820 + j*(-2267)
-877 + j*(2457)
2142 + j*(66)
-1922 + j*(-648)
-2735 + j*(363)
2022 + j*(-729)
1127 + j*(602)
-2243 + j*(-6516)
-899 + j*(639)
-1177 + j*(-668)
-1742 + j*(684)
-2293 + j*(-888)
-411 + j*(1647)
573 + j*(-2558)
27 + j*(962)
-2733 + j*(1032)
-1018 + j*(-827)
506 + j*(2472)
-2355 + j*(314)
427 + j*(421)
-2152 + j*(318)
-660 + j*(2795)
1745 + j*(-945)
1576 + j*(583)
732 + j*(40)
5691 + j*(-2494)
2703 + j*(1669)
1335 + j*(288)
-3229 + j*(4407)
-967 + j*(-2020)
288 + j*(-863)
209 + j*(976)
929 + j*(2725)
-2365 + j*(-1259)
2144 + j*(-3534)
371 + j*(1284)
751 + j*(-794)
1249 + j*(-2897)
2737 + j*(-245)
3058 + j*(483)
244 + j*(88)
-299 + j*(-1114)
-2326 + j*(-1853)
-1644 + j*(-444)
1467 + j*(1670)
193 + j*(1994)
-1065 + j*(437)
-2640 + j*(965)
1174 + j*(2109)
1982 + j*(-1252)
-450 + j*(-3904)
-274 + j*(-3233)
341 + j*(1539)
-69 + j*(170)
-449 + j*(2707)
4227 + j*(1844)
2272 + j*(-2085)
5757 + j*(3072)
463 + j*(2335)
-500 + j*(-848)
1113 + j*(-4645)
-760 + j*(-1278)
-1010 + j*(1631)
-867 + j*(-2070)
-5095 + j*(-4507)
-2544 + j*(-202)
1986 + j*(-2466)
25 + j*(1425)
-1142 + j*(-2352)
1125 + j*(-1972)
169 + j*(-2163)
2540 + j*(5795)
3253 + j*(2042)
1647 + j*(1384)
-747 + j*(-912)
3501 + j*(-1863)
-673 + j*(-2083)
-1109 + j*(1253)
1017 + j*(-1368)
985 + j*(-163)
-1128 + j*(575)
209 + j*(320)
-418 + j*(232)
-905 + j*(326)
2399 + j*(725)
-114 + j*(-289)
1451 + j*(1208)
-457 + j*(-321)
-807 + j*(63)
-2833 + j*(1891)
1904 + j*(26)
-14 + j*(1070)
2009 + j*(1224)
654 + j*(-2121)
1456 + j*(1315)
246 + j*(-452)
3380 + j*(1805)
-1091 + j*(1245)
-207 + j*(-718)
629 + j*(-614)
-180 + j*(-65)
713 + j*(534)
-452 + j*(955)
-3202 + j*(-571)
-810 + j*(1051)
13 + j*(1329)
-374 + j*(1172)
-396 + j*(-174)
636 + j*(638)
-1056 + j*(-739)
325 + j*(-1086)
-1158 + j*(-1606)
857 + j*(1148)
123 + j*(419)
1166 + j*(117)
-1339 + j*(423)
2127 + j*(-2449)
-635 + j*(1788)
1392 + j*(-1015)
2056 + j*(-426)
1200 + j*(1943)
192 + j*(-728)
1143 + j*(1318)
2001 + j*(-1858)
-3560 + j*(-2359)
-2155 + j*(774)
1897 + j*(-178)
-455 + j*(-921)
-2265 + j*(-871)
630 + j*(-257)
-748 + j*(899)
-1805 + j*(-756)
-2650 + j*(-1101)
1526 + j*(-80)
-3316 + j*(-1067)
947 + j*(-1223)
3 + j*(305)
1962 + j*(-352)
-1245 + j*(-2189)
-22 + j*(1696)
450 + j*(975)
-336 + j*(131)
402 + j*(1430)
-1632 + j*(1276)
-271 + j*(86)
-291 + j*(-372)
-1691 + j*(712)
1327 + j*(924)
608 + j*(-1767)
23 + j*(494)
-272 + j*(353)
1448 + j*(-169)
-469 + j*(28)
1216 + j*(853)
930 + j*(143)
-675 + j*(-609)
2495 + j*(-317)
303 + j*(-379)
-237 + j*(-677)
-949 + j*(-293)
2134 + j*(460)
-707 + j*(-919)
1037 + j*(904)
-47 + j*(960)
-55 + j*(465)
-66 + j*(408)
-104 + j*(-395)
3055 + j*(2016)
264 + j*(24)
287 + j*(173)
419 + j*(644)
632 + j*(1237)
714 + j*(577)
-250 + j*(139)
263 + j*(-552)
669 + j*(822)
1373 + j*(173)
-256 + j*(-387)
582 + j*(-1024)
174 + j*(-160)
265 + j*(-1306)
-1149 + j*(955)
-1321 + j*(-654)
-1099 + j*(120)
656 + j*(735)
-2119 + j*(-966)
-266 + j*(1600)
-1325 + j*(1014)
-2200 + j*(2855)
-1332 + j*(283)
715 + j*(1248)
-1654 + j*(-639)
-1710 + j*(731)
-422 + j*(1083)
919 + j*(197)
418 + j*(500)
-643 + j*(310)
188 + j*(589)
1403 + j*(-960)
-2591 + j*(1817)
34 + j*(-717)
2294 + j*(-733)
-1373 + j*(-1067)
319 + j*(-333)
1864 + j*(206)
-1235 + j*(-462)
205 + j*(-216)
833 + j*(1266)
-390 + j*(145)
-310 + j*(902)
82 + j*(5)
-766 + j*(349)
438 + j*(-463)
232 + j*(164)
143 + j*(67)
226 + j*(-193)
493 + j*(-348)
151 + j*(-2699)
-190 + j*(-295)
347 + j*(-36)
-386 + j*(-2735)
879 + j*(-556)
664 + j*(-554)
503 + j*(246)
2101 + j*(-392)
410 + j*(196)
-674 + j*(-762)
198 + j*(611)
470 + j*(11)
317 + j*(180)
-16 + j*(589)
-608 + j*(-2251)
274 + j*(710)
561 + j*(-95)
145 + j*(-1113)
-1016 + j*(-410)
16 + j*(492)
-534 + j*(-389)
55 + j*(263)
171 + j*(159)
1393 + j*(-457)
401 + j*(791)
168 + j*(-460)
-105 + j*(-398)
166 + j*(-138)
-457 + j*(465)
-156 + j*(533)
-157 + j*(-1059)
-523 + j*(1015)
1885 + j*(867)
-222 + j*(521)
-67 + j*(154)
2532 + j*(1834)
73 + j*(569)
-526 + j*(-31)
-683 + j*(109)
-2217 + j*(133)
-640 + j*(100)
-390 + j*(-98)
654 + j*(28)
442 + j*(388)
110 + j*(998)
-222 + j*(324)
1183 + j*(-1143)
-409 + j*(-39)
441 + j*(-104)
-831 + j*(-997)
-800 + j*(-439)
-283 + j*(414)
