rxdataF_rot = [-15021 + j*(5897)
14426 + j*(-3427)
-11225 + j*(5852)
-13165 + j*(5599)
-14366 + j*(6739)
-14051 + j*(7369)
12235 + j*(-5918)
-12650 + j*(4340)
13687 + j*(-8933)
-11395 + j*(8332)
12526 + j*(-8933)
12712 + j*(-6510)
-8882 + j*(11608)
-10970 + j*(8502)
-9541 + j*(13310)
7862 + j*(-14210)
-9257 + j*(8989)
-8763 + j*(10611)
-9784 + j*(13684)
691 + j*(10510)
13634 + j*(-6788)
8108 + j*(-14797)
-8428 + j*(12697)
-9768 + j*(12688)
-8862 + j*(4476)
12300 + j*(-9315)
7057 + j*(-13509)
-14630 + j*(6546)
15279 + j*(-6292)
14590 + j*(-7027)
-8825 + j*(11760)
12690 + j*(-9491)
-8579 + j*(14240)
8487 + j*(-13720)
8823 + j*(-14895)
-14887 + j*(6628)
-7589 + j*(11116)
7289 + j*(-11230)
14216 + j*(-6382)
-14428 + j*(6403)
8894 + j*(-7593)
9592 + j*(-8465)
8046 + j*(-11247)
-15751 + j*(6344)
13439 + j*(-6790)
-7531 + j*(13090)
8267 + j*(-13976)
12388 + j*(-8142)
9760 + j*(-8152)
-5423 + j*(14084)
9897 + j*(-12825)
-5317 + j*(8891)
7514 + j*(-10353)
-8028 + j*(15413)
-15306 + j*(6592)
10132 + j*(-10434)
-9324 + j*(7107)
10666 + j*(-4350)
10562 + j*(-10101)
-13449 + j*(5467)
13544 + j*(-4457)
12902 + j*(-7209)
14952 + j*(-5803)
-1744 + j*(-970)
-4520 + j*(528)
-2879 + j*(-43)
-1575 + j*(-88)
-3111 + j*(1220)
-4575 + j*(360)
-4661 + j*(2205)
-919 + j*(2000)
-2138 + j*(2743)
1199 + j*(-13265)
-5308 + j*(-11734)
5080 + j*(11376)
14283 + j*(-3273)
-2887 + j*(-15471)
-17787 + j*(2672)
2438 + j*(14376)
-15153 + j*(90)
1219 + j*(11895)
17433 + j*(1031)
673 + j*(-15695)
-7724 + j*(4996)
-1529 + j*(15116)
-1218 + j*(16619)
-772 + j*(-16675)
15592 + j*(-4250)
6470 + j*(13358)
-2580 + j*(-17053)
-13282 + j*(-798)
-16147 + j*(2826)
1417 + j*(-18050)
-1134 + j*(17892)
-13445 + j*(4412)
6405 + j*(-14849)
-16739 + j*(3355)
-16895 + j*(3124)
-16570 + j*(3351)
-14905 + j*(-7841)
313 + j*(-12227)
15282 + j*(-3645)
-18254 + j*(-550)
18742 + j*(-380)
-1401 + j*(-12090)
-11276 + j*(945)
10937 + j*(-12481)
-427 + j*(18395)
-13687 + j*(877)
-1738 + j*(17519)
1392 + j*(-16646)
517 + j*(14916)
19522 + j*(2124)
14201 + j*(366)
16108 + j*(-2730)
-1477 + j*(-6774)
11199 + j*(758)
16599 + j*(1713)
16574 + j*(328)
-14836 + j*(3184)
6339 + j*(-5935)
2146 + j*(-3036)
606 + j*(2392)
2300 + j*(-145)
1013 + j*(-345)
-904 + j*(1443)
1371 + j*(877)
1654 + j*(-538)
-2208 + j*(-1256)
1555 + j*(332)
-2891 + j*(1426)
-1306 + j*(166)
-705 + j*(-1334)
-2980 + j*(-324)
1174 + j*(-1057)
-233 + j*(2044)
-6985 + j*(1379)
4925 + j*(-4939)
-4451 + j*(4841)
53 + j*(-338)
1775 + j*(-1650)
-1183 + j*(-1234)
297 + j*(449)
-742 + j*(-2086)
-3197 + j*(-1042)
2446 + j*(-84)
49 + j*(341)
-3965 + j*(6371)
-481 + j*(3145)
1576 + j*(-518)
-1178 + j*(2750)
919 + j*(3672)
7041 + j*(-3077)
678 + j*(-3511)
-1223 + j*(786)
-1468 + j*(-2454)
2408 + j*(1264)
3056 + j*(800)
-1449 + j*(916)
-2249 + j*(131)
1302 + j*(3649)
-1519 + j*(-3309)
-1024 + j*(-4301)
1073 + j*(-778)
-1414 + j*(1316)
-1892 + j*(-3668)
-1024 + j*(-366)
740 + j*(730)
628 + j*(5169)
-967 + j*(-1746)
377 + j*(-359)
-610 + j*(-1663)
432 + j*(1778)
-1173 + j*(671)
515 + j*(-1422)
2551 + j*(4614)
944 + j*(-922)
5806 + j*(-430)
-2624 + j*(-585)
-5314 + j*(4294)
-3938 + j*(-1797)
-372 + j*(1061)
421 + j*(-1871)
-1817 + j*(-3539)
6157 + j*(-1262)
-724 + j*(346)
-83 + j*(-4269)
-118 + j*(98)
-129 + j*(458)
390 + j*(475)
-1654 + j*(-334)
-566 + j*(1206)
29 + j*(-855)
-660 + j*(-238)
-84 + j*(1110)
85 + j*(680)
1007 + j*(525)
-563 + j*(-721)
-533 + j*(889)
10 + j*(470)
516 + j*(-201)
-24 + j*(246)
-223 + j*(-1959)
756 + j*(-1138)
-1128 + j*(-3005)
423 + j*(579)
2491 + j*(1492)
-1545 + j*(353)
-1767 + j*(1285)
-157 + j*(-487)
3027 + j*(440)
-8891 + j*(566)
-959 + j*(-3954)
1197 + j*(599)
-2179 + j*(-2820)
796 + j*(-2901)
6563 + j*(1189)
672 + j*(1771)
5602 + j*(1848)
-62 + j*(2413)
782 + j*(234)
-2689 + j*(790)
-1706 + j*(-3603)
13 + j*(-1432)
-199 + j*(1320)
-30 + j*(1025)
-541 + j*(1068)
-1338 + j*(1680)
-3305 + j*(-2125)
810 + j*(-1424)
-1001 + j*(343)
1026 + j*(388)
2503 + j*(976)
-350 + j*(-2073)
2199 + j*(-1039)
-797 + j*(-525)
-2475 + j*(-2959)
1705 + j*(-663)
-2684 + j*(-862)
-1818 + j*(-1884)
603 + j*(315)
-2280 + j*(-184)
-48 + j*(853)
-1685 + j*(-4956)
-2867 + j*(-444)
3262 + j*(-1020)
3682 + j*(-1235)
-634 + j*(2713)
5220 + j*(1077)
-45 + j*(-944)
-836 + j*(2790)
-827 + j*(804)
-37 + j*(866)
-692 + j*(341)
-387 + j*(-1206)
-324 + j*(-818)
519 + j*(136)
287 + j*(290)
-77 + j*(-510)
-123 + j*(726)
302 + j*(1491)
350 + j*(27)
-439 + j*(-134)
118 + j*(745)
313 + j*(1370)
-566 + j*(-1302)
-624 + j*(1230)
1317 + j*(-1942)
340 + j*(588)
-472 + j*(253)
40 + j*(1065)
974 + j*(2421)
292 + j*(1730)
-1003 + j*(175)
3 + j*(1439)
-1361 + j*(-1315)
722 + j*(-551)
-1947 + j*(1120)
670 + j*(502)
-773 + j*(-390)
4021 + j*(604)
-397 + j*(-936)
-4096 + j*(-1084)
890 + j*(-64)
-2510 + j*(159)
-1379 + j*(-492)
-458 + j*(-957)
1363 + j*(-804)
-709 + j*(311)
68 + j*(-289)
64 + j*(-401)
328 + j*(-607)
871 + j*(638)
-271 + j*(639)
-734 + j*(-1874)
462 + j*(1223)
-270 + j*(1181)
-786 + j*(-30)
-910 + j*(549)
2769 + j*(57)
-6 + j*(-1465)
95 + j*(-1239)
-1080 + j*(148)
554 + j*(401)
-377 + j*(1015)
-33 + j*(62)
-1486 + j*(-275)
499 + j*(-1375)
291 + j*(167)
-1502 + j*(-490)
1393 + j*(391)
235 + j*(337)
3472 + j*(1703)
-267 + j*(282)
946 + j*(-1934)
-26 + j*(101)
-189 + j*(555)
544 + j*(-584)
106 + j*(1)
438 + j*(167)
93 + j*(243)
-56 + j*(-444)
-105 + j*(1)
-472 + j*(134)
-536 + j*(368)
49 + j*(240)
274 + j*(-563)
555 + j*(392)
265 + j*(790)
-1110 + j*(42)
353 + j*(1204)
477 + j*(620)
34 + j*(510)
-281 + j*(278)
436 + j*(844)
-1194 + j*(-792)
-453 + j*(-1262)
522 + j*(7)
1704 + j*(235)
-670 + j*(265)
155 + j*(143)
-156 + j*(-863)
23 + j*(154)
215 + j*(-621)
2655 + j*(1506)
134 + j*(-264)
1082 + j*(1042)
-69 + j*(460)
23 + j*(414)
-57 + j*(64)
-152 + j*(-726)
271 + j*(780)
66 + j*(-80)
385 + j*(-15)
-40 + j*(189)
-326 + j*(594)
-539 + j*(-404)
-399 + j*(-296)
-195 + j*(-120)
56 + j*(56)
-1336 + j*(606)
627 + j*(8)
471 + j*(754)
214 + j*(80)
-133 + j*(-350)
478 + j*(188)
-128 + j*(108)
299 + j*(-236)
310 + j*(-490)
674 + j*(231)
-1265 + j*(-615)
-1172 + j*(-329)
-610 + j*(1063)
106 + j*(168)
-175 + j*(-270)
-74 + j*(814)
1797 + j*(1968)
4 + j*(-391)
-290 + j*(382)
-175 + j*(-58)
-259 + j*(-244)
-11 + j*(-252)
61 + j*(-11)
-139 + j*(77)
-15 + j*(-137)
-93 + j*(370)
106 + j*(-70)
-329 + j*(-43)
2 + j*(178)
-134 + j*(-94)
244 + j*(199)
-163 + j*(192)
-417 + j*(-326)
339 + j*(494)
142 + j*(-600)
-184 + j*(-283)
-55 + j*(79)
11 + j*(733)
219 + j*(-242)
954 + j*(-50)
-22 + j*(367)
-299 + j*(337)
1121 + j*(660)
-2039 + j*(-1474)
-339 + j*(-824)
-373 + j*(488)
-357 + j*(-293)
241 + j*(30)
1394 + j*(1766)
-71 + j*(251)
-1318 + j*(-124)
67 + j*(-71)
102 + j*(411)
-317 + j*(-94)
640 + j*(-221)
-122 + j*(-325)
-502 + j*(-76)
103 + j*(-163)
-57 + j*(118)
244 + j*(-8)
580 + j*(-431)
-131 + j*(-68)
-98 + j*(-269)
511 + j*(516)
-11 + j*(444)
-984 + j*(-275)
711 + j*(-202)
-76 + j*(-335)
406 + j*(-458)
439 + j*(-286)
306 + j*(439)
-362 + j*(120)
647 + j*(-366)
-240 + j*(-244)
-1464 + j*(-913)
-303 + j*(-3096)
-512 + j*(420)
-125 + j*(135)
-32 + j*(-149)
-2 + j*(-105)
756 + j*(1881)
34 + j*(-402)
809 + j*(-572)
-45 + j*(59)
-52 + j*(-333)
-95 + j*(353)
350 + j*(-58)
-21 + j*(6)
134 + j*(-179)
30 + j*(-112)
-68 + j*(93)
-70 + j*(-18)
-203 + j*(68)
6 + j*(-145)
-106 + j*(268)
-212 + j*(519)
-332 + j*(-617)
155 + j*(-192)
-229 + j*(91)
-364 + j*(39)
-197 + j*(276)
28 + j*(158)
294 + j*(-35)
6 + j*(-353)
70 + j*(104)
-26 + j*(-221)
1587 + j*(978)
1492 + j*(-2320)
-60 + j*(-209)
-331 + j*(248)
248 + j*(-137)
483 + j*(-214)
866 + j*(989)
-402 + j*(-200)
-882 + j*(364)
19 + j*(230)
-78 + j*(110)
155 + j*(208)
-19 + j*(-49)
-84 + j*(-78)
117 + j*(-268)
253 + j*(-276)
173 + j*(-116)
82 + j*(-321)
-262 + j*(92)
109 + j*(146)
-693 + j*(-20)
472 + j*(-75)
148 + j*(480)
-15 + j*(292)
-216 + j*(476)
32 + j*(-207)
-125 + j*(44)
220 + j*(-96)
91 + j*(-373)
313 + j*(-174)
211 + j*(-362)
-216 + j*(-2)
-1407 + j*(-981)
2149 + j*(-1012)
53 + j*(-123)
103 + j*(-238)
-350 + j*(386)
-342 + j*(-94)
138 + j*(1200)
