rxdataF_oai = [2497 + j*(-13257)
12005 + j*(3880)
12818 + j*(749)
15025 + j*(-350)
-6214 + j*(15761)
3583 + j*(-14509)
-3277 + j*(-12868)
4562 + j*(12476)
-4946 + j*(13165)
-10986 + j*(-13429)
-12026 + j*(-10156)
-11390 + j*(-6671)
4766 + j*(-9863)
-314 + j*(11610)
-2649 + j*(14660)
-5629 + j*(15758)
-16222 + j*(-1893)
1562 + j*(11992)
14615 + j*(1770)
1362 + j*(12225)
-14578 + j*(-2461)
-13763 + j*(-1822)
-14560 + j*(-72)
-8676 + j*(11032)
10623 + j*(-8275)
8320 + j*(3518)
3195 + j*(-12639)
11260 + j*(10531)
6815 + j*(10913)
-10314 + j*(-4890)
-13431 + j*(-5542)
12100 + j*(4250)
-7560 + j*(15056)
-1847 + j*(14467)
-4124 + j*(11630)
2809 + j*(-16051)
-14555 + j*(-316)
-15093 + j*(-381)
12918 + j*(-4958)
-14364 + j*(10226)
7174 + j*(13350)
-9295 + j*(11400)
-7465 + j*(-5755)
-8766 + j*(10399)
-9460 + j*(12671)
13228 + j*(5753)
-14856 + j*(-2092)
4824 + j*(-10961)
-12195 + j*(-3208)
-12487 + j*(-1607)
2129 + j*(14980)
-1842 + j*(12922)
13447 + j*(875)
-7706 + j*(14758)
-15970 + j*(1682)
-4748 + j*(-13949)
-13033 + j*(6184)
-8033 + j*(15288)
9257 + j*(4039)
11864 + j*(-12052)
-12242 + j*(-11271)
846 + j*(-8507)
-9584 + j*(-15627)
13986 + j*(-8031)
-14013 + j*(-5588)
-12320 + j*(4330)
13513 + j*(-1460)
-16166 + j*(-4353)
-4571 + j*(-13557)
-5605 + j*(-11077)
-13318 + j*(6071)
5219 + j*(14959)
-6636 + j*(-8132)
-6516 + j*(8369)
-9413 + j*(8858)
-9508 + j*(7609)
7986 + j*(-13044)
9272 + j*(6765)
-15850 + j*(-3776)
5156 + j*(15518)
14572 + j*(1703)
13864 + j*(6470)
-12069 + j*(2851)
-2128 + j*(14464)
11836 + j*(-2851)
-12349 + j*(754)
14983 + j*(1475)
-1983 + j*(-15085)
-12460 + j*(-14529)
8847 + j*(9095)
-10869 + j*(5214)
-15915 + j*(-11980)
5129 + j*(-7738)
10219 + j*(3831)
7149 + j*(-14459)
-14024 + j*(3504)
-15440 + j*(2102)
12804 + j*(1055)
11021 + j*(1149)
-12473 + j*(4053)
1652 + j*(16247)
-13099 + j*(3842)
-8152 + j*(15027)
-12314 + j*(3930)
10717 + j*(9288)
-5383 + j*(-15513)
6494 + j*(-9738)
-7141 + j*(12177)
12082 + j*(8134)
10507 + j*(7233)
11599 + j*(4233)
-14699 + j*(-6587)
14573 + j*(1119)
-3896 + j*(13092)
12868 + j*(621)
14748 + j*(-7604)
11509 + j*(-4126)
-10016 + j*(-8579)
14454 + j*(-2006)
15568 + j*(-6913)
-13167 + j*(10770)
-3070 + j*(-10907)
-7105 + j*(9181)
8043 + j*(-14259)
11866 + j*(4559)
-9454 + j*(-7962)
2061 + j*(15194)
-12582 + j*(-14)
1879 + j*(15058)
-2994 + j*(14962)
-2326 + j*(16099)
-15817 + j*(934)
5022 + j*(12962)
10514 + j*(-8842)
-15240 + j*(8535)
-10003 + j*(-15835)
11125 + j*(-6180)
12366 + j*(9865)
9980 + j*(-8065)
-9142 + j*(15195)
10023 + j*(-12996)
-14889 + j*(-2589)
-12968 + j*(-7613)
-3383 + j*(11426)
-11194 + j*(-1799)
-11614 + j*(-1402)
14159 + j*(-1993)
15420 + j*(-2809)
-6863 + j*(-14710)
-14962 + j*(-3595)
-5060 + j*(-8745)
-11593 + j*(9578)
5318 + j*(12258)
5319 + j*(-10225)
-6909 + j*(-8457)
8809 + j*(-10483)
-13851 + j*(-3984)
5868 + j*(-4657)
-867 + j*(12594)
-1773 + j*(-14220)
12615 + j*(1915)
1927 + j*(-9745)
-2737 + j*(-13850)
245 + j*(-12574)
3118 + j*(13753)
-11224 + j*(7173)
5336 + j*(13606)
7982 + j*(12821)
1869 + j*(-1291)
4262 + j*(1148)
-3388 + j*(1358)
328 + j*(-1420)
-389 + j*(3061)
-53 + j*(-2400)
3728 + j*(1399)
-2238 + j*(-412)
1165 + j*(4319)
-4568 + j*(3959)
1189 + j*(-1731)
-4489 + j*(-481)
265 + j*(-2172)
1958 + j*(7125)
-1863 + j*(-4489)
-1945 + j*(-240)
2808 + j*(1511)
5409 + j*(-6368)
-571 + j*(6749)
2798 + j*(-407)
-1175 + j*(-703)
-1695 + j*(-1709)
1002 + j*(3193)
-3260 + j*(-6361)
1476 + j*(-1497)
-1849 + j*(1331)
1460 + j*(2637)
330 + j*(821)
-1066 + j*(-1766)
-387 + j*(-1939)
447 + j*(-935)
3593 + j*(1426)
-1831 + j*(-1658)
1249 + j*(-1589)
1293 + j*(2758)
-383 + j*(-1330)
-1632 + j*(-937)
880 + j*(-3879)
-756 + j*(1425)
-3072 + j*(-2602)
-717 + j*(838)
-624 + j*(-3409)
-998 + j*(441)
-2947 + j*(1017)
-9 + j*(745)
-946 + j*(-3381)
1748 + j*(2891)
3380 + j*(-809)
-851 + j*(-2391)
-596 + j*(3595)
-3639 + j*(4392)
-60 + j*(-674)
2065 + j*(349)
1508 + j*(-2297)
-2187 + j*(-1157)
1615 + j*(-78)
2155 + j*(297)
3662 + j*(-3040)
1987 + j*(1448)
837 + j*(2904)
-413 + j*(193)
3090 + j*(2949)
-3746 + j*(-624)
-3650 + j*(-368)
303 + j*(-4)
2061 + j*(1581)
-557 + j*(-2910)
-1206 + j*(2302)
728 + j*(-784)
1417 + j*(-3451)
-1398 + j*(-901)
-1592 + j*(1478)
744 + j*(-2596)
2619 + j*(455)
-1075 + j*(36)
-972 + j*(663)
790 + j*(-2164)
2062 + j*(-3340)
13 + j*(-2713)
2747 + j*(-1398)
-1391 + j*(954)
188 + j*(-2365)
-4821 + j*(-3293)
-828 + j*(-17)
2213 + j*(2611)
3672 + j*(2269)
2003 + j*(-1171)
2572 + j*(4168)
631 + j*(36)
-357 + j*(245)
-82 + j*(2800)
-457 + j*(2447)
-167 + j*(3792)
-1302 + j*(-617)
331 + j*(550)
1822 + j*(-1038)
1409 + j*(-1169)
-656 + j*(-3579)
-2631 + j*(641)
-802 + j*(-394)
-2381 + j*(2532)
-1841 + j*(3178)
-1744 + j*(-691)
945 + j*(-1714)
-2221 + j*(4372)
3095 + j*(467)
-2716 + j*(1426)
-740 + j*(-1981)
-1851 + j*(427)
-1798 + j*(2564)
2022 + j*(2660)
2733 + j*(-845)
2291 + j*(921)
1136 + j*(3318)
642 + j*(-1711)
523 + j*(1666)
472 + j*(610)
-2412 + j*(221)
-545 + j*(1029)
-4965 + j*(871)
-4369 + j*(331)
966 + j*(-1439)
2545 + j*(-544)
-27 + j*(821)
-792 + j*(1214)
1943 + j*(2071)
-1775 + j*(-1850)
160 + j*(3374)
-1038 + j*(-1112)
-272 + j*(-1385)
-1089 + j*(2342)
-1584 + j*(167)
-860 + j*(-21)
-7 + j*(-80)
999 + j*(-416)
732 + j*(371)
-1021 + j*(1145)
-1114 + j*(-122)
-889 + j*(-2547)
203 + j*(561)
-1658 + j*(85)
-1025 + j*(-4082)
-3151 + j*(-2079)
3225 + j*(42)
-2148 + j*(1501)
-2502 + j*(-2821)
3578 + j*(-1764)
153 + j*(569)
-1839 + j*(573)
-1272 + j*(-1809)
139 + j*(589)
-2509 + j*(-447)
361 + j*(-1003)
-553 + j*(418)
-541 + j*(268)
582 + j*(-1984)
467 + j*(-309)
-628 + j*(-784)
587 + j*(1880)
-1381 + j*(-2240)
461 + j*(1765)
-1078 + j*(1215)
-606 + j*(784)
-1080 + j*(-1616)
525 + j*(-1448)
-291 + j*(391)
-1850 + j*(-1249)
-52 + j*(888)
1011 + j*(-2053)
845 + j*(-678)
-738 + j*(-1457)
-1923 + j*(-830)
483 + j*(2029)
999 + j*(-224)
3852 + j*(1802)
1958 + j*(1648)
-4 + j*(-1510)
1842 + j*(-966)
1712 + j*(100)
-1172 + j*(-1357)
43 + j*(-1985)
1983 + j*(-1841)
-1337 + j*(-1041)
-1676 + j*(-2199)
195 + j*(-1675)
308 + j*(-958)
-272 + j*(-131)
991 + j*(1524)
1866 + j*(-968)
410 + j*(2618)
-311 + j*(280)
323 + j*(285)
70 + j*(307)
79 + j*(-440)
-946 + j*(-659)
-119 + j*(57)
-660 + j*(73)
-565 + j*(551)
1305 + j*(931)
16 + j*(1122)
-827 + j*(650)
1975 + j*(377)
-558 + j*(-294)
-711 + j*(-330)
380 + j*(103)
-1789 + j*(776)
-2870 + j*(378)
-320 + j*(-548)
-404 + j*(-7)
-64 + j*(545)
990 + j*(2016)
7 + j*(-689)
903 + j*(147)
440 + j*(2869)
140 + j*(-266)
2213 + j*(837)
1049 + j*(654)
720 + j*(537)
301 + j*(1259)
-219 + j*(442)
220 + j*(-583)
-203 + j*(-775)
-363 + j*(-644)
-146 + j*(-82)
31 + j*(-395)
1994 + j*(989)
-629 + j*(-460)
-1460 + j*(-1129)
-723 + j*(-1027)
-218 + j*(724)
-838 + j*(-267)
53 + j*(-382)
-752 + j*(391)
-374 + j*(-727)
-445 + j*(-693)
-896 + j*(308)
1895 + j*(-1796)
319 + j*(-3150)
2650 + j*(-2361)
961 + j*(-1023)
54 + j*(911)
2233 + j*(-1102)
1918 + j*(707)
1125 + j*(-839)
-865 + j*(55)
-1994 + j*(421)
-158 + j*(331)
-607 + j*(2956)
280 + j*(877)
-354 + j*(582)
77 + j*(1229)
58 + j*(148)
-1349 + j*(944)
586 + j*(-430)
741 + j*(-533)
402 + j*(42)
211 + j*(656)
1 + j*(163)
246 + j*(30)
-719 + j*(335)
536 + j*(-20)
-177 + j*(-40)
-309 + j*(367)
741 + j*(217)
874 + j*(-243)
-113 + j*(-250)
137 + j*(-161)
15 + j*(97)
141 + j*(-644)
-254 + j*(2161)
-1900 + j*(972)
305 + j*(-271)
252 + j*(-566)
1770 + j*(1573)
-228 + j*(891)
-34 + j*(-93)
-30 + j*(-172)
256 + j*(-950)
515 + j*(-72)
-1259 + j*(-193)
-401 + j*(-108)
73 + j*(-910)
-320 + j*(-89)
43 + j*(-513)
770 + j*(-519)
-612 + j*(50)
-579 + j*(183)
-267 + j*(-1233)
408 + j*(795)
641 + j*(-730)
1235 + j*(-40)
-128 + j*(-31)
407 + j*(140)
242 + j*(-396)
-424 + j*(61)
538 + j*(371)
26 + j*(-247)
-129 + j*(956)
115 + j*(115)
414 + j*(5)
890 + j*(-162)
-1476 + j*(-743)
1448 + j*(-1533)
-20 + j*(-63)
-355 + j*(-227)
885 + j*(-288)
20 + j*(1459)
926 + j*(36)
1190 + j*(609)
1142 + j*(1030)
-298 + j*(-16)
-475 + j*(-554)
-29 + j*(48)
269 + j*(184)
274 + j*(-430)
83 + j*(-97)
1099 + j*(-98)
475 + j*(-526)
