rxdataF_fftw = [14135 + j*(3320)
-3300 + j*(14160)
-14136 + j*(-3331)
-3383 + j*(14128)
14193 + j*(3331)
14118 + j*(3314)
14146 + j*(3336)
-3338 + j*(14108)
-3321 + j*(14144)
-14111 + j*(-3341)
-3347 + j*(14133)
14157 + j*(3312)
-14137 + j*(-3351)
-3346 + j*(14137)
14151 + j*(3358)
-14115 + j*(-3363)
3348 + j*(-14149)
14133 + j*(3348)
-3349 + j*(14117)
-14123 + j*(-3338)
14165 + j*(3337)
-14135 + j*(-3300)
3322 + j*(-14159)
3308 + j*(-14137)
-14168 + j*(-3328)
14162 + j*(3316)
3342 + j*(-14149)
-3384 + j*(14146)
-3324 + j*(14168)
-14142 + j*(-3319)
14108 + j*(3328)
-3308 + j*(14155)
14153 + j*(3285)
14142 + j*(3340)
-14102 + j*(-3363)
-14166 + j*(-3362)
-14162 + j*(-3387)
-3323 + j*(14140)
3337 + j*(-14133)
14163 + j*(3315)
3362 + j*(-14145)
14158 + j*(3331)
14110 + j*(3345)
-3334 + j*(14141)
3333 + j*(-14127)
-3312 + j*(14156)
3368 + j*(-14129)
-3327 + j*(14161)
3341 + j*(-14180)
-14142 + j*(-3339)
-14139 + j*(-3365)
-14147 + j*(-3295)
14174 + j*(3328)
3335 + j*(-14156)
14117 + j*(3341)
-3351 + j*(14157)
3354 + j*(-14134)
14139 + j*(3329)
-14141 + j*(-3332)
-14129 + j*(-3342)
-3343 + j*(14149)
14145 + j*(3320)
3354 + j*(-14122)
3306 + j*(-14137)
3341 + j*(-14131)
-3313 + j*(14133)
-14122 + j*(-3338)
14102 + j*(3347)
14148 + j*(3308)
-14122 + j*(-3348)
-3312 + j*(14151)
-14173 + j*(-3323)
-14134 + j*(-3381)
-14119 + j*(-3328)
3349 + j*(-14135)
14155 + j*(3328)
-3337 + j*(14166)
-3320 + j*(14102)
-3333 + j*(14157)
-14143 + j*(-3332)
-3289 + j*(14136)
3320 + j*(-14158)
3303 + j*(-14144)
-14120 + j*(-3306)
3330 + j*(-14134)
-14114 + j*(-3301)
-14129 + j*(-3333)
14156 + j*(3321)
14158 + j*(3343)
-14163 + j*(-3320)
-3333 + j*(14144)
-14151 + j*(-3320)
3322 + j*(-14121)
14146 + j*(3326)
14142 + j*(3346)
-3338 + j*(14134)
14133 + j*(3355)
3331 + j*(-14143)
3335 + j*(-14113)
3332 + j*(-14127)
3315 + j*(-14118)
-3329 + j*(14164)
-14154 + j*(-3378)
-3326 + j*(14161)
14154 + j*(3368)
-14181 + j*(-3335)
-14140 + j*(-3351)
-3335 + j*(14126)
-14131 + j*(-3333)
-3353 + j*(14160)
-3333 + j*(14115)
14152 + j*(3340)
3312 + j*(-14100)
-14139 + j*(-3321)
-14169 + j*(-3361)
3380 + j*(-14162)
3361 + j*(-14130)
-14114 + j*(-3332)
-14141 + j*(-3348)
-14164 + j*(-3321)
18 + j*(-30)
30 + j*(-5)
28 + j*(14)
-5 + j*(6)
9 + j*(-11)
-29 + j*(-11)
0 + j*(-5)
-25 + j*(-6)
-3 + j*(15)
-8 + j*(40)
-5 + j*(11)
-14 + j*(-11)
18 + j*(-24)
-16 + j*(-6)
51 + j*(0)
16 + j*(26)
-14 + j*(1)
16 + j*(-18)
30 + j*(1)
-19 + j*(4)
-20 + j*(19)
-5 + j*(-5)
19 + j*(9)
8 + j*(14)
14 + j*(-1)
23 + j*(-19)
14 + j*(10)
10 + j*(-23)
9 + j*(21)
29 + j*(28)
4 + j*(-5)
0 + j*(24)
30 + j*(21)
-8 + j*(-22)
30 + j*(-5)
-11 + j*(-8)
14 + j*(28)
-3 + j*(-12)
-4 + j*(-14)
-5 + j*(15)
12 + j*(-12)
-6 + j*(2)
-14 + j*(41)
23 + j*(2)
-9 + j*(-12)
4 + j*(-14)
20 + j*(-21)
8 + j*(10)
-3 + j*(-38)
4 + j*(20)
28 + j*(0)
1 + j*(0)
10 + j*(-21)
-15 + j*(28)
-9 + j*(-18)
8 + j*(-5)
14 + j*(2)
-30 + j*(21)
9 + j*(16)
-12 + j*(22)
20 + j*(-8)
-11 + j*(5)
-12 + j*(-9)
-31 + j*(-16)
17 + j*(-3)
-8 + j*(-7)
-6 + j*(-5)
-11 + j*(9)
10 + j*(-20)
24 + j*(-16)
-8 + j*(-3)
-4 + j*(12)
-33 + j*(26)
-10 + j*(25)
12 + j*(20)
32 + j*(-11)
5 + j*(-8)
31 + j*(4)
10 + j*(16)
5 + j*(6)
19 + j*(12)
12 + j*(-28)
-37 + j*(15)
-4 + j*(0)
-19 + j*(22)
18 + j*(-4)
28 + j*(16)
22 + j*(18)
5 + j*(18)
-8 + j*(0)
16 + j*(5)
27 + j*(21)
-29 + j*(1)
14 + j*(-2)
9 + j*(10)
12 + j*(-2)
-10 + j*(19)
-27 + j*(3)
-27 + j*(16)
-5 + j*(27)
3 + j*(-12)
22 + j*(-2)
24 + j*(13)
29 + j*(-6)
-10 + j*(-8)
-12 + j*(-10)
-51 + j*(14)
-11 + j*(3)
16 + j*(29)
0 + j*(14)
9 + j*(-25)
13 + j*(10)
55 + j*(23)
8 + j*(0)
0 + j*(17)
1 + j*(-48)
19 + j*(11)
-10 + j*(3)
-14 + j*(-8)
4 + j*(-4)
-1 + j*(24)
-11 + j*(-19)
4 + j*(41)
9 + j*(3)
-4 + j*(-44)
29 + j*(18)
41 + j*(15)
-10 + j*(-10)
43 + j*(-30)
-40 + j*(-15)
-51 + j*(-21)
27 + j*(-37)
-30 + j*(-10)
-5 + j*(1)
5 + j*(30)
-2 + j*(-3)
-1 + j*(-25)
-22 + j*(-3)
29 + j*(23)
-11 + j*(10)
-11 + j*(-36)
28 + j*(1)
0 + j*(19)
9 + j*(-8)
-5 + j*(36)
13 + j*(0)
12 + j*(-24)
-21 + j*(10)
-20 + j*(24)
26 + j*(-25)
2 + j*(6)
2 + j*(3)
9 + j*(7)
-14 + j*(15)
-9 + j*(-3)
7 + j*(0)
-17 + j*(-16)
-17 + j*(-28)
8 + j*(0)
22 + j*(4)
39 + j*(15)
-19 + j*(22)
4 + j*(-9)
15 + j*(-35)
-23 + j*(25)
0 + j*(-21)
-3 + j*(-22)
11 + j*(24)
-19 + j*(7)
16 + j*(-10)
8 + j*(-23)
-12 + j*(-11)
20 + j*(-10)
14 + j*(24)
35 + j*(-8)
-3 + j*(2)
6 + j*(-12)
17 + j*(34)
-4 + j*(-16)
30 + j*(-3)
33 + j*(5)
-3 + j*(-4)
18 + j*(3)
7 + j*(-14)
-24 + j*(12)
-24 + j*(0)
-4 + j*(16)
-14 + j*(-21)
-2 + j*(0)
3 + j*(-7)
-1 + j*(-10)
22 + j*(8)
-12 + j*(12)
-21 + j*(-16)
41 + j*(3)
-11 + j*(17)
4 + j*(21)
12 + j*(-7)
0 + j*(-22)
10 + j*(-17)
20 + j*(27)
-10 + j*(-29)
-9 + j*(8)
20 + j*(-14)
49 + j*(-37)
-13 + j*(33)
23 + j*(-14)
6 + j*(-27)
5 + j*(-2)
8 + j*(42)
7 + j*(11)
4 + j*(1)
0 + j*(32)
5 + j*(-3)
-8 + j*(4)
6 + j*(-13)
15 + j*(-9)
-7 + j*(3)
-10 + j*(5)
7 + j*(5)
40 + j*(-20)
4 + j*(-46)
14 + j*(-18)
31 + j*(0)
-9 + j*(-23)
-39 + j*(-22)
-12 + j*(18)
-12 + j*(1)
32 + j*(32)
-1 + j*(11)
-11 + j*(1)
-2 + j*(19)
26 + j*(35)
15 + j*(20)
-9 + j*(32)
-1 + j*(3)
35 + j*(-2)
-31 + j*(-41)
-13 + j*(-13)
12 + j*(-15)
17 + j*(25)
-2 + j*(12)
-13 + j*(-26)
-9 + j*(10)
10 + j*(-22)
18 + j*(-5)
-13 + j*(23)
26 + j*(-2)
-31 + j*(-27)
15 + j*(13)
13 + j*(2)
-4 + j*(-9)
-24 + j*(4)
-3 + j*(-1)
7 + j*(1)
23 + j*(-21)
11 + j*(-6)
37 + j*(5)
35 + j*(32)
-18 + j*(-5)
16 + j*(15)
-43 + j*(19)
-17 + j*(11)
-3 + j*(1)
16 + j*(2)
12 + j*(29)
13 + j*(19)
-26 + j*(-4)
5 + j*(-1)
4 + j*(19)
-15 + j*(21)
-14 + j*(0)
37 + j*(-41)
-23 + j*(-3)
11 + j*(-20)
4 + j*(1)
31 + j*(3)
-14 + j*(15)
2 + j*(14)
12 + j*(-7)
-4 + j*(0)
0 + j*(37)
-3 + j*(1)
-19 + j*(3)
22 + j*(5)
-4 + j*(2)
23 + j*(21)
6 + j*(-7)
35 + j*(-16)
-17 + j*(4)
39 + j*(33)
-26 + j*(-25)
12 + j*(-12)
20 + j*(2)
9 + j*(-3)
-12 + j*(4)
-8 + j*(15)
17 + j*(-10)
35 + j*(11)
-6 + j*(6)
0 + j*(8)
-22 + j*(2)
2 + j*(3)
39 + j*(-7)
10 + j*(22)
-26 + j*(0)
-14 + j*(23)
-9 + j*(21)
10 + j*(11)
2 + j*(8)
5 + j*(-16)
22 + j*(34)
-10 + j*(0)
17 + j*(-12)
30 + j*(0)
4 + j*(1)
-10 + j*(-12)
-19 + j*(21)
14 + j*(41)
-9 + j*(4)
27 + j*(-3)
26 + j*(20)
-4 + j*(30)
-29 + j*(49)
3 + j*(-32)
25 + j*(-7)
-31 + j*(-12)
21 + j*(15)
-2 + j*(29)
4 + j*(-26)
0 + j*(1)
21 + j*(7)
-1 + j*(45)
-2 + j*(-33)
-13 + j*(-2)
10 + j*(15)
17 + j*(-7)
-32 + j*(23)
20 + j*(-29)
2 + j*(25)
33 + j*(9)
4 + j*(-24)
-1 + j*(-15)
14 + j*(10)
-12 + j*(-6)
-31 + j*(8)
0 + j*(-14)
39 + j*(-2)
-12 + j*(21)
5 + j*(39)
-2 + j*(-43)
35 + j*(12)
2 + j*(41)
-35 + j*(23)
-11 + j*(34)
11 + j*(-4)
2 + j*(-8)
-12 + j*(3)
47 + j*(3)
2 + j*(-17)
-24 + j*(-30)
-6 + j*(9)
8 + j*(15)
-7 + j*(-3)
0 + j*(9)
0 + j*(-5)
-2 + j*(-34)
1 + j*(28)
21 + j*(43)
22 + j*(14)
-31 + j*(24)
25 + j*(8)
-3 + j*(-21)
3 + j*(4)
-12 + j*(-15)
-17 + j*(-22)
10 + j*(18)
-4 + j*(37)
-38 + j*(42)
-9 + j*(9)
-3 + j*(7)
-10 + j*(-37)
-9 + j*(22)
-9 + j*(-24)
54 + j*(24)
-3 + j*(8)
10 + j*(4)
-20 + j*(-17)
4 + j*(-36)
-11 + j*(17)
-10 + j*(38)
-39 + j*(-5)
38 + j*(-11)
11 + j*(3)
22 + j*(21)
13 + j*(29)
1 + j*(34)
-4 + j*(33)
-5 + j*(-17)
14 + j*(37)
-10 + j*(25)
12 + j*(7)
23 + j*(-11)
4 + j*(8)
20 + j*(-38)
-34 + j*(7)
-20 + j*(50)
-20 + j*(-8)
5 + j*(11)
23 + j*(-26)
-43 + j*(45)
1 + j*(18)
-17 + j*(30)
-31 + j*(33)
0 + j*(-21)
2 + j*(25)
14 + j*(-34)
14 + j*(6)
54 + j*(-6)
25 + j*(-6)
24 + j*(20)
-15 + j*(48)
15 + j*(14)
-4 + j*(-39)
-16 + j*(42)
10 + j*(-3)
27 + j*(10)
8 + j*(-8)
-36 + j*(4)
-42 + j*(-30)
-15 + j*(-27)
-52 + j*(7)
4 + j*(10)
25 + j*(14)
-1 + j*(-6)
13 + j*(-5)
-13 + j*(25)
-26 + j*(15)
6 + j*(10)
-2 + j*(-21)
3 + j*(3)
-4 + j*(-11)
16 + j*(7)
-10 + j*(22)
-24 + j*(47)
-13 + j*(-37)
21 + j*(-16)
23 + j*(16)
-1 + j*(27)
-42 + j*(-31)
4 + j*(-4)
12 + j*(-13)
0 + j*(-9)
-19 + j*(-7)
7 + j*(-32)
-5 + j*(29)
-29 + j*(-21)
-7 + j*(-40)
0 + j*(-21)
-13 + j*(-7)
-24 + j*(13)
25 + j*(59)
9 + j*(-1)
32 + j*(15)
6 + j*(22)
-13 + j*(-17)
2 + j*(45)
40 + j*(18)
-36 + j*(-17)
-17 + j*(19)
-51 + j*(25)
31 + j*(10)
-55 + j*(36)
71 + j*(26)
-12 + j*(-27)
3 + j*(74)
0 + j*(49)
6 + j*(0)
46 + j*(-4)
