rxdata = [-2109 + j*(-892)
-1554 + j*(-865)
-961 + j*(-857)
-348 + j*(-843)
268 + j*(-825)
886 + j*(-807)
1478 + j*(-760)
2044 + j*(-712)
2567 + j*(-620)
3036 + j*(-511)
3449 + j*(-358)
3791 + j*(-163)
4064 + j*(69)
4258 + j*(360)
4382 + j*(689)
4420 + j*(1077)
4391 + j*(1506)
4287 + j*(1985)
4119 + j*(2500)
3891 + j*(3053)
3612 + j*(3632)
3285 + j*(4229)
2931 + j*(4830)
2539 + j*(5434)
2145 + j*(6011)
1727 + j*(6574)
1320 + j*(7080)
917 + j*(7545)
525 + j*(7930)
160 + j*(8249)
-188 + j*(8470)
-502 + j*(8594)
-789 + j*(8620)
-1042 + j*(8518)
-1264 + j*(8320)
-1458 + j*(7990)
-1620 + j*(7554)
-1760 + j*(7001)
-1879 + j*(6342)
-1977 + j*(5587)
-2065 + j*(4744)
-2145 + j*(3819)
-2218 + j*(2844)
-2293 + j*(1808)
-2373 + j*(755)
-2456 + j*(-319)
-2552 + j*(-1383)
-2659 + j*(-2428)
-2775 + j*(-3429)
-2911 + j*(-4377)
-3047 + j*(-5250)
-3205 + j*(-6037)
-3362 + j*(-6730)
-3533 + j*(-7306)
-3698 + j*(-7777)
-3867 + j*(-8113)
-4026 + j*(-8335)
-4182 + j*(-8424)
-4316 + j*(-8389)
-4442 + j*(-8237)
-4536 + j*(-7967)
-4617 + j*(-7595)
-4663 + j*(-7128)
-4684 + j*(-6574)
-4675 + j*(-5954)
-4632 + j*(-5274)
-4560 + j*(-4556)
-4457 + j*(-3807)
-4321 + j*(-3048)
-4159 + j*(-2292)
-3971 + j*(-1547)
-3750 + j*(-839)
-3521 + j*(-159)
-3254 + j*(457)
-2983 + j*(1030)
-2689 + j*(1521)
-2382 + j*(1955)
-2065 + j*(2306)
-1733 + j*(2582)
-1392 + j*(2784)
-1044 + j*(2904)
-682 + j*(2957)
-315 + j*(2935)
68 + j*(2847)
454 + j*(2706)
861 + j*(2500)
1267 + j*(2255)
1700 + j*(1961)
2128 + j*(1639)
2584 + j*(1284)
3039 + j*(913)
3506 + j*(519)
3982 + j*(123)
4453 + j*(-281)
4935 + j*(-684)
5394 + j*(-1082)
5857 + j*(-1467)
6283 + j*(-1846)
6698 + j*(-2200)
7066 + j*(-2542)
7399 + j*(-2853)
7671 + j*(-3147)
7894 + j*(-3404)
8035 + j*(-3637)
8114 + j*(-3829)
8098 + j*(-3991)
8002 + j*(-4105)
7808 + j*(-4184)
7523 + j*(-4213)
7138 + j*(-4195)
6658 + j*(-4126)
6088 + j*(-4004)
5425 + j*(-3827)
4685 + j*(-3598)
3872 + j*(-3305)
2994 + j*(-2968)
2071 + j*(-2561)
1108 + j*(-2118)
128 + j*(-1613)
-857 + j*(-1074)
-1832 + j*(-488)
-2776 + j*(122)
-3674 + j*(763)
-4514 + j*(1411)
-5273 + j*(2072)
-5945 + j*(2719)
-6515 + j*(3357)
-6966 + j*(3959)
-7306 + j*(4530)
-7512 + j*(5042)
-7598 + j*(5496)
-7548 + j*(5881)
-7376 + j*(6179)
-7084 + j*(6397)
-6675 + j*(6515)
-6175 + j*(6539)
-5572 + j*(6461)
-4906 + j*(6287)
-4171 + j*(6009)
-3402 + j*(5645)
-2599 + j*(5190)
-1797 + j*(4658)
-999 + j*(4058)
-231 + j*(3406)
496 + j*(2704)
1167 + j*(1987)
1768 + j*(1247)
2291 + j*(519)
2726 + j*(-193)
3073 + j*(-866)
3319 + j*(-1492)
3477 + j*(-2054)
3538 + j*(-2536)
3514 + j*(-2941)
3408 + j*(-3242)
3235 + j*(-3455)
2995 + j*(-3558)
2717 + j*(-3569)
2394 + j*(-3470)
2057 + j*(-3288)
1709 + j*(-3013)
1366 + j*(-2666)
1044 + j*(-2256)
748 + j*(-1793)
492 + j*(-1299)
286 + j*(-782)
131 + j*(-271)
33 + j*(237)
-3 + j*(702)
16 + j*(1130)
94 + j*(1493)
219 + j*(1788)
393 + j*(1998)
593 + j*(2123)
833 + j*(2146)
1069 + j*(2084)
1328 + j*(1916)
1558 + j*(1664)
1783 + j*(1325)
1967 + j*(907)
2110 + j*(429)
2205 + j*(-102)
2235 + j*(-669)
2207 + j*(-1253)
2106 + j*(-1839)
1938 + j*(-2411)
1702 + j*(-2945)
1401 + j*(-3433)
1037 + j*(-3851)
627 + j*(-4193)
167 + j*(-4439)
-318 + j*(-4587)
-829 + j*(-4624)
-1341 + j*(-4548)
-1852 + j*(-4364)
-2336 + j*(-4059)
-2794 + j*(-3656)
-3198 + j*(-3151)
-3550 + j*(-2555)
-3834 + j*(-1894)
-4036 + j*(-1158)
-4163 + j*(-396)
-4200 + j*(408)
-4149 + j*(1207)
-4019 + j*(1999)
-3792 + j*(2763)
-3501 + j*(3472)
-3128 + j*(4129)
-2707 + j*(4695)
-2226 + j*(5180)
-1717 + j*(5557)
-1181 + j*(5832)
-638 + j*(5990)
-106 + j*(6039)
412 + j*(5972)
893 + j*(5798)
1323 + j*(5523)
1706 + j*(5156)
2007 + j*(4709)
2249 + j*(4200)
2400 + j*(3633)
2477 + j*(3038)
2466 + j*(2417)
2380 + j*(1797)
2210 + j*(1189)
1983 + j*(610)
1683 + j*(72)
1341 + j*(-411)
958 + j*(-833)
547 + j*(-1181)
126 + j*(-1457)
-297 + j*(-1646)
-704 + j*(-1767)
-1087 + j*(-1801)
-1429 + j*(-1773)
-1725 + j*(-1675)
-1964 + j*(-1523)
-2136 + j*(-1328)
-2241 + j*(-1102)
-2280 + j*(-852)
-2236 + j*(-604)
-2137 + j*(-352)
-1959 + j*(-132)
-1729 + j*(64)
-1451 + j*(213)
-1121 + j*(310)
-777 + j*(349)
-395 + j*(320)
-27 + j*(226)
353 + j*(59)
699 + j*(-172)
1022 + j*(-471)
1303 + j*(-819)
1529 + j*(-1228)
1699 + j*(-1663)
1803 + j*(-2139)
1835 + j*(-2617)
1798 + j*(-3109)
1686 + j*(-3577)
1507 + j*(-4031)
1260 + j*(-4439)
957 + j*(-4795)
600 + j*(-5095)
202 + j*(-5311)
-224 + j*(-5458)
-672 + j*(-5511)
-1123 + j*(-5474)
-1571 + j*(-5351)
-1997 + j*(-5125)
-2395 + j*(-4822)
-2748 + j*(-4427)
-3049 + j*(-3961)
-3292 + j*(-3426)
-3458 + j*(-2835)
-3562 + j*(-2199)
-3577 + j*(-1534)
-3520 + j*(-847)
-3381 + j*(-164)
-3165 + j*(521)
-2881 + j*(1164)
-2527 + j*(1790)
-2113 + j*(2354)
-1656 + j*(2863)
-1145 + j*(3307)
-623 + j*(3670)
-60 + j*(3958)
489 + j*(4159)
1055 + j*(4275)
1591 + j*(4305)
2115 + j*(4252)
2603 + j*(4120)
3048 + j*(3914)
3454 + j*(3639)
3799 + j*(3309)
4096 + j*(2921)
4331 + j*(2498)
4508 + j*(2040)
4625 + j*(1562)
4686 + j*(1071)
4692 + j*(581)
4646 + j*(94)
4553 + j*(-374)
4423 + j*(-818)
4250 + j*(-1239)
4051 + j*(-1613)
3826 + j*(-1954)
3579 + j*(-2246)
3320 + j*(-2491)
3051 + j*(-2689)
2772 + j*(-2830)
2498 + j*(-2926)
2218 + j*(-2966)
1945 + j*(-2959)
1672 + j*(-2902)
1412 + j*(-2798)
1146 + j*(-2648)
901 + j*(-2459)
647 + j*(-2226)
411 + j*(-1960)
171 + j*(-1656)
-56 + j*(-1324)
-287 + j*(-958)
-505 + j*(-572)
-725 + j*(-159)
-932 + j*(269)
-1136 + j*(715)
-1330 + j*(1173)
-1513 + j*(1637)
-1683 + j*(2105)
-1833 + j*(2567)
-1967 + j*(3029)
-2077 + j*(3470)
-2162 + j*(3896)
-2220 + j*(4297)
-2244 + j*(4662)
-2238 + j*(4992)
-2198 + j*(5276)
-2120 + j*(5505)
-2012 + j*(5680)
-1867 + j*(5787)
-1694 + j*(5830)
-1492 + j*(5796)
-1263 + j*(5689)
-1019 + j*(5500)
-759 + j*(5237)
-491 + j*(4891)
-226 + j*(4473)
35 + j*(3979)
278 + j*(3418)
504 + j*(2804)
696 + j*(2125)
856 + j*(1419)
975 + j*(666)
1045 + j*(-92)
1070 + j*(-867)
1038 + j*(-1632)
956 + j*(-2376)
821 + j*(-3091)
633 + j*(-3753)
402 + j*(-4363)
124 + j*(-4899)
-186 + j*(-5354)
-524 + j*(-5725)
-882 + j*(-5993)
-1249 + j*(-6167)
-1618 + j*(-6233)
-1973 + j*(-6194)
-2307 + j*(-6060)
-2610 + j*(-5812)
-2871 + j*(-5486)
-3082 + j*(-5062)
-3235 + j*(-4569)
-3324 + j*(-4007)
-3343 + j*(-3395)
-3295 + j*(-2740)
-3167 + j*(-2065)
-2976 + j*(-1371)
-2707 + j*(-687)
-2385 + j*(-16)
-1995 + j*(621)
-1565 + j*(1220)
-1088 + j*(1765)
-590 + j*(2249)
-71 + j*(2661)
450 + j*(3003)
961 + j*(3268)
1451 + j*(3449)
1907 + j*(3566)
2313 + j*(3592)
2670 + j*(3568)
2953 + j*(3466)
3170 + j*(3323)
3302 + j*(3127)
3355 + j*(2901)
3323 + j*(2647)
3203 + j*(2388)
3013 + j*(2116)
2728 + j*(1859)
2397 + j*(1614)
1981 + j*(1398)
1534 + j*(1208)
1034 + j*(1059)
512 + j*(946)
-22 + j*(873)
-567 + j*(844)
-1089 + j*(850)
-1594 + j*(889)
-2061 + j*(964)
-2477 + j*(1049)
-2842 + j*(1159)
-3139 + j*(1262)
-3366 + j*(1368)
-3517 + j*(1453)
-3595 + j*(1520)
-3588 + j*(1542)
-3513 + j*(1532)
-3358 + j*(1462)
-3142 + j*(1341)
-2865 + j*(1159)
-2535 + j*(909)
-2167 + j*(599)
-1759 + j*(223)
-1340 + j*(-213)
-904 + j*(-700)
-473 + j*(-1242)
-50 + j*(-1815)
349 + j*(-2420)
723 + j*(-3041)
1052 + j*(-3663)
1347 + j*(-4278)
1586 + j*(-4870)
1779 + j*(-5421)
1912 + j*(-5928)
2002 + j*(-6363)
2029 + j*(-6736)
2020 + j*(-7014)
1954 + j*(-7212)
1857 + j*(-7301)
1726 + j*(-7297)
1564 + j*(-7184)
1390 + j*(-6971)
1197 + j*(-6658)
1006 + j*(-6246)
813 + j*(-5750)
631 + j*(-5171)
463 + j*(-4526)
315 + j*(-3825)
190 + j*(-3076)
88 + j*(-2303)
21 + j*(-1509)
-27 + j*(-719)
-40 + j*(63)
-30 + j*(811)
0 + j*(1530)
60 + j*(2187)
122 + j*(2795)
211 + j*(3324)
295 + j*(3785)
390 + j*(4162)
478 + j*(4456)
565 + j*(4671)
639 + j*(4797)
704 + j*(4855)
752 + j*(4822)
788 + j*(4741)
807 + j*(4576)
809 + j*(4379)
800 + j*(4124)
779 + j*(3840)
746 + j*(3534)
715 + j*(3205)
676 + j*(2877)
645 + j*(2550)
621 + j*(2229)
606 + j*(1933)
615 + j*(1652)
635 + j*(1412)
687 + j*(1186)
757 + j*(1012)
861 + j*(858)
984 + j*(750)
1142 + j*(671)
1316 + j*(622)
1519 + j*(605)
1734 + j*(613)
1966 + j*(639)
2201 + j*(684)
