rxdataF_oai = [15507 + j*(4465)
-13531 + j*(-6064)
12468 + j*(2190)
13853 + j*(3572)
15500 + j*(3399)
15633 + j*(2707)
-13309 + j*(-2754)
12678 + j*(4257)
-16297 + j*(-1246)
14112 + j*(326)
-15376 + j*(-539)
-14048 + j*(-2575)
14113 + j*(-3803)
13879 + j*(-68)
15672 + j*(-4752)
-14888 + j*(6487)
12816 + j*(-1497)
13412 + j*(-3084)
16093 + j*(-4901)
5850 + j*(-8759)
-14949 + j*(-2916)
-15441 + j*(6803)
14416 + j*(-4943)
15474 + j*(-4120)
9756 + j*(1843)
-15429 + j*(-98)
-13823 + j*(6421)
15592 + j*(3712)
-15952 + j*(-4310)
-15853 + j*(-3308)
14161 + j*(-3958)
-15846 + j*(-196)
15475 + j*(-6076)
-15086 + j*(5717)
-16067 + j*(6445)
15846 + j*(3804)
12788 + j*(-4199)
-12619 + j*(4471)
-15163 + j*(-3592)
15344 + j*(3703)
-11679 + j*(609)
-12763 + j*(876)
-13231 + j*(4024)
16358 + j*(4555)
-14796 + j*(-2795)
13944 + j*(-5801)
-15067 + j*(6054)
-14785 + j*(-1083)
-12706 + j*(525)
12877 + j*(-7873)
-15660 + j*(4149)
9631 + j*(-3817)
-12264 + j*(3638)
15752 + j*(-7341)
16156 + j*(4088)
-14390 + j*(2109)
11724 + j*(37)
-11110 + j*(-3043)
-14529 + j*(1583)
13998 + j*(3850)
-13459 + j*(-4710)
-14624 + j*(-2136)
-15395 + j*(-4499)
793 + j*(1830)
3908 + j*(2332)
2258 + j*(1786)
1196 + j*(1028)
3211 + j*(925)
3849 + j*(2499)
5040 + j*(1087)
1947 + j*(-1028)
3366 + j*(-875)
-9027 + j*(9793)
-2933 + j*(12540)
2895 + j*(-12118)
-13324 + j*(-6099)
-7128 + j*(14031)
15738 + j*(8708)
6818 + j*(-12890)
12076 + j*(9153)
6274 + j*(-10180)
-13203 + j*(-11432)
-10089 + j*(12041)
9169 + j*(738)
10415 + j*(-11062)
11084 + j*(-12444)
-9539 + j*(13698)
-14957 + j*(-6121)
2999 + j*(-14537)
-8335 + j*(15099)
10051 + j*(8718)
14531 + j*(7587)
-12113 + j*(13457)
11792 + j*(-13505)
13353 + j*(4684)
-14121 + j*(7881)
15322 + j*(7528)
15305 + j*(7806)
15186 + j*(7428)
7051 + j*(15294)
-7692 + j*(9509)
-14343 + j*(-6412)
14147 + j*(11548)
-15100 + j*(-11109)
-6249 + j*(10444)
9521 + j*(6114)
-16275 + j*(3243)
11537 + j*(-14335)
11393 + j*(7636)
12044 + j*(-12842)
-11238 + j*(12358)
8670 + j*(-12149)
-14195 + j*(-13570)
-11044 + j*(-8936)
-14441 + j*(-7641)
-2952 + j*(6273)
-8423 + j*(-7420)
-12126 + j*(-11465)
-12949 + j*(-10351)
13709 + j*(6505)
-8642 + j*(849)
-3551 + j*(1102)
975 + j*(-2267)
-1913 + j*(-1286)
-1014 + j*(-344)
1595 + j*(-595)
-554 + j*(-1531)
-1640 + j*(-581)
987 + j*(2340)
-1032 + j*(-1211)
3161 + j*(628)
1137 + j*(662)
-253 + j*(1487)
2167 + j*(2071)
-1575 + j*(123)
1429 + j*(-1481)
6381 + j*(3158)
-6914 + j*(919)
6478 + j*(-1132)
-248 + j*(235)
-2413 + j*(228)
187 + j*(1698)
38 + j*(-538)
-682 + j*(2106)
1902 + j*(2772)
-1992 + j*(-1423)
168 + j*(-301)
7024 + j*(-2642)
2296 + j*(-2203)
-1566 + j*(-549)
2609 + j*(-1465)
1506 + j*(-3473)
-7459 + j*(-1846)
-2675 + j*(2372)
1449 + j*(120)
-330 + j*(2840)
-1141 + j*(-2469)
-1937 + j*(-2496)
1707 + j*(155)
1864 + j*(1264)
1188 + j*(-3688)
-809 + j*(3549)
-1806 + j*(4035)
-1325 + j*(-37)
1923 + j*(-184)
-732 + j*(4061)
590 + j*(913)
-143 + j*(-1030)
2649 + j*(-4484)
-296 + j*(1973)
-518 + j*(55)
-529 + j*(1690)
740 + j*(-1674)
1339 + j*(181)
-1275 + j*(814)
785 + j*(-5214)
-1310 + j*(156)
-4868 + j*(-3194)
1725 + j*(2061)
6830 + j*(-172)
2030 + j*(3822)
941 + j*(-616)
-1473 + j*(1227)
-713 + j*(3913)
-5653 + j*(-2748)
785 + j*(166)
-2533 + j*(3437)
153 + j*(-7)
381 + j*(-285)
-20 + j*(-615)
1109 + j*(1271)
1183 + j*(-613)
-544 + j*(660)
378 + j*(590)
742 + j*(-830)
347 + j*(-592)
-479 + j*(-1030)
8 + j*(914)
964 + j*(-382)
278 + j*(-380)
-532 + j*(-155)
169 + j*(-181)
-1016 + j*(1689)
-1293 + j*(442)
-935 + j*(3070)
17 + j*(-718)
-1068 + j*(-2701)
1441 + j*(660)
2184 + j*(56)
-172 + j*(481)
-2134 + j*(-2193)
7398 + j*(4963)
-1646 + j*(3720)
-585 + j*(-1205)
12 + j*(3563)
-2398 + j*(1816)
-4483 + j*(-4940)
545 + j*(-1815)
-3319 + j*(-4877)
1518 + j*(-1877)
-478 + j*(-662)
2614 + j*(1010)
-840 + j*(3896)
-882 + j*(1128)
961 + j*(-927)
648 + j*(-796)
1079 + j*(-519)
2084 + j*(-519)
1328 + j*(3697)
-1510 + j*(636)
1003 + j*(337)
-578 + j*(-933)
-1392 + j*(-2299)
-985 + j*(1857)
-2377 + j*(-515)
312 + j*(901)
162 + j*(3854)
-1756 + j*(-513)
1604 + j*(2317)
295 + j*(2601)
-287 + j*(-618)
1697 + j*(1533)
557 + j*(-648)
-1680 + j*(4957)
2004 + j*(2097)
-3209 + j*(-1177)
-3673 + j*(-1263)
2154 + j*(-1767)
-3486 + j*(-4033)
-539 + j*(776)
2362 + j*(-1705)
1146 + j*(-135)
556 + j*(-665)
756 + j*(150)
-427 + j*(1192)
-241 + j*(846)
-329 + j*(-424)
-51 + j*(-405)
-250 + j*(451)
540 + j*(-502)
668 + j*(-1368)
-261 + j*(-235)
266 + j*(373)
360 + j*(-663)
585 + j*(-1278)
-344 + j*(1377)
1244 + j*(-597)
-2227 + j*(738)
88 + j*(-674)
528 + j*(86)
616 + j*(-870)
701 + j*(-2515)
821 + j*(-1551)
902 + j*(471)
874 + j*(-1144)
279 + j*(1871)
-908 + j*(-3)
2226 + j*(296)
-226 + j*(-807)
376 + j*(779)
-2822 + j*(-2928)
-255 + j*(984)
2589 + j*(3353)
-745 + j*(-492)
2088 + j*(1401)
794 + j*(1229)
-219 + j*(1037)
-1571 + j*(-193)
752 + j*(184)
-230 + j*(187)
-295 + j*(279)
-630 + j*(281)
-303 + j*(-1037)
604 + j*(-343)
-559 + j*(1933)
378 + j*(-1252)
933 + j*(-773)
605 + j*(502)
1056 + j*(118)
-2162 + j*(-1732)
-887 + j*(1165)
-830 + j*(924)
947 + j*(539)
-195 + j*(-656)
917 + j*(-576)
64 + j*(-30)
1012 + j*(1122)
-1233 + j*(786)
-129 + j*(-310)
893 + j*(1302)
-867 + j*(-1159)
19 + j*(-411)
-1718 + j*(-3466)
384 + j*(-62)
-1928 + j*(958)
82 + j*(-65)
488 + j*(-326)
-787 + j*(131)
-83 + j*(-66)
-246 + j*(-400)
74 + j*(-250)
-226 + j*(385)
84 + j*(63)
456 + j*(180)
649 + j*(34)
107 + j*(-221)
-560 + j*(279)
-202 + j*(-650)
271 + j*(-789)
906 + j*(642)
453 + j*(-1171)
-1 + j*(-783)
283 + j*(-426)
392 + j*(-50)
168 + j*(-936)
465 + j*(1355)
-409 + j*(1276)
-410 + j*(-324)
-1209 + j*(-1224)
693 + j*(197)
-36 + j*(-209)
-402 + j*(779)
76 + j*(-137)
-549 + j*(361)
-1190 + j*(-2812)
-267 + j*(127)
-224 + j*(-1486)
335 + j*(-324)
234 + j*(-343)
84 + j*(-17)
-322 + j*(668)
260 + j*(-784)
-101 + j*(23)
-315 + j*(-223)
147 + j*(-126)
620 + j*(-274)
181 + j*(648)
136 + j*(477)
82 + j*(213)
-10 + j*(-79)
1429 + j*(332)
-493 + j*(-389)
85 + j*(-886)
-121 + j*(-194)
-108 + j*(358)
-265 + j*(-441)
167 + j*(-8)
-381 + j*(5)
-544 + j*(199)
-394 + j*(-594)
629 + j*(1257)
729 + j*(974)
1131 + j*(-473)
18 + j*(-198)
-25 + j*(320)
554 + j*(-601)
-228 + j*(-2656)
-241 + j*(307)
462 + j*(-127)
103 + j*(152)
57 + j*(351)
-145 + j*(206)
-55 + j*(-29)
157 + j*(23)
-71 + j*(117)
299 + j*(-237)
-127 + j*(-10)
235 + j*(234)
107 + j*(-143)
49 + j*(156)
-72 + j*(-307)
246 + j*(-54)
132 + j*(512)
32 + j*(-599)
-478 + j*(389)
-27 + j*(336)
92 + j*(-30)
438 + j*(-589)
-321 + j*(58)
-787 + j*(-542)
241 + j*(-278)
442 + j*(-86)
-488 + j*(-1207)
720 + j*(2410)
-233 + j*(859)
593 + j*(-161)
105 + j*(449)
-173 + j*(-171)
-31 + j*(-2251)
209 + j*(-157)
970 + j*(900)
-97 + j*(15)
169 + j*(-389)
194 + j*(267)
-643 + j*(-215)
-101 + j*(332)
352 + j*(365)
-181 + j*(66)
117 + j*(-60)
-198 + j*(-143)
-723 + j*(-12)
63 + j*(133)
-86 + j*(273)
-91 + j*(-721)
279 + j*(-346)
613 + j*(817)
-687 + j*(-273)
-144 + j*(311)
-601 + j*(116)
-523 + j*(-41)
24 + j*(-535)
360 + j*(124)
-736 + j*(-104)
42 + j*(339)
606 + j*(1615)
-1645 + j*(2640)
662 + j*(-22)
181 + j*(-32)
-65 + j*(137)
-62 + j*(84)
545 + j*(-1953)
-272 + j*(298)
-990 + j*(-39)
72 + j*(-20)
-161 + j*(295)
290 + j*(-223)
-313 + j*(-168)
20 + j*(7)
-215 + j*(60)
-92 + j*(70)
111 + j*(-33)
45 + j*(56)
202 + j*(69)
-93 + j*(111)
247 + j*(-149)
484 + j*(-283)
-112 + j*(691)
-240 + j*(57)
237 + j*(66)
312 + j*(190)
324 + j*(-100)
74 + j*(-143)
-254 + j*(-152)
-220 + j*(276)
8 + j*(-126)
-114 + j*(190)
-664 + j*(-1743)
-2596 + j*(932)
-80 + j*(202)
414 + j*(4)
-280 + j*(-43)
-513 + j*(-125)
-85 + j*(-1312)
197 + j*(403)
921 + j*(247)
125 + j*(-195)
129 + j*(-40)
4 + j*(-260)
-15 + j*(50)
19 + j*(112)
-256 + j*(141)
-369 + j*(64)
-208 + j*(-14)
-260 + j*(204)
264 + j*(86)
2 + j*(-183)
538 + j*(437)
-420 + j*(-229)
175 + j*(-472)
190 + j*(-223)
461 + j*(-247)
-152 + j*(144)
126 + j*(41)
-233 + j*(-58)
-299 + j*(240)
-354 + j*(-53)
-388 + j*(158)
170 + j*(132)
519 + j*(1634)
-2321 + j*(-506)
-117 + j*(65)
-227 + j*(125)
513 + j*(-94)
214 + j*(282)
