rxdata = [5246 + j*(3798)
5511 + j*(4079)
5688 + j*(4384)
5758 + j*(4720)
5713 + j*(5052)
5546 + j*(5369)
5268 + j*(5643)
4874 + j*(5863)
4389 + j*(6006)
3815 + j*(6061)
3183 + j*(6022)
2506 + j*(5878)
1814 + j*(5637)
1126 + j*(5293)
463 + j*(4867)
-146 + j*(4357)
-691 + j*(3800)
-1153 + j*(3192)
-1514 + j*(2569)
-1774 + j*(1953)
-1923 + j*(1352)
-1957 + j*(809)
-1886 + j*(319)
-1711 + j*(-81)
-1439 + j*(-394)
-1088 + j*(-590)
-665 + j*(-686)
-187 + j*(-656)
329 + j*(-520)
866 + j*(-274)
1417 + j*(73)
1947 + j*(505)
2465 + j*(1009)
2936 + j*(1569)
3362 + j*(2159)
3725 + j*(2768)
4020 + j*(3362)
4234 + j*(3933)
4374 + j*(4445)
4422 + j*(4889)
4395 + j*(5240)
4279 + j*(5480)
4094 + j*(5601)
3832 + j*(5588)
3518 + j*(5431)
3143 + j*(5139)
2745 + j*(4697)
2308 + j*(4128)
1875 + j*(3427)
1437 + j*(2627)
1023 + j*(1730)
634 + j*(779)
295 + j*(-216)
-2 + j*(-1207)
-232 + j*(-2179)
-412 + j*(-3084)
-530 + j*(-3898)
-595 + j*(-4591)
-615 + j*(-5125)
-603 + j*(-5490)
-569 + j*(-5654)
-541 + j*(-5615)
-523 + j*(-5362)
-544 + j*(-4904)
-624 + j*(-4235)
-770 + j*(-3403)
-1010 + j*(-2394)
-1340 + j*(-1280)
-1781 + j*(-66)
-2321 + j*(1185)
-2961 + j*(2440)
-3692 + j*(3649)
-4486 + j*(4769)
-5334 + j*(5764)
-6198 + j*(6583)
-7051 + j*(7220)
-7862 + j*(7622)
-8588 + j*(7807)
-9207 + j*(7742)
-9677 + j*(7450)
-9976 + j*(6937)
-10084 + j*(6228)
-9977 + j*(5352)
-9662 + j*(4342)
-9128 + j*(3248)
-8390 + j*(2094)
-7470 + j*(949)
-6384 + j*(-174)
-5181 + j*(-1215)
-3884 + j*(-2152)
-2546 + j*(-2962)
-1212 + j*(-3616)
87 + j*(-4123)
1283 + j*(-4461)
2373 + j*(-4662)
3283 + j*(-4718)
4037 + j*(-4677)
4568 + j*(-4542)
4915 + j*(-4370)
5053 + j*(-4170)
5002 + j*(-3997)
4795 + j*(-3864)
4442 + j*(-3810)
3993 + j*(-3846)
3481 + j*(-3997)
2950 + j*(-4255)
2439 + j*(-4636)
1992 + j*(-5114)
1632 + j*(-5683)
1404 + j*(-6313)
1313 + j*(-6980)
1380 + j*(-7649)
1609 + j*(-8290)
1982 + j*(-8866)
2503 + j*(-9347)
3125 + j*(-9710)
3834 + j*(-9923)
4591 + j*(-9988)
5348 + j*(-9877)
6084 + j*(-9604)
6736 + j*(-9180)
7294 + j*(-8602)
7702 + j*(-7919)
7960 + j*(-7132)
8032 + j*(-6293)
7924 + j*(-5426)
7628 + j*(-4560)
7162 + j*(-3740)
6542 + j*(-2983)
5788 + j*(-2317)
4944 + j*(-1767)
4028 + j*(-1322)
3097 + j*(-1019)
2172 + j*(-815)
1296 + j*(-739)
508 + j*(-734)
-183 + j*(-817)
-735 + j*(-927)
-1148 + j*(-1060)
-1418 + j*(-1173)
-1533 + j*(-1249)
-1519 + j*(-1254)
-1385 + j*(-1176)
-1143 + j*(-994)
-848 + j*(-705)
-491 + j*(-302)
-132 + j*(203)
212 + j*(806)
523 + j*(1486)
756 + j*(2212)
916 + j*(2977)
976 + j*(3733)
931 + j*(4463)
791 + j*(5137)
547 + j*(5725)
225 + j*(6212)
-172 + j*(6578)
-615 + j*(6813)
-1087 + j*(6908)
-1570 + j*(6875)
-2031 + j*(6708)
-2460 + j*(6436)
-2841 + j*(6060)
-3148 + j*(5619)
-3394 + j*(5121)
-3549 + j*(4605)
-3644 + j*(4086)
-3655 + j*(3591)
-3618 + j*(3143)
-3531 + j*(2755)
-3413 + j*(2439)
-3290 + j*(2208)
-3168 + j*(2057)
-3074 + j*(1986)
-3019 + j*(1992)
-3017 + j*(2056)
-3074 + j*(2166)
-3205 + j*(2311)
-3397 + j*(2461)
-3662 + j*(2612)
-3978 + j*(2737)
-4350 + j*(2824)
-4747 + j*(2862)
-5170 + j*(2839)
-5584 + j*(2752)
-5988 + j*(2601)
-6347 + j*(2380)
-6661 + j*(2107)
-6900 + j*(1776)
-7062 + j*(1412)
-7133 + j*(1016)
-7108 + j*(610)
-6981 + j*(195)
-6760 + j*(-202)
-6436 + j*(-585)
-6026 + j*(-932)
-5532 + j*(-1243)
-4959 + j*(-1521)
-4330 + j*(-1746)
-3644 + j*(-1947)
-2914 + j*(-2099)
-2155 + j*(-2229)
-1374 + j*(-2336)
-575 + j*(-2426)
218 + j*(-2514)
1022 + j*(-2605)
1810 + j*(-2704)
2585 + j*(-2822)
3344 + j*(-2958)
4072 + j*(-3120)
4776 + j*(-3305)
5444 + j*(-3514)
6064 + j*(-3739)
6643 + j*(-3981)
7160 + j*(-4224)
7615 + j*(-4474)
7998 + j*(-4707)
8293 + j*(-4926)
8508 + j*(-5118)
8613 + j*(-5271)
8625 + j*(-5385)
8515 + j*(-5450)
8301 + j*(-5458)
7964 + j*(-5415)
7517 + j*(-5306)
6956 + j*(-5143)
6293 + j*(-4919)
5529 + j*(-4641)
4688 + j*(-4307)
3766 + j*(-3934)
2800 + j*(-3507)
1784 + j*(-3056)
757 + j*(-2570)
-277 + j*(-2065)
-1289 + j*(-1550)
-2269 + j*(-1027)
-3196 + j*(-510)
-4051 + j*(-8)
-4831 + j*(475)
-5508 + j*(926)
-6089 + j*(1333)
-6556 + j*(1700)
-6914 + j*(1999)
-7149 + j*(2244)
-7283 + j*(2408)
-7292 + j*(2502)
-7212 + j*(2506)
-7025 + j*(2431)
-6761 + j*(2255)
-6418 + j*(2007)
-6015 + j*(1653)
-5568 + j*(1226)
-5081 + j*(715)
-4587 + j*(126)
-4079 + j*(-518)
-3591 + j*(-1227)
-3123 + j*(-1976)
-2697 + j*(-2759)
-2317 + j*(-3562)
-1997 + j*(-4373)
-1748 + j*(-5176)
-1564 + j*(-5969)
-1467 + j*(-6724)
-1436 + j*(-7448)
-1485 + j*(-8118)
-1604 + j*(-8729)
-1780 + j*(-9278)
-2013 + j*(-9751)
-2282 + j*(-10147)
-2576 + j*(-10464)
-2884 + j*(-10688)
-3182 + j*(-10827)
-3463 + j*(-10870)
-3703 + j*(-10815)
-3894 + j*(-10670)
-4021 + j*(-10412)
-4077 + j*(-10070)
-4054 + j*(-9607)
-3951 + j*(-9059)
-3769 + j*(-8400)
-3513 + j*(-7651)
-3192 + j*(-6810)
-2820 + j*(-5881)
-2407 + j*(-4883)
-1983 + j*(-3819)
-1551 + j*(-2712)
-1149 + j*(-1576)
-779 + j*(-428)
-476 + j*(698)
-239 + j*(1798)
-97 + j*(2821)
-42 + j*(3771)
-90 + j*(4594)
-232 + j*(5299)
-466 + j*(5838)
-775 + j*(6218)
-1144 + j*(6410)
-1553 + j*(6424)
-1974 + j*(6245)
-2388 + j*(5895)
-2761 + j*(5370)
-3066 + j*(4701)
-3287 + j*(3907)
-3388 + j*(3018)
-3368 + j*(2063)
-3199 + j*(1084)
-2886 + j*(112)
-2427 + j*(-814)
-1822 + j*(-1658)
-1105 + j*(-2394)
-264 + j*(-2987)
634 + j*(-3420)
1601 + j*(-3677)
2568 + j*(-3751)
3523 + j*(-3639)
4417 + j*(-3354)
5221 + j*(-2906)
5902 + j*(-2319)
6437 + j*(-1621)
6796 + j*(-845)
6973 + j*(-25)
6952 + j*(796)
6739 + j*(1592)
6336 + j*(2313)
5764 + j*(2936)
5037 + j*(3429)
4189 + j*(3765)
3251 + j*(3943)
2249 + j*(3929)
1242 + j*(3753)
239 + j*(3389)
-700 + j*(2876)
-1552 + j*(2220)
-2287 + j*(1450)
-2880 + j*(599)
-3303 + j*(-312)
-3567 + j*(-1233)
-3633 + j*(-2142)
-3537 + j*(-3007)
-3258 + j*(-3784)
-2836 + j*(-4472)
-2266 + j*(-5025)
-1592 + j*(-5442)
-829 + j*(-5719)
-12 + j*(-5832)
832 + j*(-5809)
1669 + j*(-5643)
2478 + j*(-5354)
3216 + j*(-4962)
3885 + j*(-4484)
4439 + j*(-3947)
4879 + j*(-3381)
5192 + j*(-2798)
5358 + j*(-2240)
5400 + j*(-1711)
5296 + j*(-1244)
5062 + j*(-850)
4716 + j*(-538)
4250 + j*(-318)
3702 + j*(-192)
3069 + j*(-157)
2381 + j*(-212)
1646 + j*(-339)
894 + j*(-534)
123 + j*(-774)
-630 + j*(-1046)
-1368 + j*(-1332)
-2069 + j*(-1610)
-2722 + j*(-1864)
-3331 + j*(-2081)
-3865 + j*(-2234)
-4348 + j*(-2326)
-4753 + j*(-2337)
-5093 + j*(-2263)
-5370 + j*(-2103)
-5569 + j*(-1856)
-5722 + j*(-1527)
-5801 + j*(-1125)
-5842 + j*(-661)
-5825 + j*(-145)
-5772 + j*(396)
-5683 + j*(958)
-5564 + j*(1504)
-5418 + j*(2034)
-5255 + j*(2505)
-5070 + j*(2922)
-4874 + j*(3243)
-4657 + j*(3476)
-4435 + j*(3585)
-4189 + j*(3585)
-3938 + j*(3450)
-3659 + j*(3193)
-3369 + j*(2812)
-3049 + j*(2313)
-2715 + j*(1713)
-2348 + j*(1025)
-1967 + j*(271)
-1550 + j*(-533)
-1129 + j*(-1354)
-678 + j*(-2176)
-229 + j*(-2962)
230 + j*(-3701)
677 + j*(-4358)
1107 + j*(-4921)
1510 + j*(-5371)
1876 + j*(-5688)
2183 + j*(-5881)
2442 + j*(-5925)
2617 + j*(-5846)
2730 + j*(-5631)
2755 + j*(-5300)
2699 + j*(-4876)
2566 + j*(-4360)
2351 + j*(-3795)
2076 + j*(-3185)
1740 + j*(-2567)
1362 + j*(-1953)
957 + j*(-1372)
541 + j*(-834)
131 + j*(-366)
-255 + j*(42)
-601 + j*(359)
-899 + j*(609)
-1126 + j*(775)
-1290 + j*(873)
-1377 + j*(916)
-1392 + j*(910)
-1349 + j*(878)
-1238 + j*(828)
-1100 + j*(784)
-927 + j*(746)
-759 + j*(749)
-604 + j*(770)
-488 + j*(851)
-429 + j*(956)
-450 + j*(1114)
-554 + j*(1296)
-769 + j*(1503)
-1074 + j*(1719)
-1501 + j*(1927)
-2005 + j*(2111)
-2609 + j*(2262)
-3268 + j*(2349)
-3974 + j*(2382)
-4696 + j*(2327)
-5401 + j*(2202)
-6065 + j*(1986)
-6652 + j*(1699)
-7139 + j*(1339)
-7499 + j*(928)
-7711 + j*(476)
-7766 + j*(15)
-7651 + j*(-445)
-7374 + j*(-868)
-6935 + j*(-1234)
-6358 + j*(-1522)
-5658 + j*(-1708)
-4871 + j*(-1779)
-4022 + j*(-1721)
-3155 + j*(-1532)
-2301 + j*(-1208)
-1501 + j*(-761)
-793 + j*(-196)
-199 + j*(460)
238 + j*(1193)
515 + j*(1970)
611 + j*(2769)
519 + j*(3556)
254 + j*(4302)
-192 + j*(4991)
-776 + j*(5575)
-1497 + j*(6070)
-2300 + j*(6424)
-3175 + j*(6661)
-4062 + j*(6753)
-4944 + j*(6722)
