rxdataF_rot = [-10197 + j*(9689)
-13189 + j*(-9104)
13890 + j*(9762)
10649 + j*(4743)
-6732 + j*(14078)
-15191 + j*(149)
-20189 + j*(-2572)
32 + j*(17548)
2397 + j*(17214)
3982 + j*(-15692)
14393 + j*(1916)
-2815 + j*(-10643)
-5489 + j*(-11673)
6670 + j*(13280)
-13692 + j*(1013)
-12282 + j*(6388)
7640 + j*(13046)
14572 + j*(7245)
-8744 + j*(-4437)
-10553 + j*(-11382)
-11879 + j*(-4195)
14415 + j*(7607)
-3885 + j*(14393)
389 + j*(12848)
-2805 + j*(-9449)
6288 + j*(-2031)
-8355 + j*(288)
859 + j*(11614)
-1433 + j*(-12904)
-1188 + j*(-10281)
8186 + j*(-11304)
-6468 + j*(-11075)
-12252 + j*(8143)
9529 + j*(-12966)
-7252 + j*(13427)
-11592 + j*(-6391)
-944 + j*(15578)
-11881 + j*(-9350)
-1148 + j*(13021)
1691 + j*(12389)
-2118 + j*(-16534)
-2639 + j*(-14006)
15233 + j*(8557)
-13834 + j*(2232)
17580 + j*(-2578)
9917 + j*(-5474)
10094 + j*(-6125)
-14183 + j*(7378)
-9848 + j*(13663)
-7183 + j*(13227)
-7081 + j*(7890)
-13843 + j*(4536)
18368 + j*(6322)
-4191 + j*(13553)
-1194 + j*(14015)
736 + j*(-16630)
-5332 + j*(-7521)
-9772 + j*(-5450)
-14618 + j*(6192)
-14204 + j*(5290)
-2614 + j*(20402)
-12685 + j*(6890)
9917 + j*(-12100)
-11851 + j*(-9182)
-8461 + j*(12235)
-14098 + j*(6050)
7142 + j*(-11858)
11093 + j*(10867)
15540 + j*(6640)
13047 + j*(2401)
-16880 + j*(-3661)
2282 + j*(18241)
17235 + j*(766)
13181 + j*(841)
-14014 + j*(2044)
-15019 + j*(787)
10906 + j*(8817)
-13578 + j*(-9294)
7777 + j*(-9944)
14075 + j*(-8501)
10420 + j*(-9851)
10506 + j*(-6406)
-4272 + j*(-16955)
-9620 + j*(-7624)
-5668 + j*(12056)
-16063 + j*(2589)
-2228 + j*(-16724)
4047 + j*(-14259)
9115 + j*(7058)
-1619 + j*(-7713)
10978 + j*(10331)
-2435 + j*(14573)
-187 + j*(-1331)
-6896 + j*(-8902)
12426 + j*(11032)
11910 + j*(-5766)
-11026 + j*(-8861)
8687 + j*(9803)
15302 + j*(5690)
-3573 + j*(11481)
-9049 + j*(9606)
-6060 + j*(14725)
10338 + j*(2047)
594 + j*(10853)
444 + j*(-15786)
-2846 + j*(14370)
-177 + j*(-13154)
-11026 + j*(11782)
9721 + j*(11553)
-13035 + j*(5000)
-7547 + j*(-13501)
12699 + j*(-9531)
-8803 + j*(-11553)
11394 + j*(-8433)
15752 + j*(-5866)
2365 + j*(18163)
-4788 + j*(12803)
10117 + j*(6014)
2062 + j*(-14559)
-2162 + j*(14402)
8186 + j*(-164)
6468 + j*(-7630)
3286 + j*(10052)
-7051 + j*(7109)
-3590 + j*(-179)
6133 + j*(9929)
7023 + j*(14110)
-12181 + j*(-11274)
-12441 + j*(6845)
8188 + j*(-12926)
-11161 + j*(-6930)
-16649 + j*(-5558)
-16941 + j*(-4974)
6246 + j*(-11954)
-41 + j*(13310)
3520 + j*(-16895)
-550 + j*(13273)
6304 + j*(13832)
14143 + j*(-953)
10592 + j*(-3529)
4317 + j*(12741)
12525 + j*(-6914)
-5835 + j*(-10626)
-7925 + j*(-11150)
-11831 + j*(-8743)
-8596 + j*(13587)
-7232 + j*(5299)
-13601 + j*(-6407)
10677 + j*(5375)
-8933 + j*(-2767)
-676 + j*(14736)
13812 + j*(1610)
11215 + j*(-322)
-11073 + j*(-4931)
6128 + j*(12327)
13384 + j*(-5828)
9535 + j*(-13471)
14158 + j*(-2701)
-5570 + j*(-14583)
9200 + j*(11595)
11993 + j*(-9227)
9974 + j*(10308)
10753 + j*(9256)
13864 + j*(-7704)
11708 + j*(5681)
-3245 + j*(10249)
5034 + j*(-12590)
-2649 + j*(12006)
-863 + j*(-2079)
5331 + j*(2792)
-1186 + j*(-644)
51 + j*(1089)
-96 + j*(197)
-623 + j*(1997)
2213 + j*(-3267)
-116 + j*(229)
-1144 + j*(1603)
773 + j*(-4687)
-3270 + j*(-2175)
105 + j*(3644)
-32 + j*(-273)
-3510 + j*(-838)
-520 + j*(-140)
334 + j*(187)
-3733 + j*(-2388)
595 + j*(7018)
4139 + j*(2131)
3867 + j*(-798)
8966 + j*(-5847)
-2154 + j*(-4300)
-2446 + j*(-695)
744 + j*(-2242)
-1278 + j*(614)
-1294 + j*(-1522)
79 + j*(-945)
2708 + j*(-23)
2264 + j*(87)
1445 + j*(-603)
402 + j*(-2636)
-1115 + j*(198)
-1426 + j*(-1809)
196 + j*(4198)
3986 + j*(282)
2850 + j*(-1873)
-1950 + j*(177)
-2433 + j*(-1760)
3589 + j*(-5306)
-604 + j*(2312)
3201 + j*(1734)
964 + j*(-357)
-2046 + j*(-2090)
602 + j*(4212)
-1601 + j*(2487)
3118 + j*(-3929)
-1920 + j*(1547)
-623 + j*(-3829)
-4936 + j*(-525)
-4753 + j*(-2287)
-1717 + j*(1846)
-1953 + j*(1267)
9421 + j*(7671)
-4251 + j*(2017)
-410 + j*(1429)
2049 + j*(-891)
-429 + j*(-172)
-1881 + j*(-1126)
-422 + j*(4078)
-3536 + j*(-1382)
-4320 + j*(3666)
81 + j*(-3585)
5012 + j*(-1588)
-1246 + j*(-4273)
107 + j*(1710)
-3078 + j*(-694)
51 + j*(177)
-120 + j*(-511)
-1224 + j*(470)
-1107 + j*(-1891)
-1291 + j*(195)
132 + j*(-2123)
-540 + j*(-2113)
909 + j*(265)
486 + j*(-2000)
-70 + j*(932)
609 + j*(-954)
-5364 + j*(775)
619 + j*(804)
978 + j*(1172)
-2706 + j*(-536)
4607 + j*(-1200)
1586 + j*(-4275)
1809 + j*(-3464)
-4399 + j*(3478)
-932 + j*(-309)
110 + j*(909)
-1284 + j*(1118)
-399 + j*(1345)
632 + j*(873)
-437 + j*(165)
1710 + j*(-2244)
1522 + j*(-664)
46 + j*(2757)
1498 + j*(1131)
-1839 + j*(-1954)
-1720 + j*(-245)
125 + j*(-1661)
-3157 + j*(-1364)
1774 + j*(-561)
11 + j*(1096)
-887 + j*(-2533)
-2457 + j*(166)
-35 + j*(741)
1539 + j*(-993)
-3112 + j*(-1246)
-5458 + j*(2597)
-1330 + j*(3081)
2498 + j*(3693)
1787 + j*(239)
1022 + j*(-21)
66 + j*(371)
-2092 + j*(-2850)
-839 + j*(167)
3497 + j*(-1929)
223 + j*(1754)
-680 + j*(-80)
432 + j*(-1701)
-1207 + j*(620)
967 + j*(-797)
-2482 + j*(527)
820 + j*(-1203)
974 + j*(-451)
-860 + j*(2007)
19 + j*(3560)
304 + j*(-398)
-2256 + j*(-2414)
-125 + j*(-1560)
880 + j*(-655)
-611 + j*(1227)
-166 + j*(-2190)
1378 + j*(1254)
-992 + j*(203)
165 + j*(1438)
1160 + j*(213)
-98 + j*(-156)
1053 + j*(-774)
-394 + j*(-283)
2026 + j*(-985)
-971 + j*(2590)
1245 + j*(7)
-3860 + j*(734)
825 + j*(-1572)
-293 + j*(-1818)
-1676 + j*(-2729)
962 + j*(730)
1223 + j*(1890)
1334 + j*(-4061)
2731 + j*(755)
-1114 + j*(-1780)
320 + j*(-425)
-290 + j*(-119)
381 + j*(-1507)
120 + j*(160)
464 + j*(-594)
1523 + j*(1525)
-358 + j*(1074)
-702 + j*(1819)
1383 + j*(-1383)
2698 + j*(159)
-696 + j*(860)
676 + j*(-222)
1341 + j*(56)
303 + j*(356)
392 + j*(2189)
-3732 + j*(-2340)
245 + j*(866)
-556 + j*(-1852)
751 + j*(-3175)
2498 + j*(1405)
-634 + j*(416)
-212 + j*(1805)
315 + j*(-1437)
3993 + j*(-1155)
-2018 + j*(-189)
-250 + j*(260)
-885 + j*(-1162)
-2157 + j*(539)
-2656 + j*(-408)
765 + j*(3419)
-1483 + j*(1131)
1172 + j*(290)
-24 + j*(-230)
930 + j*(-2551)
1752 + j*(456)
-1100 + j*(-2118)
-1803 + j*(-332)
640 + j*(1941)
1530 + j*(369)
-976 + j*(-2087)
-652 + j*(1771)
-589 + j*(-892)
953 + j*(127)
1108 + j*(-164)
-695 + j*(660)
-980 + j*(152)
-116 + j*(454)
1440 + j*(394)
-62 + j*(-918)
376 + j*(896)
-146 + j*(-1231)
-486 + j*(277)
757 + j*(-314)
-879 + j*(506)
171 + j*(-516)
-2415 + j*(1515)
-2156 + j*(1678)
148 + j*(-1100)
-403 + j*(-149)
-411 + j*(-2582)
-997 + j*(-2631)
-1416 + j*(-2786)
656 + j*(2377)
-831 + j*(-121)
-566 + j*(588)
-2 + j*(466)
259 + j*(620)
-730 + j*(-350)
481 + j*(805)
130 + j*(164)
-466 + j*(-55)
951 + j*(591)
366 + j*(-904)
695 + j*(152)
-551 + j*(-820)
569 + j*(-165)
-769 + j*(-76)
308 + j*(338)
-1018 + j*(-1446)
-189 + j*(562)
207 + j*(1035)
578 + j*(-205)
-311 + j*(96)
-1522 + j*(86)
204 + j*(1771)
453 + j*(35)
-195 + j*(727)
2406 + j*(28)
-384 + j*(-1707)
417 + j*(-223)
-1214 + j*(1024)
2365 + j*(1679)
2291 + j*(-1537)
1667 + j*(842)
-1343 + j*(833)
2123 + j*(1588)
-193 + j*(2132)
-551 + j*(-860)
-864 + j*(-587)
-1132 + j*(-644)
-1151 + j*(-1222)
78 + j*(499)
-399 + j*(-73)
886 + j*(-512)
-168 + j*(-118)
728 + j*(-528)
327 + j*(-193)
361 + j*(-9)
779 + j*(-21)
316 + j*(-62)
-134 + j*(263)
-453 + j*(97)
-416 + j*(-114)
-128 + j*(-329)
166 + j*(-263)
-67 + j*(175)
110 + j*(-544)
-171 + j*(414)
314 + j*(-137)
-1740 + j*(1946)
1327 + j*(670)
577 + j*(344)
-497 + j*(580)
-2987 + j*(927)
465 + j*(2037)
-370 + j*(62)
-1875 + j*(1094)
-1427 + j*(-396)
-387 + j*(24)
456 + j*(-91)
-159 + j*(-17)
525 + j*(-84)
62 + j*(820)
-140 + j*(-159)
-308 + j*(680)
63 + j*(301)
499 + j*(-644)
752 + j*(-374)
-22 + j*(-627)
-166 + j*(933)
-719 + j*(152)
-654 + j*(-828)
461 + j*(462)
-266 + j*(406)
1032 + j*(56)
-734 + j*(33)
861 + j*(578)
-111 + j*(692)
2102 + j*(-432)
570 + j*(-341)
1048 + j*(-234)
1574 + j*(-238)
-173 + j*(95)
25 + j*(938)
-1406 + j*(1388)
49 + j*(-1449)
-1977 + j*(1268)
247 + j*(-832)
84 + j*(709)
1147 + j*(1193)
166 + j*(-963)
514 + j*(85)
433 + j*(287)
-222 + j*(302)
-390 + j*(-117)
-59 + j*(296)
201 + j*(904)
368 + j*(225)
-260 + j*(858)
