rxdataF_rot = [9751 + j*(-9321)
7497 + j*(10146)
9982 + j*(8075)
12416 + j*(8467)
-14232 + j*(9191)
11363 + j*(-9706)
4831 + j*(-12368)
-3560 + j*(12797)
-11689 + j*(7819)
-1108 + j*(-17315)
-3860 + j*(-15260)
-5373 + j*(-12057)
9618 + j*(-5241)
-7018 + j*(9253)
-10693 + j*(10372)
-13755 + j*(9529)
-12083 + j*(-10988)
-5716 + j*(10657)
10848 + j*(9951)
-6014 + j*(10729)
-10416 + j*(-10492)
-10126 + j*(-9498)
-11793 + j*(-8540)
-13478 + j*(3913)
13454 + j*(-539)
4713 + j*(7705)
9958 + j*(-8412)
3017 + j*(15118)
-818 + j*(12839)
-5535 + j*(-9983)
-7689 + j*(-12328)
7359 + j*(10502)
-14915 + j*(7833)
-9929 + j*(10682)
-10127 + j*(7050)
11632 + j*(-11411)
-11647 + j*(-8735)
-12046 + j*(-9102)
13387 + j*(3494)
-17632 + j*(-56)
-1946 + j*(15029)
-14196 + j*(3851)
-2716 + j*(-9026)
-13183 + j*(3346)
-15070 + j*(4788)
7400 + j*(12381)
-10857 + j*(-10354)
10305 + j*(-6100)
-8044 + j*(-9711)
-9214 + j*(-8580)
-6996 + j*(13415)
-9025 + j*(9430)
10420 + j*(8543)
-14860 + j*(7506)
-13961 + j*(-7936)
4265 + j*(-14104)
-14196 + j*(-2566)
-15435 + j*(7747)
5171 + j*(8675)
16663 + j*(-2886)
-3386 + j*(-16292)
5642 + j*(-6422)
1312 + j*(-18285)
16045 + j*(1619)
-8135 + j*(-12705)
-12536 + j*(-3657)
11833 + j*(6684)
-10605 + j*(-12955)
4181 + j*(-13682)
1896 + j*(-12269)
-14362 + j*(-2824)
-4472 + j*(15198)
-657 + j*(-10476)
-10172 + j*(3006)
-12811 + j*(1716)
-12161 + j*(646)
14089 + j*(-5951)
3595 + j*(10899)
-10684 + j*(-12302)
-4849 + j*(15616)
10852 + j*(9872)
7500 + j*(13334)
-11471 + j*(-4713)
-10155 + j*(10516)
11281 + j*(4577)
-10477 + j*(-6581)
11319 + j*(9926)
7175 + j*(-13417)
-1665 + j*(-19068)
1893 + j*(12545)
-11872 + j*(-2094)
-5958 + j*(-19008)
8676 + j*(-3302)
6074 + j*(9066)
14232 + j*(-7589)
-13440 + j*(-5321)
-13775 + j*(-7286)
9792 + j*(8315)
8288 + j*(7353)
-12499 + j*(-3972)
-8121 + j*(14167)
-12885 + j*(-4508)
-15380 + j*(7465)
-12299 + j*(-3979)
3300 + j*(13791)
4660 + j*(-15745)
10950 + j*(-4133)
-12898 + j*(5737)
5082 + j*(13648)
4327 + j*(11999)
6962 + j*(10196)
-8111 + j*(-13916)
11193 + j*(9398)
-10793 + j*(8371)
10097 + j*(8000)
16416 + j*(2409)
11757 + j*(3350)
-3144 + j*(-12808)
12916 + j*(6788)
16680 + j*(3449)
-16976 + j*(1084)
3857 + j*(-10654)
-11123 + j*(3323)
14843 + j*(-6905)
6989 + j*(10617)
-3047 + j*(-11979)
-7176 + j*(13550)
-10219 + j*(-7341)
-7244 + j*(13333)
-11149 + j*(10417)
-11269 + j*(11730)
-13401 + j*(-8455)
-3469 + j*(13460)
13696 + j*(-1063)
-17359 + j*(-1940)
1093 + j*(-18698)
12642 + j*(1457)
4304 + j*(15221)
12809 + j*(-743)
-16282 + j*(7025)
15716 + j*(-4725)
-10594 + j*(-10778)
-6106 + j*(-13742)
-9406 + j*(7316)
-8051 + j*(-7983)
-8624 + j*(-7905)
12669 + j*(6627)
14169 + j*(6698)
2990 + j*(-15954)
-10068 + j*(-11638)
981 + j*(-10056)
-15002 + j*(1032)
-2818 + j*(13061)
10279 + j*(-5213)
-690 + j*(-10899)
13266 + j*(-3390)
-8938 + j*(-11307)
7482 + j*(-368)
-8041 + j*(9731)
6841 + j*(-12591)
9138 + j*(8904)
7242 + j*(-6799)
5842 + j*(-12852)
7523 + j*(-10078)
-5477 + j*(12994)
-13302 + j*(-708)
-3589 + j*(14167)
-981 + j*(15070)
2271 + j*(39)
2795 + j*(3415)
-3545 + j*(-870)
1093 + j*(-964)
-2100 + j*(2261)
1354 + j*(-1982)
2215 + j*(3308)
-1580 + j*(-1639)
-1569 + j*(4189)
-6019 + j*(557)
1974 + j*(-715)
-3369 + j*(-3006)
1480 + j*(-1612)
-2559 + j*(6931)
1100 + j*(-4734)
-1442 + j*(-1329)
1402 + j*(2863)
8105 + j*(-2026)
-4396 + j*(5153)
2511 + j*(1298)
-546 + j*(-1256)
-383 + j*(-2377)
-1046 + j*(3178)
1055 + j*(-7070)
2071 + j*(-358)
-2279 + j*(4)
-350 + j*(2993)
-210 + j*(859)
162 + j*(-2057)
814 + j*(-1802)
907 + j*(-500)
2089 + j*(3251)
-523 + j*(-2415)
1940 + j*(-565)
-556 + j*(2994)
463 + j*(-1305)
-781 + j*(-1713)
2974 + j*(-2641)
-1445 + j*(717)
-982 + j*(-3905)
-1071 + j*(263)
1478 + j*(-3135)
-1069 + j*(-223)
-2988 + j*(-890)
-442 + j*(600)
1200 + j*(-3300)
-264 + j*(3368)
3218 + j*(1311)
701 + j*(-2440)
-2579 + j*(2574)
-5517 + j*(1450)
343 + j*(-583)
1475 + j*(1486)
2563 + j*(-989)
-1104 + j*(-2215)
1358 + j*(877)
1578 + j*(1496)
4747 + j*(-338)
771 + j*(2334)
-1012 + j*(2847)
-449 + j*(-84)
793 + j*(4196)
-2682 + j*(-2690)
-2753 + j*(-2426)
248 + j*(173)
754 + j*(2485)
1242 + j*(-2690)
-2322 + j*(1168)
1048 + j*(-214)
3161 + j*(-1980)
-612 + j*(-1547)
-2155 + j*(274)
2116 + j*(-1677)
1863 + j*(1895)
-895 + j*(-597)
-1177 + j*(-28)
1902 + j*(-1299)
3621 + j*(-1514)
1590 + j*(-2198)
3047 + j*(463)
-1687 + j*(-35)
1530 + j*(-1813)
-2001 + j*(-5485)
-664 + j*(-497)
277 + j*(3411)
1662 + j*(3983)
2310 + j*(214)
-338 + j*(4885)
491 + j*(396)
-433 + j*(-9)
-1698 + j*(2228)
-1797 + j*(1722)
-2345 + j*(2984)
-699 + j*(-1260)
-52 + j*(639)
2085 + j*(217)
1826 + j*(-130)
1551 + j*(-3292)
-2512 + j*(-1012)
-423 + j*(-788)
-3411 + j*(671)
-3348 + j*(1510)
-1016 + j*(-1578)
1766 + j*(-843)
-4352 + j*(2259)
2243 + j*(2182)
-3039 + j*(-423)
552 + j*(-2042)
-1754 + j*(-732)
-2955 + j*(1036)
94 + j*(3339)
2713 + j*(905)
1325 + j*(2083)
-1010 + j*(3358)
1518 + j*(-1017)
-546 + j*(1658)
28 + j*(770)
-2090 + j*(-1226)
-1043 + j*(518)
-4543 + j*(-2185)
-3744 + j*(-2276)
1623 + j*(-607)
2385 + j*(1040)
-501 + j*(651)
-1351 + j*(525)
372 + j*(2815)
-366 + j*(-2538)
-1836 + j*(2835)
-196 + j*(-1509)
585 + j*(-1285)
-2250 + j*(1269)
-1385 + j*(-787)
-687 + j*(-519)
40 + j*(-70)
1054 + j*(243)
378 + j*(727)
-1497 + j*(335)
-835 + j*(-749)
761 + j*(-2589)
-162 + j*(574)
-1398 + j*(-897)
1544 + j*(-3915)
-1351 + j*(-3526)
2596 + j*(1912)
-2621 + j*(-32)
-391 + j*(-3751)
3935 + j*(650)
-208 + j*(551)
-1829 + j*(-606)
19 + j*(-2212)
-231 + j*(559)
-1779 + j*(-1825)
877 + j*(-605)
-693 + j*(17)
-596 + j*(-98)
1628 + j*(-1274)
559 + j*(20)
-54 + j*(-1004)
-618 + j*(1869)
182 + j*(-2626)
-654 + j*(1703)
-1584 + j*(359)
-950 + j*(284)
63 + j*(-1943)
1270 + j*(-872)
-465 + j*(148)
-777 + j*(-2093)
-560 + j*(691)
2017 + j*(-1080)
1081 + j*(-59)
248 + j*(-1615)
-1080 + j*(-1795)
-790 + j*(1930)
942 + j*(399)
2081 + j*(3708)
631 + j*(2480)
876 + j*(-1230)
2059 + j*(287)
1333 + j*(1078)
-163 + j*(-1786)
1191 + j*(-1589)
2684 + j*(-342)
-481 + j*(-1625)
-82 + j*(-2764)
1134 + j*(-1248)
808 + j*(-600)
-145 + j*(-265)
-83 + j*(1815)
2080 + j*(300)
-1192 + j*(2366)
-416 + j*(46)
96 + j*(419)
-122 + j*(290)
320 + j*(-312)
-386 + j*(-1087)
-130 + j*(-23)
-579 + j*(-326)
-781 + j*(118)
518 + j*(1516)
-641 + j*(921)
-1051 + j*(46)
1385 + j*(1456)
-283 + j*(-564)
-386 + j*(-683)
248 + j*(305)
-1907 + j*(-412)
-2553 + j*(-1365)
59 + j*(-632)
-325 + j*(-242)
-370 + j*(405)
-370 + j*(2215)
407 + j*(-556)
648 + j*(645)
-1314 + j*(2588)
268 + j*(-135)
1311 + j*(1969)
471 + j*(1142)
272 + j*(855)
-489 + j*(1198)
-436 + j*(231)
518 + j*(-346)
286 + j*(-749)
80 + j*(-735)
-71 + j*(-152)
255 + j*(-304)
1044 + j*(1965)
-244 + j*(-741)
-530 + j*(-1769)
10 + j*(-1256)
-599 + j*(461)
-526 + j*(-706)
265 + j*(-280)
-839 + j*(-121)
119 + j*(-809)
41 + j*(-823)
-908 + j*(-272)
2586 + j*(-356)
2094 + j*(-2375)
3529 + j*(-376)
1376 + j*(-272)
-487 + j*(771)
2456 + j*(404)
1147 + j*(1691)
1403 + j*(-27)
-736 + j*(-460)
-1866 + j*(-820)
-322 + j*(177)
-2216 + j*(2049)
-284 + j*(875)
-627 + j*(266)
-654 + j*(1043)
-40 + j*(154)
-1647 + j*(-19)
726 + j*(-9)
912 + j*(-2)
302 + j*(268)
-211 + j*(656)
-95 + j*(133)
182 + j*(167)
-780 + j*(-147)
447 + j*(295)
-121 + j*(-136)
-465 + j*(118)
475 + j*(608)
851 + j*(311)
53 + j*(-270)
205 + j*(-52)
-45 + j*(87)
489 + j*(-442)
-1466 + j*(1608)
-2111 + j*(-317)
405 + j*(-43)
534 + j*(-314)
522 + j*(2309)
-705 + j*(591)
26 + j*(-96)
75 + j*(-158)
761 + j*(-624)
460 + j*(241)
-911 + j*(-891)
-264 + j*(-322)
589 + j*(-698)
-209 + j*(-259)
333 + j*(-392)
928 + j*(26)
-527 + j*(-316)
-578 + j*(-189)
501 + j*(-1158)
-132 + j*(883)
946 + j*(-220)
1027 + j*(686)
-86 + j*(-100)
249 + j*(350)
427 + j*(-181)
-381 + j*(-198)
221 + j*(614)
165 + j*(-186)
-662 + j*(701)
26 + j*(160)
333 + j*(245)
817 + j*(386)
-767 + j*(-1464)
2069 + j*(-403)
20 + j*(-63)
-157 + j*(-392)
887 + j*(281)
-834 + j*(1197)
731 + j*(568)
612 + j*(1188)
328 + j*(1502)
-233 + j*(-187)
-64 + j*(-727)
-52 + j*(22)
111 + j*(306)
473 + j*(-190)
123 + j*(-31)
