rxdataF_oai = [5969 + j*(-12380)
13477 + j*(3033)
-322 + j*(13292)
8204 + j*(2690)
25 + j*(16059)
14950 + j*(2871)
2213 + j*(15091)
6821 + j*(12168)
-3034 + j*(-10524)
6613 + j*(10882)
11097 + j*(9286)
8273 + j*(10942)
10011 + j*(-7488)
7592 + j*(-9832)
890 + j*(-10737)
-15686 + j*(11006)
4858 + j*(-14074)
-1216 + j*(13160)
-85 + j*(-14383)
-2013 + j*(13408)
-11188 + j*(824)
3047 + j*(12092)
4901 + j*(9977)
2586 + j*(13153)
9736 + j*(-7657)
12854 + j*(-7481)
-13516 + j*(12546)
10839 + j*(-5349)
-6650 + j*(10638)
9913 + j*(-14200)
12851 + j*(6679)
-5415 + j*(12801)
-12445 + j*(-6589)
-1648 + j*(15084)
-404 + j*(-14542)
-2909 + j*(-12014)
-3108 + j*(14106)
13592 + j*(-4065)
11954 + j*(-5589)
-10270 + j*(-14161)
-8408 + j*(15707)
-9945 + j*(14359)
7555 + j*(7316)
-9652 + j*(-12562)
9700 + j*(12257)
-8535 + j*(11730)
-3432 + j*(14840)
-8025 + j*(15436)
7572 + j*(-15509)
-13671 + j*(-616)
15940 + j*(6023)
-14997 + j*(-4573)
12131 + j*(-4851)
613 + j*(13935)
-478 + j*(-14407)
-12879 + j*(3096)
4751 + j*(16330)
8990 + j*(-9819)
-13318 + j*(-11892)
-14336 + j*(7945)
13287 + j*(-13084)
12992 + j*(8682)
-14572 + j*(-10293)
13670 + j*(6845)
-5657 + j*(9951)
904 + j*(16180)
13674 + j*(5672)
-10484 + j*(1240)
15591 + j*(-3340)
-14519 + j*(-4950)
-15990 + j*(-882)
14276 + j*(-1547)
6979 + j*(11527)
10781 + j*(-8288)
15751 + j*(5518)
-10600 + j*(-9943)
10974 + j*(7588)
-7584 + j*(13939)
-4714 + j*(9823)
3184 + j*(-12811)
-14406 + j*(6433)
10553 + j*(1170)
16192 + j*(-5466)
-13576 + j*(-94)
-12084 + j*(2885)
13961 + j*(-3256)
-6053 + j*(15168)
-10821 + j*(6838)
1721 + j*(13597)
7183 + j*(12756)
10722 + j*(-5907)
-7434 + j*(9041)
13760 + j*(9261)
8502 + j*(-13702)
1904 + j*(-14709)
15201 + j*(11664)
-12899 + j*(-6253)
-11692 + j*(-2966)
15385 + j*(5014)
-11902 + j*(-4630)
-704 + j*(-12372)
3941 + j*(15606)
1014 + j*(-13285)
-8104 + j*(-14318)
-14779 + j*(7485)
-6159 + j*(-11175)
6823 + j*(12248)
-12169 + j*(11637)
-13202 + j*(14662)
11258 + j*(12142)
5161 + j*(-13475)
14112 + j*(5702)
1251 + j*(-15878)
-15733 + j*(-2601)
2066 + j*(-14936)
636 + j*(13443)
13175 + j*(-1792)
3795 + j*(12260)
-3156 + j*(-12542)
12454 + j*(-9036)
10063 + j*(-6856)
-11596 + j*(-14584)
-6983 + j*(-13231)
-10738 + j*(12464)
14511 + j*(9223)
-11735 + j*(-6329)
-15337 + j*(-6986)
3027 + j*(-13875)
4351 + j*(-13636)
15391 + j*(7415)
-14224 + j*(-3021)
15825 + j*(-1388)
-2167 + j*(-13269)
-1628 + j*(15993)
-12634 + j*(3959)
-12782 + j*(4810)
-9652 + j*(7946)
-8174 + j*(-10179)
9890 + j*(7690)
10856 + j*(-14058)
-11181 + j*(9140)
-14223 + j*(-9487)
9122 + j*(-10821)
5454 + j*(-13519)
15341 + j*(2744)
3147 + j*(-14497)
-13902 + j*(580)
15125 + j*(-1322)
3778 + j*(-13970)
4703 + j*(14246)
13814 + j*(-6945)
-6616 + j*(-11678)
12988 + j*(-11270)
6076 + j*(11974)
-11403 + j*(10315)
8151 + j*(-9244)
-10718 + j*(-10350)
-11564 + j*(-9929)
7230 + j*(-9171)
-3768 + j*(12689)
-11792 + j*(-3821)
13397 + j*(2794)
1148 + j*(13778)
12993 + j*(-1578)
3436 + j*(11402)
-12087 + j*(2110)
6910 + j*(11713)
-12287 + j*(3276)
1626 + j*(959)
-546 + j*(4643)
-4028 + j*(579)
984 + j*(2707)
2651 + j*(-2080)
1452 + j*(3681)
1026 + j*(-3122)
-1047 + j*(3931)
-605 + j*(2556)
-2347 + j*(-1290)
2342 + j*(618)
-1910 + j*(-3250)
-589 + j*(195)
1672 + j*(-5115)
1805 + j*(-1876)
-2327 + j*(-331)
-795 + j*(-568)
-33 + j*(-829)
-1715 + j*(-349)
3074 + j*(3602)
-3892 + j*(280)
-73 + j*(410)
-713 + j*(-3192)
2605 + j*(3677)
655 + j*(-3175)
2527 + j*(-374)
-2363 + j*(-1633)
1435 + j*(516)
-443 + j*(-183)
-1624 + j*(-2286)
-1521 + j*(-4222)
-2995 + j*(-49)
-1940 + j*(-506)
6532 + j*(1756)
-1959 + j*(-4730)
1699 + j*(-1419)
3451 + j*(3039)
-2788 + j*(-2112)
-257 + j*(-5676)
-1253 + j*(2463)
1646 + j*(647)
2000 + j*(1047)
54 + j*(-3071)
-957 + j*(2889)
779 + j*(-817)
577 + j*(-2924)
-1122 + j*(-1937)
-4685 + j*(-1929)
509 + j*(-1527)
413 + j*(-817)
1221 + j*(1772)
2492 + j*(-724)
1235 + j*(1669)
1038 + j*(-170)
2347 + j*(2604)
-4232 + j*(1634)
-2260 + j*(-1024)
4077 + j*(-2772)
94 + j*(2253)
1856 + j*(2476)
-2682 + j*(3146)
3202 + j*(657)
-4552 + j*(1627)
-3843 + j*(304)
-2447 + j*(-698)
-2072 + j*(-210)
-2435 + j*(-405)
318 + j*(-815)
-216 + j*(1626)
1645 + j*(-783)
1207 + j*(1393)
2188 + j*(1046)
925 + j*(2045)
-783 + j*(-2420)
929 + j*(1803)
-1102 + j*(194)
-1038 + j*(2275)
2702 + j*(-1377)
2004 + j*(2268)
3336 + j*(114)
2245 + j*(-1076)
-88 + j*(-1196)
525 + j*(-353)
-562 + j*(554)
-128 + j*(539)
-2889 + j*(-2602)
830 + j*(-1626)
2225 + j*(1359)
-6 + j*(2487)
-2623 + j*(2262)
-1250 + j*(2772)
-88 + j*(951)
14 + j*(3776)
1823 + j*(-2510)
40 + j*(-87)
149 + j*(1435)
362 + j*(-2136)
-1116 + j*(-1106)
-828 + j*(-815)
-1626 + j*(1480)
1038 + j*(2574)
1645 + j*(1132)
1328 + j*(1814)
-1271 + j*(1605)
-3746 + j*(-1457)
-974 + j*(621)
469 + j*(-182)
-642 + j*(-1986)
665 + j*(-620)
-104 + j*(-1921)
827 + j*(3061)
-341 + j*(-3921)
1052 + j*(-804)
3327 + j*(29)
-1877 + j*(2812)
-2049 + j*(-1001)
-1258 + j*(255)
2237 + j*(1067)
3300 + j*(-952)
1237 + j*(104)
-2567 + j*(-784)
-2034 + j*(251)
1532 + j*(458)
1056 + j*(643)
3547 + j*(-745)
-620 + j*(-1235)
1987 + j*(1872)
1305 + j*(860)
1046 + j*(-1747)
-818 + j*(-234)
368 + j*(-795)
377 + j*(-1618)
-2871 + j*(-278)
137 + j*(179)
35 + j*(-972)
-248 + j*(-93)
-399 + j*(1331)
-208 + j*(-1261)
-1027 + j*(113)
-139 + j*(-1097)
-157 + j*(-1615)
324 + j*(-1215)
-412 + j*(2279)
-1400 + j*(641)
-437 + j*(-1832)
-44 + j*(-961)
-998 + j*(1748)
161 + j*(479)
638 + j*(-160)
1467 + j*(145)
-504 + j*(-375)
816 + j*(-1704)
29 + j*(420)
912 + j*(776)
473 + j*(-5)
-391 + j*(-1560)
720 + j*(174)
453 + j*(-3075)
1691 + j*(505)
-651 + j*(245)
-1197 + j*(-866)
-1949 + j*(-173)
547 + j*(-1094)
401 + j*(1172)
-1590 + j*(62)
547 + j*(-779)
-395 + j*(-199)
-1491 + j*(3638)
-232 + j*(-192)
-549 + j*(-55)
-1302 + j*(1327)
1359 + j*(-473)
273 + j*(921)
429 + j*(-1186)
-60 + j*(-1284)
530 + j*(1302)
754 + j*(-2785)
684 + j*(-346)
3005 + j*(-2121)
400 + j*(-1646)
868 + j*(1885)
3063 + j*(-1129)
728 + j*(-2130)
-1888 + j*(-229)
-2111 + j*(-418)
2144 + j*(247)
388 + j*(3240)
-580 + j*(-2533)
-1963 + j*(523)
1234 + j*(-387)
-553 + j*(-1612)
1779 + j*(-387)
-964 + j*(-121)
-808 + j*(824)
162 + j*(-228)
323 + j*(-617)
-8 + j*(-499)
-804 + j*(-468)
-1130 + j*(341)
-891 + j*(358)
70 + j*(-797)
400 + j*(1)
-585 + j*(356)
-281 + j*(233)
76 + j*(353)
-1256 + j*(-869)
-300 + j*(158)
155 + j*(814)
-2 + j*(-957)
328 + j*(1160)
-651 + j*(-323)
135 + j*(1245)
859 + j*(-34)
-905 + j*(-36)
-1742 + j*(295)
-370 + j*(522)
1254 + j*(-1102)
-273 + j*(-414)
-225 + j*(-289)
-309 + j*(75)
779 + j*(-601)
1 + j*(630)
-488 + j*(-613)
565 + j*(-488)
-260 + j*(331)
29 + j*(-491)
289 + j*(-295)
-888 + j*(1369)
965 + j*(777)
1660 + j*(1033)
-261 + j*(-654)
-144 + j*(956)
524 + j*(-1232)
396 + j*(-453)
15 + j*(-21)
1962 + j*(88)
-218 + j*(-1020)
-2033 + j*(-1234)
-565 + j*(-103)
171 + j*(-116)
-1113 + j*(-1844)
-232 + j*(-101)
-274 + j*(525)
1067 + j*(439)
-889 + j*(-145)
-1027 + j*(-1231)
1762 + j*(-60)
-333 + j*(-1574)
-757 + j*(-50)
-666 + j*(-152)
-1606 + j*(449)
-637 + j*(409)
-424 + j*(-863)
475 + j*(941)
1164 + j*(453)
126 + j*(-572)
-598 + j*(-259)
-345 + j*(141)
221 + j*(-923)
-499 + j*(-154)
-441 + j*(14)
548 + j*(-297)
446 + j*(289)
-421 + j*(-314)
-40 + j*(-285)
175 + j*(360)
310 + j*(684)
979 + j*(-1007)
-112 + j*(-446)
-483 + j*(-560)
-260 + j*(712)
-252 + j*(-517)
619 + j*(-786)
-113 + j*(382)
-79 + j*(-571)
187 + j*(-277)
-272 + j*(616)
352 + j*(271)
-182 + j*(1109)
405 + j*(-255)
-134 + j*(150)
449 + j*(599)
839 + j*(-44)
454 + j*(85)
-886 + j*(-194)
-380 + j*(180)
53 + j*(-199)
-158 + j*(-499)
-159 + j*(-360)
74 + j*(-220)
987 + j*(227)
106 + j*(-246)
-1346 + j*(-125)
84 + j*(-579)
128 + j*(173)
769 + j*(-695)
399 + j*(-76)
660 + j*(-102)
729 + j*(-883)
494 + j*(-326)
-332 + j*(-96)
-383 + j*(493)
-495 + j*(-102)
-33 + j*(138)
-69 + j*(107)
-97 + j*(447)
95 + j*(-613)
-785 + j*(-367)
206 + j*(-181)
-451 + j*(-297)
637 + j*(158)
832 + j*(-153)
-582 + j*(341)
-1014 + j*(399)
379 + j*(3)
675 + j*(-240)
683 + j*(845)
-149 + j*(-236)
