rxdataF_oai = [13988 + j*(-1480)
4921 + j*(15251)
-5077 + j*(-16202)
-5561 + j*(-10246)
13911 + j*(-7071)
12142 + j*(9129)
14451 + j*(14330)
10658 + j*(-13942)
8578 + j*(-15117)
-12712 + j*(10024)
-10252 + j*(-10283)
-4246 + j*(10157)
-2752 + j*(12602)
2793 + j*(-14597)
11479 + j*(7531)
13633 + j*(2408)
1881 + j*(-15002)
-7150 + j*(-14620)
4236 + j*(8843)
1443 + j*(15454)
6871 + j*(10559)
-6805 + j*(-14811)
11844 + j*(-9054)
7513 + j*(-10431)
-3527 + j*(9203)
-6225 + j*(-2217)
6804 + j*(4857)
6389 + j*(-9738)
-6719 + j*(11109)
-5316 + j*(8879)
-13376 + j*(3984)
-1611 + j*(12723)
14677 + j*(998)
-15453 + j*(4485)
13927 + j*(-6238)
5306 + j*(12127)
10233 + j*(-11785)
3734 + j*(14650)
8837 + j*(-9632)
6200 + j*(-10859)
-8385 + j*(14406)
-6433 + j*(12717)
-6876 + j*(-16063)
12334 + j*(6651)
-15517 + j*(-8658)
-11200 + j*(-1695)
-11737 + j*(-1287)
15744 + j*(2780)
16131 + j*(-4845)
13751 + j*(-6122)
10421 + j*(-1949)
13744 + j*(4828)
-10724 + j*(-16198)
11576 + j*(-8202)
9479 + j*(-10393)
-10708 + j*(12745)
-349 + j*(9212)
4435 + j*(10272)
15367 + j*(3986)
14489 + j*(4449)
14494 + j*(-14596)
14258 + j*(2255)
-15234 + j*(3562)
3812 + j*(14499)
14161 + j*(-4556)
14868 + j*(3782)
-12885 + j*(5059)
-2185 + j*(-15375)
-8287 + j*(-14729)
-8889 + j*(-9848)
11163 + j*(13180)
9294 + j*(-15862)
-13207 + j*(-11101)
-9945 + j*(-8692)
12362 + j*(6909)
12394 + j*(8518)
-3285 + j*(-13635)
5114 + j*(15639)
-12224 + j*(3154)
-16342 + j*(-1825)
-14264 + j*(1471)
-12235 + j*(-1314)
-6933 + j*(16051)
2991 + j*(11904)
11836 + j*(-6115)
14320 + j*(7724)
-8414 + j*(14624)
-11891 + j*(8848)
-2935 + j*(-11149)
-3411 + j*(7104)
-2420 + j*(-14880)
10804 + j*(-10080)
-662 + j*(1169)
51 + j*(11260)
-3142 + j*(-16318)
-12959 + j*(-2677)
3353 + j*(13742)
-924 + j*(-13066)
-8676 + j*(-13831)
9824 + j*(-6934)
13027 + j*(-2113)
13772 + j*(-7993)
-6956 + j*(-7918)
6136 + j*(-8973)
-9963 + j*(12253)
11006 + j*(-9669)
-7868 + j*(10543)
15920 + j*(-2636)
-679 + j*(-15084)
13385 + j*(3968)
-2232 + j*(15305)
-15877 + j*(-170)
-50 + j*(14524)
-14173 + j*(-247)
-16068 + j*(-4936)
9181 + j*(-15850)
11593 + j*(-7243)
-4365 + j*(-10931)
-10499 + j*(10294)
10483 + j*(-10110)
-6594 + j*(-4854)
-9776 + j*(2115)
3513 + j*(-9976)
9922 + j*(-1348)
2739 + j*(2327)
1179 + j*(-11612)
3018 + j*(-15470)
2800 + j*(16359)
14037 + j*(2142)
-14365 + j*(5270)
4636 + j*(12292)
9825 + j*(14544)
10412 + j*(14259)
-12233 + j*(5681)
8135 + j*(-10535)
-13078 + j*(11260)
8517 + j*(-10196)
3419 + j*(-14812)
-11801 + j*(-7855)
-10552 + j*(-3649)
4331 + j*(-12737)
-14146 + j*(-2140)
-1840 + j*(11982)
-501 + j*(13670)
4063 + j*(14138)
15091 + j*(-5547)
8963 + j*(198)
6890 + j*(13362)
-5198 + j*(-10765)
5402 + j*(7633)
9507 + j*(-11280)
-9978 + j*(-9687)
-9094 + j*(-6573)
5783 + j*(10652)
2643 + j*(-13511)
-14166 + j*(-3525)
-15766 + j*(4882)
-12877 + j*(-6477)
-4459 + j*(14960)
-240 + j*(-14800)
-15132 + j*(19)
-1638 + j*(-14251)
-2896 + j*(-13890)
-15689 + j*(-2329)
-5830 + j*(-11635)
8814 + j*(-6156)
-11658 + j*(6923)
9411 + j*(-7913)
-581 + j*(2174)
-2530 + j*(-5461)
549 + j*(1232)
622 + j*(-896)
196 + j*(-98)
1710 + j*(-1206)
-3745 + j*(1244)
231 + j*(-112)
1884 + j*(-576)
-3467 + j*(3247)
1270 + j*(3716)
2135 + j*(-2955)
-141 + j*(235)
2274 + j*(2801)
327 + j*(427)
-151 + j*(-352)
1508 + j*(4166)
3800 + j*(-5931)
-1986 + j*(-4211)
-3554 + j*(-1722)
-10673 + j*(-820)
-909 + j*(4722)
1517 + j*(2040)
-1955 + j*(1325)
1388 + j*(290)
100 + j*(1995)
-638 + j*(701)
-2163 + j*(-1631)
-1743 + j*(-1448)
-1514 + j*(-402)
-1924 + j*(1846)
1005 + j*(521)
30 + j*(2303)
2400 + j*(-3450)
-2991 + j*(-2651)
-3401 + j*(-250)
1655 + j*(1046)
859 + j*(2877)
-6078 + j*(2024)
1887 + j*(-1467)
-1484 + j*(-3325)
-982 + j*(-304)
351 + j*(2903)
2087 + j*(-3709)
2784 + j*(-999)
-4866 + j*(1218)
2465 + j*(-59)
-1837 + j*(3416)
3596 + j*(3421)
2378 + j*(4707)
2486 + j*(-420)
2321 + j*(183)
-2804 + j*(-11822)
4600 + j*(987)
1195 + j*(-885)
-2168 + j*(-541)
235 + j*(397)
807 + j*(2038)
2817 + j*(-2979)
1964 + j*(3248)
5659 + j*(-279)
-2247 + j*(2794)
-4943 + j*(-1792)
-1613 + j*(4148)
956 + j*(-1423)
2019 + j*(2424)
67 + j*(-172)
-216 + j*(478)
1257 + j*(371)
-273 + j*(2173)
1143 + j*(631)
-1397 + j*(1603)
-858 + j*(2005)
-560 + j*(-764)
-1603 + j*(1290)
623 + j*(-697)
-1064 + j*(386)
4727 + j*(2650)
-2 + j*(-1015)
-62 + j*(-1526)
1820 + j*(2072)
-4386 + j*(-1853)
-3861 + j*(2425)
-3544 + j*(1646)
5607 + j*(-82)
551 + j*(812)
466 + j*(-789)
1699 + j*(-106)
1135 + j*(-825)
30 + j*(-1078)
447 + j*(135)
-2723 + j*(739)
-1612 + j*(-400)
1642 + j*(-2216)
-500 + j*(-1810)
270 + j*(2669)
1215 + j*(1241)
-1111 + j*(1241)
1674 + j*(3003)
-1749 + j*(-635)
659 + j*(-877)
-839 + j*(2549)
2050 + j*(1363)
479 + j*(-567)
-1826 + j*(-150)
1710 + j*(2882)
5911 + j*(1262)
2931 + j*(-1635)
266 + j*(-4451)
-1272 + j*(-1278)
-824 + j*(-606)
173 + j*(-335)
-76 + j*(3534)
767 + j*(378)
-3949 + j*(-599)
891 + j*(-1528)
491 + j*(477)
-1378 + j*(1086)
1335 + j*(242)
-1253 + j*(43)
2290 + j*(1092)
-1383 + j*(454)
-1047 + j*(-236)
1904 + j*(-1069)
2152 + j*(-2837)
-483 + j*(130)
320 + j*(3288)
-851 + j*(1313)
-1097 + j*(-17)
1232 + j*(-602)
-1202 + j*(1838)
-330 + j*(-1834)
911 + j*(442)
744 + j*(-1242)
-791 + j*(-876)
-17 + j*(183)
-1307 + j*(-28)
140 + j*(464)
-2207 + j*(-452)
2347 + j*(-1464)
-984 + j*(-764)
3509 + j*(1767)
-1612 + j*(744)
-874 + j*(1620)
-332 + j*(3185)
-319 + j*(-1165)
180 + j*(-2245)
-3531 + j*(2409)
-1707 + j*(-2262)
-200 + j*(2090)
-513 + j*(142)
158 + j*(270)
-1220 + j*(963)
2 + j*(-201)
-730 + j*(188)
-280 + j*(-2138)
938 + j*(-635)
1664 + j*(-1016)
-1939 + j*(255)
-2044 + j*(-1769)
1076 + j*(-259)
-672 + j*(-236)
-1030 + j*(-861)
-24 + j*(-468)
1022 + j*(-1976)
1536 + j*(4128)
333 + j*(-837)
-687 + j*(1807)
-2529 + j*(2061)
-1127 + j*(-2636)
756 + j*(55)
1267 + j*(-1303)
-1125 + j*(948)
-3871 + j*(-1515)
1486 + j*(1378)
357 + j*(-55)
-5 + j*(1460)
2039 + j*(885)
1859 + j*(1940)
1475 + j*(-3179)
1865 + j*(5)
-753 + j*(-944)
-121 + j*(197)
-2291 + j*(1457)
-1112 + j*(-1429)
-417 + j*(2349)
1228 + j*(1360)
674 + j*(-1930)
-989 + j*(-1225)
-496 + j*(2249)
1595 + j*(-1009)
-76 + j*(1066)
-679 + j*(-682)
-979 + j*(-545)
953 + j*(-101)
870 + j*(475)
368 + j*(-290)
-903 + j*(-1190)
-510 + j*(765)
247 + j*(-941)
-634 + j*(1065)
554 + j*(75)
-792 + j*(-212)
1005 + j*(133)
-450 + j*(304)
2838 + j*(268)
2732 + j*(-19)
-787 + j*(782)
229 + j*(363)
-1246 + j*(2298)
-811 + j*(2693)
-573 + j*(3072)
927 + j*(-2286)
586 + j*(601)
807 + j*(-123)
285 + j*(-369)
172 + j*(-650)
366 + j*(722)
108 + j*(-932)
-3 + j*(-210)
336 + j*(326)
-395 + j*(-1049)
-841 + j*(494)
-459 + j*(-544)
-62 + j*(985)
-552 + j*(-216)
564 + j*(528)
-39 + j*(-456)
-73 + j*(1766)
492 + j*(-332)
466 + j*(-948)
-584 + j*(-190)
305 + j*(112)
1260 + j*(858)
916 + j*(-1530)
-338 + j*(-304)
597 + j*(-459)
-1892 + j*(-1488)
-735 + j*(1587)
-467 + j*(-78)
1586 + j*(-74)
-854 + j*(-2772)
-2754 + j*(-176)
-810 + j*(-1683)
1572 + j*(156)
-718 + j*(-2553)
1451 + j*(-1574)
-86 + j*(1017)
328 + j*(991)
506 + j*(1199)
169 + j*(1669)
242 + j*(-444)
272 + j*(300)
-1015 + j*(-134)
61 + j*(195)
-899 + j*(-25)
-377 + j*(-47)
-292 + j*(-213)
-631 + j*(-458)
-288 + j*(-144)
266 + j*(-128)
418 + j*(198)
260 + j*(343)
-99 + j*(338)
-292 + j*(107)
160 + j*(-99)
-418 + j*(364)
387 + j*(-225)
-333 + j*(-83)
2565 + j*(-485)
-645 + j*(-1340)
-248 + j*(-625)
747 + j*(-158)
2934 + j*(1082)
871 + j*(-1900)
331 + j*(175)
2153 + j*(273)
891 + j*(1182)
322 + j*(216)
-417 + j*(-206)
116 + j*(110)
-468 + j*(-254)
450 + j*(-689)
14 + j*(211)
658 + j*(-353)
133 + j*(-278)
-788 + j*(207)
-824 + j*(-162)
-364 + j*(510)
700 + j*(-640)
663 + j*(316)
15 + j*(1054)
-85 + j*(-648)
458 + j*(-161)
-785 + j*(-673)
602 + j*(420)
-331 + j*(-983)
509 + j*(-482)
-1931 + j*(-938)
-660 + j*(-77)
-974 + j*(-453)
-1394 + j*(-770)
195 + j*(29)
551 + j*(-760)
1961 + j*(-246)
-921 + j*(1119)
2340 + j*(197)
-702 + j*(509)
365 + j*(-614)
-184 + j*(-1645)
-718 + j*(662)
-356 + j*(-381)
-169 + j*(-492)
360 + j*(-105)
238 + j*(330)
227 + j*(-199)
391 + j*(-840)
