rxdataF_oai = [-15 + j*(-389)
-222 + j*(44)
-178 + j*(372)
-102 + j*(-63)
1028 + j*(-135)
1123 + j*(168)
-566 + j*(690)
584 + j*(-1080)
-1090 + j*(-3182)
-1320 + j*(2055)
-2805 + j*(-906)
-1157 + j*(-3664)
1696 + j*(2173)
-1198 + j*(-2474)
2603 + j*(-1996)
849 + j*(-301)
585 + j*(307)
-568 + j*(-417)
651 + j*(429)
-113 + j*(230)
-608 + j*(26)
128 + j*(-474)
307 + j*(-1070)
-1091 + j*(-273)
10320 + j*(-15857)
-10490 + j*(12057)
14377 + j*(10953)
16171 + j*(10799)
16373 + j*(-7000)
-6673 + j*(15929)
15510 + j*(-6729)
14459 + j*(-5095)
-14466 + j*(5140)
-4290 + j*(-14008)
5371 + j*(11254)
10929 + j*(-3713)
-11526 + j*(717)
570 + j*(13790)
-539 + j*(-12595)
-637 + j*(12561)
-11142 + j*(-1261)
13195 + j*(3347)
-14244 + j*(-4204)
12287 + j*(5682)
5497 + j*(-13494)
-12893 + j*(-6432)
15020 + j*(7184)
8388 + j*(-14760)
14434 + j*(9835)
15423 + j*(10506)
15953 + j*(11361)
-15881 + j*(-12760)
-15926 + j*(12378)
15398 + j*(-13820)
-15075 + j*(-14085)
-13259 + j*(15817)
12781 + j*(15099)
9981 + j*(-15639)
-12405 + j*(14764)
-13646 + j*(9888)
15331 + j*(-8743)
-9322 + j*(-15179)
8880 + j*(15514)
-6388 + j*(-12949)
6470 + j*(14285)
-4285 + j*(-11775)
13461 + j*(-4748)
3923 + j*(13211)
1657 + j*(11486)
-2075 + j*(-13028)
-12254 + j*(-697)
12286 + j*(1423)
-4354 + j*(13991)
5079 + j*(-15413)
4698 + j*(15704)
-15360 + j*(5086)
13309 + j*(5429)
-8966 + j*(16033)
15989 + j*(3905)
-13932 + j*(-6838)
14536 + j*(9567)
-15077 + j*(-10791)
15636 + j*(11741)
16146 + j*(11916)
-13712 + j*(-16169)
15190 + j*(-14691)
14952 + j*(14321)
13494 + j*(-15721)
-11557 + j*(13382)
-13882 + j*(-10388)
-10815 + j*(13397)
-15974 + j*(-8391)
-6766 + j*(-15775)
-7167 + j*(-14848)
-14879 + j*(-8431)
4519 + j*(14397)
259 + j*(39)
-30 + j*(-134)
596 + j*(-189)
136 + j*(-117)
358 + j*(-656)
638 + j*(744)
390 + j*(392)
-584 + j*(-431)
-325 + j*(1141)
-1720 + j*(-1763)
618 + j*(237)
-12 + j*(1583)
466 + j*(15)
-186 + j*(1724)
610 + j*(56)
2190 + j*(-466)
51 + j*(-1715)
328 + j*(1137)
393 + j*(1168)
711 + j*(1157)
252 + j*(1130)
-285 + j*(-1438)
1394 + j*(-52)
-46 + j*(-1297)
1632 + j*(316)
-39 + j*(-1718)
1132 + j*(500)
-707 + j*(775)
910 + j*(-1525)
230 + j*(175)
419 + j*(-491)
432 + j*(-172)
357 + j*(-30)
45 + j*(152)
185 + j*(-205)
192 + j*(54)
-425 + j*(-802)
-495 + j*(177)
-258 + j*(-577)
239 + j*(445)
2231 + j*(-2399)
-2101 + j*(2217)
3667 + j*(1138)
-170 + j*(3040)
-464 + j*(-418)
1045 + j*(-2715)
1966 + j*(-1984)
-1330 + j*(-1576)
-378 + j*(-1743)
182 + j*(1543)
-256 + j*(-1534)
42 + j*(1596)
1148 + j*(-559)
946 + j*(1079)
-1467 + j*(548)
519 + j*(1352)
798 + j*(1611)
358 + j*(-1243)
1028 + j*(1440)
-757 + j*(-640)
-1558 + j*(-2297)
2304 + j*(660)
1407 + j*(-921)
-1759 + j*(-1918)
1093 + j*(-2600)
2625 + j*(1151)
203 + j*(-1111)
-686 + j*(-227)
710 + j*(1579)
-2530 + j*(-582)
-1024 + j*(-1826)
964 + j*(1688)
926 + j*(504)
174 + j*(-596)
-415 + j*(-1815)
-1364 + j*(-260)
-1469 + j*(-1436)
786 + j*(636)
1402 + j*(-2020)
-668 + j*(-1131)
-568 + j*(-1368)
1492 + j*(-1025)
1475 + j*(-1008)
-675 + j*(-1081)
-1229 + j*(1580)
-1222 + j*(726)
1580 + j*(-640)
-652 + j*(-1589)
37 + j*(-586)
-2261 + j*(1723)
-373 + j*(-1255)
976 + j*(95)
187 + j*(-1242)
-326 + j*(2173)
-25 + j*(859)
1207 + j*(1570)
-272 + j*(1910)
-1067 + j*(-939)
-2037 + j*(91)
488 + j*(2175)
897 + j*(173)
566 + j*(1726)
148 + j*(-1516)
-172 + j*(1416)
-1429 + j*(-878)
-1222 + j*(-869)
1690 + j*(500)
263 + j*(-2824)
324 + j*(-420)
-1490 + j*(-1113)
-2392 + j*(-953)
251 + j*(878)
-35 + j*(-116)
-337 + j*(235)
338 + j*(-334)
163 + j*(272)
106 + j*(-314)
92 + j*(8)
-533 + j*(-55)
-53 + j*(541)
-2129 + j*(1696)
3425 + j*(1954)
-2595 + j*(-1077)
1112 + j*(-2670)
-1316 + j*(2077)
2056 + j*(1410)
-2626 + j*(-664)
762 + j*(-2115)
229 + j*(83)
108 + j*(-30)
-297 + j*(-55)
-157 + j*(316)
-126 + j*(286)
-680 + j*(137)
-236 + j*(193)
140 + j*(-282)
1002 + j*(107)
-1314 + j*(1184)
-319 + j*(145)
74 + j*(-893)
168 + j*(375)
1066 + j*(-23)
-530 + j*(-103)
1102 + j*(-571)
-836 + j*(87)
98 + j*(696)
162 + j*(759)
-821 + j*(304)
64 + j*(-494)
-358 + j*(-1157)
-103 + j*(-535)
-456 + j*(97)
-832 + j*(609)
-410 + j*(-2114)
-13 + j*(-408)
142 + j*(-18)
-410 + j*(730)
18 + j*(-70)
-224 + j*(-1110)
-365 + j*(251)
52 + j*(316)
48 + j*(-25)
-66 + j*(-29)
265 + j*(137)
-139 + j*(312)
-219 + j*(75)
385 + j*(-111)
-564 + j*(80)
907 + j*(1784)
1341 + j*(1361)
-954 + j*(2076)
1977 + j*(89)
304 + j*(285)
1378 + j*(1405)
-1807 + j*(-1201)
-782 + j*(165)
-828 + j*(-1132)
607 + j*(1325)
-615 + j*(-1318)
1148 + j*(-950)
-1069 + j*(618)
-374 + j*(-1153)
-1144 + j*(783)
779 + j*(1155)
921 + j*(-1465)
-347 + j*(1266)
-154 + j*(-1214)
-1375 + j*(1469)
522 + j*(773)
523 + j*(226)
-1651 + j*(-269)
911 + j*(919)
791 + j*(530)
-534 + j*(1027)
-505 + j*(328)
198 + j*(776)
8 + j*(-748)
-3 + j*(-750)
-1071 + j*(-618)
1057 + j*(498)
-97 + j*(-306)
454 + j*(-90)
-25 + j*(-122)
441 + j*(242)
-591 + j*(-168)
154 + j*(171)
-187 + j*(-584)
299 + j*(-94)
-410 + j*(-7)
301 + j*(-283)
319 + j*(-216)
301 + j*(-303)
328 + j*(-615)
-488 + j*(-210)
-19 + j*(-554)
-551 + j*(43)
237 + j*(-297)
-207 + j*(211)
427 + j*(259)
160 + j*(65)
367 + j*(-293)
78 + j*(-675)
-377 + j*(273)
-779 + j*(189)
158 + j*(329)
-405 + j*(471)
501 + j*(-59)
255 + j*(699)
237 + j*(-117)
109 + j*(-316)
308 + j*(105)
-462 + j*(-66)
-167 + j*(-544)
157 + j*(-1018)
-489 + j*(-543)
-376 + j*(-18)
107 + j*(-750)
-13 + j*(-135)
89 + j*(-29)
-460 + j*(-5)
-819 + j*(290)
805 + j*(-137)
-795 + j*(187)
205 + j*(1134)
307 + j*(634)
-861 + j*(425)
440 + j*(562)
473 + j*(-441)
-134 + j*(-38)
362 + j*(332)
-189 + j*(93)
-162 + j*(-214)
-288 + j*(322)
-434 + j*(-184)
157 + j*(-339)
45 + j*(-211)
185 + j*(114)
13 + j*(31)
120 + j*(-102)
238 + j*(294)
-147 + j*(-224)
139 + j*(28)
-553 + j*(-168)
576 + j*(98)
-56 + j*(-483)
-288 + j*(416)
162 + j*(-253)
-5 + j*(207)
119 + j*(173)
-118 + j*(-414)
-446 + j*(217)
-75 + j*(69)
141 + j*(67)
-127 + j*(245)
-100 + j*(297)
7 + j*(-280)
-218 + j*(-34)
-157 + j*(-560)
117 + j*(150)
155 + j*(-138)
284 + j*(-49)
-81 + j*(-712)
-694 + j*(408)
-433 + j*(-29)
275 + j*(-371)
-135 + j*(-17)
-239 + j*(320)
79 + j*(-233)
-255 + j*(63)
-7 + j*(26)
-48 + j*(73)
138 + j*(147)
-48 + j*(-200)
153 + j*(-267)
116 + j*(-37)
-232 + j*(88)
-301 + j*(-230)
-151 + j*(-34)
143 + j*(132)
-164 + j*(-107)
-150 + j*(63)
-411 + j*(-205)
251 + j*(185)
118 + j*(-54)
289 + j*(-59)
-129 + j*(111)
62 + j*(-116)
185 + j*(271)
-74 + j*(194)
30 + j*(-80)
-103 + j*(-38)
-43 + j*(77)
132 + j*(112)
562 + j*(-80)
-191 + j*(429)
238 + j*(182)
-223 + j*(221)
-70 + j*(-213)
-48 + j*(-154)
-152 + j*(205)
-146 + j*(-142)
38 + j*(24)
146 + j*(77)
373 + j*(-134)
-23 + j*(65)
7 + j*(-212)
-612 + j*(-111)
643 + j*(54)
103 + j*(89)
-275 + j*(16)
-132 + j*(-515)
151 + j*(-89)
68 + j*(39)
243 + j*(-84)
-198 + j*(187)
255 + j*(-11)
-240 + j*(-127)
-224 + j*(232)
-215 + j*(287)
91 + j*(-122)
103 + j*(13)
-54 + j*(-509)
76 + j*(-174)
-135 + j*(-73)
-60 + j*(44)
100 + j*(-279)
-13 + j*(188)
-97 + j*(305)
-217 + j*(-141)
18 + j*(-161)
-103 + j*(197)
122 + j*(10)
198 + j*(-122)
20 + j*(18)
218 + j*(46)
44 + j*(-107)
32 + j*(-289)
-201 + j*(-90)
-143 + j*(-108)
47 + j*(170)
53 + j*(68)
192 + j*(-200)
-257 + j*(195)
-572 + j*(-195)
-8 + j*(85)
-63 + j*(146)
149 + j*(-165)
-442 + j*(239)
-263 + j*(114)
295 + j*(-216)
-314 + j*(200)
341 + j*(8)
-205 + j*(-312)
239 + j*(-181)
8 + j*(346)
352 + j*(-26)
48 + j*(302)
484 + j*(443)
-336 + j*(394)
230 + j*(128)
89 + j*(-391)
142 + j*(-171)
-308 + j*(119)
93 + j*(348)
131 + j*(124)
23 + j*(-2)
-203 + j*(96)
212 + j*(72)
70 + j*(198)
-284 + j*(-26)
-386 + j*(-287)
447 + j*(244)
10 + j*(44)
-157 + j*(427)
131 + j*(150)
-75 + j*(80)
-157 + j*(-156)
101 + j*(184)
4 + j*(-81)
-265 + j*(291)
-152 + j*(-97)
-130 + j*(22)
-139 + j*(57)
-72 + j*(86)
115 + j*(140)
1 + j*(-165)
106 + j*(-212)
-192 + j*(-95)
-235 + j*(71)
29 + j*(-63)
-135 + j*(363)
103 + j*(-117)
-20 + j*(-15)
64 + j*(23)
-85 + j*(164)
-10 + j*(32)
-62 + j*(-181)
32 + j*(-4)
45 + j*(22)
12 + j*(101)
-104 + j*(141)
124 + j*(27)
229 + j*(22)
-300 + j*(72)
