rxdataF_oai = [-5167 + j*(15116)
-4248 + j*(12924)
-12344 + j*(-5067)
-13368 + j*(2915)
-14647 + j*(-4983)
14753 + j*(2966)
5821 + j*(-13774)
1413 + j*(-14194)
3392 + j*(15338)
16285 + j*(6551)
2571 + j*(14481)
-3049 + j*(16297)
-15833 + j*(2788)
8837 + j*(14289)
-2848 + j*(16199)
579 + j*(-15159)
4879 + j*(-16119)
-12894 + j*(-867)
15031 + j*(4439)
-16327 + j*(8282)
14055 + j*(-1142)
12118 + j*(1421)
-4840 + j*(10419)
-9831 + j*(7331)
14629 + j*(3185)
-3371 + j*(-16210)
-14608 + j*(135)
-1484 + j*(-12740)
-11134 + j*(-2914)
-14895 + j*(-2455)
-2067 + j*(-14882)
16302 + j*(3996)
-1001 + j*(15148)
-2468 + j*(16094)
1887 + j*(-14801)
-15159 + j*(723)
15139 + j*(-763)
-2778 + j*(13173)
-213 + j*(-13296)
13495 + j*(7893)
4499 + j*(-15035)
-3823 + j*(-15691)
-14552 + j*(-437)
-14334 + j*(4857)
-14026 + j*(-2567)
-11127 + j*(-2089)
1810 + j*(15871)
-14297 + j*(1041)
-177 + j*(15789)
14050 + j*(-3934)
-2741 + j*(16023)
-14013 + j*(-5780)
8839 + j*(14370)
-1714 + j*(15551)
-6630 + j*(14882)
5624 + j*(-14054)
-353 + j*(-14912)
-3870 + j*(15906)
-15953 + j*(7926)
-2078 + j*(-11204)
15504 + j*(2386)
-14235 + j*(-2241)
15211 + j*(-4832)
11407 + j*(-10211)
15612 + j*(917)
-4474 + j*(14525)
-2249 + j*(14361)
-1758 + j*(-13555)
15754 + j*(1106)
793 + j*(14365)
-608 + j*(16316)
-377 + j*(15927)
16158 + j*(-2204)
-13885 + j*(-2610)
2554 + j*(15715)
12135 + j*(3115)
3244 + j*(-11791)
-893 + j*(16208)
-16380 + j*(4575)
-13588 + j*(-3648)
-5990 + j*(-15176)
15121 + j*(2908)
-2773 + j*(15774)
13057 + j*(3879)
1955 + j*(16031)
-14366 + j*(5733)
1376 + j*(15181)
-2738 + j*(-9024)
-14359 + j*(-7527)
15127 + j*(-2597)
16093 + j*(309)
-12446 + j*(-3483)
-1758 + j*(-15570)
5038 + j*(-15246)
-15699 + j*(1576)
-14086 + j*(-534)
-15977 + j*(7269)
2368 + j*(10778)
1176 + j*(15122)
-15124 + j*(5747)
4362 + j*(16119)
401 + j*(-15684)
-16306 + j*(1887)
-38 + j*(-15931)
-15923 + j*(-1947)
13972 + j*(1433)
-1909 + j*(13338)
13988 + j*(3002)
-8849 + j*(16282)
1773 + j*(-13083)
5587 + j*(-13872)
16001 + j*(5370)
-2254 + j*(14432)
13423 + j*(3349)
-5728 + j*(14989)
970 + j*(13986)
-459 + j*(15385)
723 + j*(-13343)
12987 + j*(2849)
-3580 + j*(5752)
-277 + j*(1074)
2379 + j*(-3119)
4045 + j*(102)
-229 + j*(-2881)
-614 + j*(-6658)
3267 + j*(1195)
154 + j*(2567)
-1134 + j*(-700)
-4711 + j*(-226)
-469 + j*(-4508)
379 + j*(-1859)
1777 + j*(-2310)
51 + j*(5504)
1685 + j*(4094)
-2959 + j*(1291)
-1020 + j*(-165)
1674 + j*(-2437)
3013 + j*(-1186)
-2880 + j*(-143)
425 + j*(3956)
4173 + j*(-2091)
-2391 + j*(-757)
3473 + j*(2213)
-1789 + j*(687)
2341 + j*(-1746)
-2893 + j*(3414)
978 + j*(1030)
-939 + j*(-591)
-87 + j*(-3092)
-8913 + j*(-853)
3071 + j*(2791)
3846 + j*(5340)
-2704 + j*(2559)
1968 + j*(2155)
-2276 + j*(-851)
-3437 + j*(-3424)
5636 + j*(433)
461 + j*(733)
-1234 + j*(-753)
5254 + j*(-2086)
4827 + j*(-1083)
-2190 + j*(-612)
-2520 + j*(2811)
-153 + j*(-774)
447 + j*(2913)
1432 + j*(990)
3888 + j*(763)
-489 + j*(4852)
2948 + j*(-3552)
-719 + j*(-200)
1629 + j*(-275)
1252 + j*(53)
-164 + j*(159)
-5456 + j*(-907)
267 + j*(1538)
3144 + j*(-694)
-818 + j*(1109)
456 + j*(-209)
5505 + j*(1581)
2808 + j*(-5262)
-1094 + j*(-1860)
1316 + j*(-2967)
-2227 + j*(1799)
-5978 + j*(-507)
-1410 + j*(-599)
1638 + j*(428)
-1125 + j*(-403)
-2844 + j*(-2263)
1641 + j*(4924)
-85 + j*(-168)
455 + j*(589)
-2767 + j*(2279)
1600 + j*(-410)
-15 + j*(-1089)
697 + j*(-1193)
1826 + j*(145)
646 + j*(-725)
308 + j*(1590)
193 + j*(84)
-1022 + j*(410)
-605 + j*(-181)
-776 + j*(3097)
-846 + j*(-2245)
2381 + j*(1677)
1585 + j*(-673)
1508 + j*(249)
1134 + j*(-68)
3699 + j*(966)
789 + j*(-3333)
-885 + j*(361)
-2007 + j*(-580)
2302 + j*(3125)
1046 + j*(1662)
1442 + j*(-849)
-1650 + j*(2693)
1758 + j*(-2910)
-1184 + j*(-1376)
-1726 + j*(646)
388 + j*(2574)
-273 + j*(3483)
-3939 + j*(4915)
-290 + j*(2784)
-3080 + j*(-850)
1196 + j*(-4109)
-1403 + j*(32)
-1320 + j*(193)
917 + j*(904)
759 + j*(-1931)
-1152 + j*(-398)
-419 + j*(2265)
487 + j*(1421)
-621 + j*(2335)
-884 + j*(-1653)
329 + j*(1144)
558 + j*(-3360)
1897 + j*(1506)
-1473 + j*(390)
802 + j*(-1006)
-2625 + j*(-1991)
-1894 + j*(1566)
-103 + j*(-1568)
-2686 + j*(-1278)
-2146 + j*(1940)
609 + j*(-697)
-2176 + j*(21)
-147 + j*(4644)
-572 + j*(2680)
-906 + j*(6595)
242 + j*(-13)
631 + j*(-552)
349 + j*(-242)
143 + j*(484)
-1544 + j*(-2073)
-1260 + j*(-360)
939 + j*(-897)
-1321 + j*(2439)
-654 + j*(-687)
171 + j*(331)
-202 + j*(923)
365 + j*(-626)
-197 + j*(-836)
-1116 + j*(25)
606 + j*(601)
-542 + j*(-870)
324 + j*(629)
-435 + j*(378)
-1325 + j*(-171)
-387 + j*(-1405)
-1579 + j*(-161)
243 + j*(-264)
-801 + j*(-136)
436 + j*(-28)
717 + j*(61)
874 + j*(1132)
-1176 + j*(-541)
62 + j*(2900)
314 + j*(763)
-5735 + j*(-806)
618 + j*(1196)
-744 + j*(-3632)
-171 + j*(703)
47 + j*(169)
-1396 + j*(-308)
305 + j*(827)
2480 + j*(-582)
-708 + j*(-644)
-915 + j*(1177)
-528 + j*(-2624)
-1158 + j*(222)
-32 + j*(-2258)
-505 + j*(-454)
1107 + j*(-1169)
-1368 + j*(-2038)
665 + j*(1937)
27 + j*(-391)
-835 + j*(839)
-387 + j*(-166)
-624 + j*(371)
365 + j*(-849)
-312 + j*(352)
-135 + j*(657)
-716 + j*(720)
429 + j*(961)
-1291 + j*(-752)
-485 + j*(794)
1995 + j*(475)
-55 + j*(-622)
-735 + j*(976)
1320 + j*(-801)
257 + j*(-1232)
2071 + j*(-551)
1604 + j*(1263)
2 + j*(705)
295 + j*(-156)
11 + j*(389)
-202 + j*(-1100)
738 + j*(3208)
-571 + j*(-214)
199 + j*(-397)
1112 + j*(1959)
662 + j*(519)
-1 + j*(176)
447 + j*(-38)
-582 + j*(-88)
-1161 + j*(-257)
-638 + j*(726)
-294 + j*(-248)
-662 + j*(63)
-637 + j*(898)
186 + j*(496)
-457 + j*(859)
-466 + j*(1021)
980 + j*(150)
860 + j*(-587)
-801 + j*(-980)
387 + j*(-345)
163 + j*(-490)
163 + j*(-291)
-565 + j*(-330)
104 + j*(469)
-431 + j*(1076)
2090 + j*(1897)
954 + j*(162)
-107 + j*(912)
1090 + j*(-211)
281 + j*(308)
395 + j*(-834)
760 + j*(566)
-3273 + j*(1135)
269 + j*(376)
-528 + j*(-463)
-1249 + j*(-726)
661 + j*(303)
-257 + j*(-123)
223 + j*(-111)
177 + j*(192)
-167 + j*(-933)
-374 + j*(951)
158 + j*(258)
-1010 + j*(573)
-325 + j*(-826)
158 + j*(698)
252 + j*(405)
-421 + j*(650)
69 + j*(-877)
-103 + j*(-977)
-758 + j*(54)
-100 + j*(674)
191 + j*(397)
209 + j*(141)
-598 + j*(-70)
1049 + j*(153)
8 + j*(836)
-1033 + j*(1088)
-898 + j*(778)
247 + j*(56)
197 + j*(5)
461 + j*(418)
53 + j*(42)
8 + j*(-709)
-1266 + j*(-1587)
-286 + j*(155)
454 + j*(-258)
2190 + j*(632)
-98 + j*(-36)
-165 + j*(-234)
-318 + j*(-52)
206 + j*(407)
-76 + j*(237)
-323 + j*(89)
282 + j*(-147)
-99 + j*(-272)
-250 + j*(1224)
158 + j*(-169)
191 + j*(-878)
636 + j*(-427)
133 + j*(-425)
-140 + j*(418)
101 + j*(267)
-67 + j*(673)
137 + j*(168)
-50 + j*(935)
-578 + j*(81)
-90 + j*(690)
61 + j*(270)
-2132 + j*(-258)
-89 + j*(214)
-22 + j*(-438)
-281 + j*(461)
-491 + j*(-77)
-44 + j*(-94)
-128 + j*(-496)
2018 + j*(-720)
-29 + j*(188)
-8 + j*(150)
-1274 + j*(44)
34 + j*(-223)
-123 + j*(-183)
-397 + j*(-186)
558 + j*(557)
-110 + j*(-280)
-286 + j*(145)
-437 + j*(-269)
-795 + j*(399)
-486 + j*(-126)
-667 + j*(-370)
1079 + j*(-248)
-52 + j*(379)
-633 + j*(351)
485 + j*(-91)
409 + j*(-233)
594 + j*(-352)
-124 + j*(-486)
16 + j*(-597)
435 + j*(-550)
392 + j*(61)
160 + j*(65)
-98 + j*(-361)
-493 + j*(171)
514 + j*(776)
6 + j*(-233)
71 + j*(-180)
354 + j*(49)
-324 + j*(-116)
497 + j*(1823)
21 + j*(-367)
-80 + j*(187)
1743 + j*(-909)
-160 + j*(38)
-68 + j*(-217)
15 + j*(86)
244 + j*(501)
-226 + j*(216)
-407 + j*(-21)
-251 + j*(23)
-65 + j*(-261)
-266 + j*(371)
13 + j*(74)
-421 + j*(-273)
128 + j*(492)
-81 + j*(323)
-255 + j*(-369)
184 + j*(211)
139 + j*(212)
140 + j*(125)
368 + j*(143)
-24 + j*(-176)
-317 + j*(-32)
621 + j*(86)
1257 + j*(417)
-231 + j*(-217)
-353 + j*(200)
1 + j*(-145)
-259 + j*(-135)
238 + j*(-105)
-54 + j*(-325)
-1344 + j*(1185)
-4 + j*(60)
178 + j*(-448)
-1032 + j*(532)
-61 + j*(158)
56 + j*(216)
143 + j*(57)
317 + j*(-239)
-146 + j*(-324)
-36 + j*(592)
-241 + j*(-60)
-812 + j*(226)
170 + j*(-30)
190 + j*(122)
420 + j*(-109)
111 + j*(47)
-152 + j*(446)
67 + j*(-380)
-160 + j*(-275)
157 + j*(-92)
-277 + j*(108)
-245 + j*(90)
79 + j*(280)
199 + j*(68)
-134 + j*(426)
-495 + j*(1326)
