rxdataF_oai = [-15931 + j*(4599)
-499 + j*(14707)
-5346 + j*(-13623)
16031 + j*(7452)
9613 + j*(-10093)
13510 + j*(-3554)
-13386 + j*(6518)
15045 + j*(-6386)
-10780 + j*(9115)
11242 + j*(10384)
-10216 + j*(-11889)
-8406 + j*(-15520)
-8695 + j*(13126)
-12012 + j*(-9014)
-10034 + j*(11286)
-9710 + j*(-9012)
-9242 + j*(-10876)
6881 + j*(-11206)
-15922 + j*(7632)
16118 + j*(11776)
10034 + j*(-10451)
-13100 + j*(-3672)
15710 + j*(5013)
14289 + j*(85)
4199 + j*(-2625)
-16064 + j*(4953)
-15164 + j*(167)
14903 + j*(-919)
10240 + j*(-14717)
997 + j*(15245)
-6648 + j*(-14604)
12795 + j*(2345)
-13708 + j*(3989)
-4220 + j*(-14572)
14789 + j*(-2773)
13623 + j*(-7657)
4067 + j*(10393)
2221 + j*(-15824)
-2364 + j*(-11222)
-7656 + j*(-7640)
-15333 + j*(-12971)
9434 + j*(-5872)
-14135 + j*(8599)
-12779 + j*(-10004)
-10282 + j*(13269)
12160 + j*(7298)
4558 + j*(-10990)
-13190 + j*(-7500)
-3727 + j*(12338)
12763 + j*(5449)
2959 + j*(-12828)
-6094 + j*(8709)
6990 + j*(-10180)
-9426 + j*(10680)
-393 + j*(-15301)
14724 + j*(445)
1128 + j*(12041)
972 + j*(14484)
-15511 + j*(769)
-12988 + j*(-3629)
-13685 + j*(13499)
13044 + j*(2692)
-16240 + j*(-3119)
-14102 + j*(417)
16117 + j*(-7158)
15516 + j*(-3866)
-14167 + j*(2377)
-4595 + j*(-10852)
4837 + j*(10049)
10491 + j*(9943)
-5958 + j*(-9847)
-5729 + j*(-10320)
8493 + j*(7277)
6615 + j*(15132)
11638 + j*(-10954)
11496 + j*(-10699)
11420 + j*(11316)
-13233 + j*(-7059)
-8321 + j*(11705)
-12210 + j*(-7428)
-7621 + j*(-13586)
-2945 + j*(6489)
-10173 + j*(-1093)
-1709 + j*(11525)
5979 + j*(-10473)
-8079 + j*(8423)
-6256 + j*(8422)
15059 + j*(4522)
-16325 + j*(8042)
15469 + j*(1372)
-547 + j*(-15457)
15986 + j*(-1973)
6726 + j*(-383)
4462 + j*(12160)
-5648 + j*(-12123)
-11724 + j*(-1345)
-959 + j*(12291)
5740 + j*(10936)
4545 + j*(12528)
5536 + j*(10829)
-15065 + j*(3913)
-9219 + j*(7613)
-9842 + j*(-8612)
-10561 + j*(8410)
-13457 + j*(8940)
-7656 + j*(-10620)
14026 + j*(11948)
11288 + j*(-11629)
-11189 + j*(9248)
9765 + j*(14484)
10050 + j*(9622)
-14654 + j*(-6498)
-15977 + j*(7097)
13650 + j*(-11508)
8617 + j*(15093)
12546 + j*(7417)
5979 + j*(-10949)
1976 + j*(-15417)
-12278 + j*(-4999)
13574 + j*(1726)
9212 + j*(479)
14114 + j*(1109)
15991 + j*(1923)
-16245 + j*(-1646)
10271 + j*(-8652)
-15417 + j*(6445)
-14238 + j*(341)
6353 + j*(14458)
-15462 + j*(-1832)
-11913 + j*(7936)
14397 + j*(-7998)
-6016 + j*(-13291)
8399 + j*(10844)
-5434 + j*(-11227)
10315 + j*(-5564)
-6184 + j*(-12989)
8862 + j*(-14900)
-9735 + j*(-8949)
12717 + j*(-8552)
8859 + j*(-11661)
-8867 + j*(9935)
13592 + j*(6641)
11845 + j*(6731)
-14641 + j*(-4626)
-4719 + j*(13888)
5033 + j*(-4598)
14315 + j*(4617)
10800 + j*(6338)
4785 + j*(-9265)
-43 + j*(-11229)
-15847 + j*(84)
11037 + j*(1726)
-5480 + j*(5232)
-13199 + j*(-880)
-12342 + j*(1647)
-11177 + j*(3167)
-7236 + j*(-3337)
9218 + j*(1268)
589 + j*(-15619)
11206 + j*(-7092)
-5602 + j*(-11796)
13860 + j*(-2493)
5730 + j*(12663)
-10937 + j*(5099)
-10077 + j*(5909)
10966 + j*(-5680)
11307 + j*(-6282)
-10431 + j*(7522)
-2823 + j*(1794)
3854 + j*(-4538)
1983 + j*(-985)
-1756 + j*(-2992)
428 + j*(802)
92 + j*(2576)
-761 + j*(-3555)
831 + j*(-951)
2380 + j*(-818)
-5279 + j*(-4906)
1522 + j*(294)
-1557 + j*(2395)
-319 + j*(2958)
2560 + j*(332)
4734 + j*(-857)
-1471 + j*(495)
7837 + j*(-1438)
-2249 + j*(379)
-1280 + j*(-2076)
2548 + j*(-814)
5536 + j*(2172)
-4039 + j*(-3194)
1919 + j*(-702)
-1618 + j*(1580)
510 + j*(-892)
-1705 + j*(-2329)
857 + j*(3603)
-3306 + j*(2247)
2745 + j*(-1517)
-4915 + j*(-3086)
-2025 + j*(-3773)
3150 + j*(-2046)
1938 + j*(-1660)
2913 + j*(-2786)
-3800 + j*(-390)
-879 + j*(-2030)
-1297 + j*(2004)
-164 + j*(-1440)
-341 + j*(-3190)
-1926 + j*(1402)
2808 + j*(-2483)
1263 + j*(-4397)
616 + j*(-390)
717 + j*(2114)
-575 + j*(2453)
5312 + j*(-1381)
1442 + j*(2204)
1213 + j*(3287)
-1338 + j*(2441)
2173 + j*(-1377)
-804 + j*(1371)
-854 + j*(-3092)
-6171 + j*(3190)
1889 + j*(-177)
-2473 + j*(1527)
5890 + j*(2141)
3841 + j*(-2237)
-1124 + j*(-998)
3486 + j*(-41)
2312 + j*(1621)
2270 + j*(792)
3589 + j*(-80)
-5082 + j*(169)
-307 + j*(-131)
1144 + j*(-833)
-1569 + j*(-1399)
-173 + j*(-551)
-1688 + j*(-2038)
-830 + j*(469)
-1052 + j*(970)
2169 + j*(-1769)
-2714 + j*(1179)
-1781 + j*(-2281)
3928 + j*(1229)
-1512 + j*(299)
241 + j*(1421)
-625 + j*(1681)
-122 + j*(-1653)
-2051 + j*(2277)
-702 + j*(1047)
-287 + j*(-4396)
-1464 + j*(1540)
-333 + j*(2536)
1257 + j*(3463)
-1573 + j*(755)
3737 + j*(-1888)
-104 + j*(932)
2107 + j*(-1052)
-95 + j*(-1714)
755 + j*(-1538)
1117 + j*(-2894)
401 + j*(-62)
2455 + j*(-495)
3163 + j*(-479)
-1392 + j*(1153)
2497 + j*(-1990)
300 + j*(-3243)
1397 + j*(-1503)
-1189 + j*(-1595)
1754 + j*(-2037)
659 + j*(-1748)
-2713 + j*(1053)
-2302 + j*(2968)
-553 + j*(1084)
2449 + j*(-2098)
-4841 + j*(2494)
2535 + j*(1214)
-999 + j*(1229)
-1486 + j*(2625)
-611 + j*(-2359)
-1882 + j*(-449)
-1257 + j*(-55)
6986 + j*(-3301)
-8 + j*(951)
1835 + j*(-2710)
-975 + j*(259)
-573 + j*(-2933)
-435 + j*(3834)
2487 + j*(1902)
-306 + j*(-2488)
-2376 + j*(-2023)
-1004 + j*(1587)
2921 + j*(1324)
-3295 + j*(2359)
8 + j*(2450)
-1192 + j*(-349)
-1682 + j*(-3118)
-600 + j*(-1360)
-313 + j*(545)
451 + j*(-211)
-1004 + j*(-1016)
213 + j*(-56)
-120 + j*(2397)
448 + j*(155)
334 + j*(1310)
-1187 + j*(621)
-743 + j*(1012)
781 + j*(918)
1709 + j*(-2073)
1801 + j*(-251)
1253 + j*(-39)
600 + j*(1367)
-114 + j*(2152)
591 + j*(671)
3828 + j*(4706)
662 + j*(434)
634 + j*(-1087)
-206 + j*(-581)
1555 + j*(-516)
-2630 + j*(1810)
891 + j*(-1557)
948 + j*(1016)
-200 + j*(-1752)
-744 + j*(-1372)
41 + j*(322)
604 + j*(1340)
-1428 + j*(-1212)
-1598 + j*(-1046)
-2257 + j*(-900)
640 + j*(1330)
1423 + j*(-2257)
-2653 + j*(1468)
-120 + j*(157)
1302 + j*(244)
-1468 + j*(2382)
-547 + j*(-1764)
-1121 + j*(-9)
-3273 + j*(363)
-198 + j*(-1137)
-241 + j*(752)
-2086 + j*(-706)
2132 + j*(-931)
90 + j*(1676)
172 + j*(1039)
-5914 + j*(-1014)
-1382 + j*(360)
-1844 + j*(949)
-2621 + j*(-353)
-1657 + j*(-131)
-22 + j*(2183)
-200 + j*(-37)
-1122 + j*(-2623)
-834 + j*(-625)
1561 + j*(1180)
686 + j*(2378)
2536 + j*(-237)
-1386 + j*(-92)
-608 + j*(-1245)
734 + j*(-1425)
361 + j*(-599)
-1102 + j*(-1039)
1644 + j*(-667)
-562 + j*(-20)
-651 + j*(-472)
-146 + j*(566)
877 + j*(-679)
-1134 + j*(-545)
835 + j*(1244)
520 + j*(-474)
-68 + j*(-472)
-306 + j*(-151)
-2646 + j*(-3024)
-371 + j*(110)
-374 + j*(271)
-404 + j*(810)
-449 + j*(-947)
-1407 + j*(-2583)
-1110 + j*(758)
423 + j*(76)
-7 + j*(371)
-205 + j*(-429)
-1723 + j*(-775)
102 + j*(-768)
2365 + j*(-1762)
238 + j*(-1859)
221 + j*(-78)
373 + j*(-376)
-1047 + j*(992)
871 + j*(-17)
-119 + j*(1186)
-722 + j*(-359)
-276 + j*(1573)
297 + j*(-1312)
557 + j*(455)
-439 + j*(-2023)
-285 + j*(-927)
1624 + j*(-1157)
1412 + j*(-512)
-1141 + j*(418)
547 + j*(182)
-866 + j*(757)
-1115 + j*(-194)
-523 + j*(669)
804 + j*(-1965)
757 + j*(469)
142 + j*(-650)
597 + j*(2003)
-1706 + j*(-347)
2275 + j*(-193)
-955 + j*(887)
898 + j*(2157)
614 + j*(-227)
185 + j*(864)
-649 + j*(-242)
860 + j*(2411)
1980 + j*(592)
447 + j*(2727)
-760 + j*(372)
-1544 + j*(-346)
485 + j*(-1558)
-1463 + j*(89)
2143 + j*(-133)
-29 + j*(-840)
1166 + j*(-605)
497 + j*(-475)
231 + j*(-272)
-346 + j*(657)
-69 + j*(114)
-231 + j*(650)
195 + j*(62)
-89 + j*(-262)
-382 + j*(-286)
299 + j*(30)
-203 + j*(364)
155 + j*(741)
2047 + j*(1749)
-103 + j*(-29)
751 + j*(399)
-223 + j*(448)
-147 + j*(90)
-12 + j*(1200)
109 + j*(418)
-2411 + j*(1229)
-387 + j*(-505)
59 + j*(-471)
83 + j*(62)
-1165 + j*(278)
-263 + j*(2062)
152 + j*(-1322)
131 + j*(-711)
-573 + j*(569)
468 + j*(-605)
419 + j*(119)
-258 + j*(-201)
194 + j*(-328)
511 + j*(171)
51 + j*(-304)
1136 + j*(-363)
2 + j*(6)
-274 + j*(585)
378 + j*(116)
475 + j*(166)
-375 + j*(162)
916 + j*(192)
301 + j*(454)
66 + j*(333)
-70 + j*(701)
-552 + j*(1334)
-513 + j*(-462)
657 + j*(-7)
-154 + j*(-473)
1164 + j*(388)
1625 + j*(-640)
429 + j*(398)
-971 + j*(1140)
-142 + j*(561)
242 + j*(644)
279 + j*(456)
-149 + j*(-1959)
-2501 + j*(-104)
44 + j*(2024)
686 + j*(-1527)
735 + j*(15)
283 + j*(302)
169 + j*(266)
