rxdataF_oai = [-2583 + j*(10591)
15309 + j*(-2954)
-7176 + j*(15267)
-4495 + j*(-13920)
-5328 + j*(11703)
-5936 + j*(-16311)
7766 + j*(-14948)
3800 + j*(-15003)
10190 + j*(-7048)
2238 + j*(13528)
-11722 + j*(3439)
-12866 + j*(5088)
2955 + j*(13447)
-9665 + j*(-6301)
9287 + j*(-6444)
-14707 + j*(4534)
-6439 + j*(-7932)
-12729 + j*(11141)
-10924 + j*(7189)
-12257 + j*(-5679)
4771 + j*(-15357)
9820 + j*(-8769)
6809 + j*(-11660)
9938 + j*(15181)
10752 + j*(-11805)
6546 + j*(11636)
4878 + j*(-9101)
-11698 + j*(11833)
2883 + j*(-13180)
3916 + j*(-13584)
3137 + j*(-10371)
1461 + j*(-8821)
-15107 + j*(-4575)
1289 + j*(-12754)
9521 + j*(-1482)
-440 + j*(12225)
2711 + j*(14740)
-5217 + j*(-15179)
-1018 + j*(15792)
-10966 + j*(662)
-11200 + j*(2355)
2964 + j*(13750)
-5623 + j*(-13108)
15000 + j*(1088)
5553 + j*(12627)
11342 + j*(-8972)
14145 + j*(-7835)
11644 + j*(14499)
11172 + j*(8107)
10633 + j*(-9806)
12048 + j*(-16225)
12554 + j*(-10445)
8146 + j*(-14750)
8022 + j*(-13504)
-11849 + j*(-5525)
9866 + j*(6294)
-16035 + j*(-9465)
-12659 + j*(-5641)
-14527 + j*(-5911)
14310 + j*(-8911)
14953 + j*(-2324)
312 + j*(16094)
-13776 + j*(-4612)
-2591 + j*(-11502)
-15210 + j*(-1200)
-12937 + j*(-3190)
14726 + j*(-1644)
1846 + j*(15685)
-14871 + j*(1140)
-3717 + j*(-16117)
-13520 + j*(4914)
-14411 + j*(1256)
-4552 + j*(-15014)
-15190 + j*(5614)
12449 + j*(-5133)
-11668 + j*(-14191)
-14811 + j*(5100)
13867 + j*(-3139)
-11470 + j*(5589)
-6568 + j*(-11880)
9889 + j*(-7682)
7306 + j*(-9371)
6154 + j*(-9667)
6074 + j*(-7527)
7142 + j*(-7147)
8279 + j*(10259)
10974 + j*(-13280)
-14687 + j*(9759)
7380 + j*(-12545)
-7658 + j*(6738)
-5899 + j*(12226)
-4755 + j*(9110)
5080 + j*(-11866)
11525 + j*(3764)
3458 + j*(-14288)
-5096 + j*(15584)
-9586 + j*(-3300)
-3141 + j*(12202)
-4059 + j*(13085)
15755 + j*(2295)
3402 + j*(-12888)
-1656 + j*(-13754)
-13412 + j*(4163)
607 + j*(12243)
4200 + j*(12912)
5103 + j*(12570)
-3821 + j*(-14644)
13017 + j*(-3579)
-14023 + j*(5870)
-7138 + j*(-14846)
-9157 + j*(8942)
-7847 + j*(-15144)
14271 + j*(-6134)
7687 + j*(10131)
9527 + j*(10839)
9160 + j*(8836)
8713 + j*(-10059)
7955 + j*(-14848)
-7435 + j*(10891)
6722 + j*(5504)
10695 + j*(6970)
15384 + j*(4375)
-15376 + j*(-5792)
-5056 + j*(12803)
-8873 + j*(13478)
-12398 + j*(-2844)
14995 + j*(-264)
10729 + j*(-2537)
14551 + j*(-1188)
-15241 + j*(484)
14293 + j*(432)
-14795 + j*(-991)
-1420 + j*(-12155)
-15857 + j*(-227)
-13694 + j*(888)
-2425 + j*(-15932)
-3221 + j*(-11304)
14552 + j*(-6769)
-11764 + j*(3609)
-5025 + j*(16207)
-5705 + j*(-13339)
10729 + j*(-5562)
13152 + j*(-5030)
-7533 + j*(-10670)
-6527 + j*(-8976)
-10943 + j*(7230)
-9124 + j*(9734)
11360 + j*(11336)
10213 + j*(-7664)
-10159 + j*(9363)
-11648 + j*(11211)
6404 + j*(3844)
-6820 + j*(8659)
-8321 + j*(-5388)
15481 + j*(-7216)
-4363 + j*(10623)
3594 + j*(-9954)
13479 + j*(2491)
1289 + j*(-11744)
-6712 + j*(6370)
-15171 + j*(-3508)
2625 + j*(-15044)
-926 + j*(12798)
-1103 + j*(-12824)
-4952 + j*(-14597)
1608 + j*(14343)
-301 + j*(-14615)
-5520 + j*(15659)
-548 + j*(-519)
2281 + j*(-4760)
2816 + j*(668)
1574 + j*(3101)
1693 + j*(2040)
-310 + j*(52)
-2984 + j*(1580)
-520 + j*(209)
980 + j*(-4713)
-584 + j*(268)
947 + j*(-624)
-3164 + j*(-2756)
-2884 + j*(5539)
1518 + j*(-900)
-1778 + j*(639)
-307 + j*(-5103)
1255 + j*(-13)
1134 + j*(3697)
66 + j*(100)
2056 + j*(2037)
135 + j*(-4573)
1150 + j*(4387)
2491 + j*(1793)
4609 + j*(-7196)
1046 + j*(1110)
405 + j*(824)
-592 + j*(-2865)
-349 + j*(-3486)
-4423 + j*(2588)
547 + j*(-3450)
1135 + j*(706)
788 + j*(-1060)
2843 + j*(-913)
-245 + j*(-737)
-2438 + j*(1268)
-3181 + j*(-1057)
-2214 + j*(1543)
-5888 + j*(137)
1693 + j*(-3861)
-4528 + j*(774)
-3991 + j*(-48)
-2570 + j*(263)
-3714 + j*(-2117)
183 + j*(-3212)
-1006 + j*(4090)
1386 + j*(2569)
-337 + j*(-1284)
-1026 + j*(284)
1997 + j*(1852)
-1460 + j*(3685)
-558 + j*(-1655)
3999 + j*(-2277)
-775 + j*(5252)
-174 + j*(-2368)
1550 + j*(3730)
5899 + j*(-2337)
-1368 + j*(768)
2436 + j*(-2457)
2653 + j*(-155)
1804 + j*(2085)
-339 + j*(-682)
-1548 + j*(2255)
399 + j*(867)
244 + j*(893)
-1670 + j*(-939)
2117 + j*(-2267)
1525 + j*(-1230)
-329 + j*(-244)
828 + j*(2355)
837 + j*(2643)
2953 + j*(-4061)
-3543 + j*(-958)
-3831 + j*(491)
-2902 + j*(-2450)
-11 + j*(-34)
2620 + j*(-1171)
1122 + j*(2707)
1584 + j*(-1182)
3543 + j*(1492)
2869 + j*(-735)
-466 + j*(1664)
-231 + j*(-478)
-3371 + j*(-2105)
295 + j*(-79)
1116 + j*(-3773)
-1097 + j*(3301)
-454 + j*(-1963)
3666 + j*(-545)
-274 + j*(1632)
-3166 + j*(-1085)
-150 + j*(-1400)
-1471 + j*(1313)
792 + j*(-71)
-1624 + j*(-674)
1666 + j*(2611)
-280 + j*(1593)
2316 + j*(-1794)
3169 + j*(-2423)
3100 + j*(1055)
-1433 + j*(279)
1105 + j*(1696)
-2623 + j*(-246)
-1567 + j*(1459)
-3101 + j*(185)
2177 + j*(3020)
370 + j*(-2470)
2339 + j*(-764)
2848 + j*(-195)
1093 + j*(1184)
-3603 + j*(1975)
2776 + j*(5424)
2223 + j*(-1543)
939 + j*(-522)
-5161 + j*(-4640)
245 + j*(506)
2818 + j*(68)
-509 + j*(4895)
1608 + j*(-185)
565 + j*(3647)
3913 + j*(229)
-2015 + j*(-900)
-1608 + j*(2521)
375 + j*(67)
-762 + j*(223)
1497 + j*(-316)
396 + j*(1800)
-992 + j*(709)
2097 + j*(46)
-1024 + j*(203)
-231 + j*(188)
1093 + j*(-427)
-976 + j*(-560)
38 + j*(99)
265 + j*(500)
-1373 + j*(462)
810 + j*(-387)
115 + j*(-550)
554 + j*(-541)
-1429 + j*(571)
451 + j*(1853)
1310 + j*(752)
-89 + j*(-339)
2003 + j*(1346)
4617 + j*(2727)
943 + j*(1689)
-625 + j*(-1028)
-1546 + j*(-558)
608 + j*(2674)
564 + j*(-2379)
-325 + j*(-703)
-85 + j*(-845)
1757 + j*(1194)
-591 + j*(1428)
2713 + j*(880)
1124 + j*(914)
584 + j*(-311)
611 + j*(35)
-221 + j*(1242)
670 + j*(-688)
-257 + j*(241)
607 + j*(2040)
697 + j*(2451)
-1014 + j*(-56)
-827 + j*(2356)
-1148 + j*(-17)
778 + j*(-652)
1050 + j*(-166)
1281 + j*(-67)
-593 + j*(-179)
1653 + j*(-1533)
243 + j*(264)
1018 + j*(833)
-199 + j*(648)
-457 + j*(-578)
828 + j*(737)
2257 + j*(2708)
-3285 + j*(-677)
2054 + j*(-2907)
369 + j*(-571)
1377 + j*(247)
274 + j*(533)
1472 + j*(-954)
771 + j*(1488)
-1702 + j*(1709)
-2060 + j*(-611)
705 + j*(252)
-913 + j*(749)
383 + j*(2522)
815 + j*(676)
-1023 + j*(-2381)
-1132 + j*(14)
-1472 + j*(-1102)
241 + j*(-706)
274 + j*(-1189)
-730 + j*(856)
-709 + j*(-702)
787 + j*(925)
-930 + j*(538)
-433 + j*(171)
364 + j*(-490)
117 + j*(-91)
77 + j*(942)
1105 + j*(-349)
233 + j*(1164)
-87 + j*(-254)
848 + j*(-64)
1937 + j*(1219)
2582 + j*(865)
-518 + j*(-170)
323 + j*(536)
-5 + j*(18)
638 + j*(1415)
45 + j*(-2099)
240 + j*(989)
87 + j*(658)
1019 + j*(1783)
6 + j*(-772)
-833 + j*(-299)
-582 + j*(1195)
-312 + j*(-701)
726 + j*(-969)
-1244 + j*(-132)
-141 + j*(-452)
-465 + j*(-79)
416 + j*(-124)
-220 + j*(-1256)
-230 + j*(-1391)
-804 + j*(-371)
812 + j*(-182)
50 + j*(252)
321 + j*(250)
235 + j*(-246)
116 + j*(-100)
-1358 + j*(12)
-281 + j*(-181)
-771 + j*(-965)
-1347 + j*(679)
-671 + j*(-1079)
-601 + j*(97)
1108 + j*(2283)
355 + j*(812)
1721 + j*(255)
1075 + j*(-391)
290 + j*(-1299)
314 + j*(-242)
-728 + j*(-1302)
-451 + j*(-159)
-84 + j*(1495)
-250 + j*(557)
961 + j*(-442)
694 + j*(-270)
1282 + j*(-472)
1142 + j*(906)
186 + j*(422)
735 + j*(-515)
317 + j*(599)
596 + j*(113)
-70 + j*(-653)
-36 + j*(109)
-159 + j*(-273)
-420 + j*(190)
-452 + j*(-709)
216 + j*(-947)
246 + j*(-595)
308 + j*(-362)
-487 + j*(596)
490 + j*(276)
714 + j*(-246)
-345 + j*(129)
255 + j*(-176)
729 + j*(1622)
731 + j*(2611)
78 + j*(-713)
-379 + j*(977)
-259 + j*(452)
72 + j*(882)
-903 + j*(-1355)
-41 + j*(461)
245 + j*(-883)
-470 + j*(574)
593 + j*(-130)
-106 + j*(-95)
-426 + j*(282)
571 + j*(48)
454 + j*(-191)
100 + j*(842)
613 + j*(-312)
1399 + j*(-278)
-285 + j*(70)
127 + j*(-197)
903 + j*(-7)
-167 + j*(-102)
-77 + j*(86)
352 + j*(823)
471 + j*(950)
287 + j*(-626)
353 + j*(237)
-193 + j*(755)
200 + j*(480)
1189 + j*(190)
-1142 + j*(640)
-439 + j*(-600)
515 + j*(865)
-767 + j*(1842)
-424 + j*(-446)
-200 + j*(102)
340 + j*(-602)
-503 + j*(-1484)
1242 + j*(-322)
-428 + j*(-358)
-416 + j*(-1035)
383 + j*(426)
-475 + j*(-112)
-467 + j*(752)
324 + j*(-79)
820 + j*(247)
662 + j*(231)
-1126 + j*(1039)
552 + j*(943)
188 + j*(-766)
