rxdata = [-1032 + j*(-2346)
-733 + j*(-2691)
-484 + j*(-3066)
-268 + j*(-3444)
-80 + j*(-3832)
93 + j*(-4200)
256 + j*(-4545)
426 + j*(-4842)
603 + j*(-5077)
797 + j*(-5231)
1007 + j*(-5289)
1224 + j*(-5232)
1460 + j*(-5063)
1689 + j*(-4761)
1913 + j*(-4342)
2118 + j*(-3802)
2287 + j*(-3152)
2419 + j*(-2419)
2494 + j*(-1612)
2513 + j*(-768)
2468 + j*(94)
2354 + j*(939)
2187 + j*(1744)
1950 + j*(2467)
1680 + j*(3105)
1362 + j*(3614)
1034 + j*(4007)
687 + j*(4245)
354 + j*(4354)
37 + j*(4314)
-255 + j*(4158)
-501 + j*(3880)
-719 + j*(3522)
-886 + j*(3087)
-1028 + j*(2616)
-1136 + j*(2125)
-1239 + j*(1641)
-1331 + j*(1187)
-1451 + j*(776)
-1591 + j*(427)
-1789 + j*(141)
-2032 + j*(-75)
-2353 + j*(-226)
-2734 + j*(-316)
-3188 + j*(-360)
-3697 + j*(-368)
-4249 + j*(-363)
-4829 + j*(-341)
-5404 + j*(-340)
-5954 + j*(-344)
-6442 + j*(-385)
-6841 + j*(-439)
-7123 + j*(-527)
-7259 + j*(-616)
-7231 + j*(-718)
-7029 + j*(-796)
-6637 + j*(-844)
-6079 + j*(-837)
-5341 + j*(-751)
-4474 + j*(-582)
-3488 + j*(-297)
-2431 + j*(88)
-1344 + j*(598)
-277 + j*(1212)
732 + j*(1920)
1623 + j*(2703)
2365 + j*(3526)
2919 + j*(4362)
3255 + j*(5167)
3361 + j*(5902)
3234 + j*(6521)
2870 + j*(6993)
2301 + j*(7276)
1545 + j*(7349)
654 + j*(7188)
-340 + j*(6792)
-1371 + j*(6158)
-2398 + j*(5310)
-3357 + j*(4273)
-4204 + j*(3080)
-4894 + j*(1796)
-5393 + j*(456)
-5677 + j*(-862)
-5735 + j*(-2103)
-5570 + j*(-3213)
-5196 + j*(-4118)
-4641 + j*(-4795)
-3942 + j*(-5186)
-3145 + j*(-5276)
-2306 + j*(-5062)
-1473 + j*(-4536)
-713 + j*(-3727)
-64 + j*(-2673)
418 + j*(-1416)
701 + j*(-22)
764 + j*(1445)
590 + j*(2916)
183 + j*(4312)
-431 + j*(5573)
-1240 + j*(6628)
-2185 + j*(7428)
-3225 + j*(7938)
-4302 + j*(8123)
-5344 + j*(7990)
-6309 + j*(7532)
-7121 + j*(6787)
-7740 + j*(5789)
-8121 + j*(4595)
-8233 + j*(3265)
-8064 + j*(1880)
-7613 + j*(502)
-6889 + j*(-783)
-5929 + j*(-1916)
-4770 + j*(-2826)
-3461 + j*(-3469)
-2071 + j*(-3806)
-656 + j*(-3815)
710 + j*(-3497)
1972 + j*(-2857)
3064 + j*(-1929)
3945 + j*(-753)
4569 + j*(615)
4921 + j*(2112)
4987 + j*(3669)
4771 + j*(5215)
4300 + j*(6682)
3601 + j*(8004)
2725 + j*(9127)
1726 + j*(10012)
657 + j*(10615)
-410 + j*(10934)
-1419 + j*(10958)
-2314 + j*(10701)
-3039 + j*(10192)
-3558 + j*(9463)
-3842 + j*(8562)
-3875 + j*(7543)
-3659 + j*(6455)
-3199 + j*(5360)
-2527 + j*(4300)
-1672 + j*(3329)
-680 + j*(2476)
397 + j*(1775)
1513 + j*(1234)
2608 + j*(865)
3640 + j*(653)
4563 + j*(590)
5338 + j*(640)
5948 + j*(781)
6370 + j*(968)
6609 + j*(1170)
6666 + j*(1342)
6567 + j*(1460)
6332 + j*(1485)
6003 + j*(1407)
5612 + j*(1203)
5207 + j*(880)
4820 + j*(434)
4492 + j*(-112)
4260 + j*(-739)
4131 + j*(-1422)
4142 + j*(-2121)
4280 + j*(-2810)
4547 + j*(-3446)
4936 + j*(-4007)
5409 + j*(-4455)
5950 + j*(-4778)
6513 + j*(-4955)
7073 + j*(-4985)
7571 + j*(-4869)
7996 + j*(-4613)
8284 + j*(-4247)
8435 + j*(-3781)
8405 + j*(-3251)
8199 + j*(-2694)
7793 + j*(-2125)
7220 + j*(-1599)
6456 + j*(-1116)
5561 + j*(-725)
4526 + j*(-423)
3409 + j*(-231)
2224 + j*(-143)
1016 + j*(-166)
-187 + j*(-268)
-1353 + j*(-462)
-2463 + j*(-686)
-3491 + j*(-958)
-4427 + j*(-1217)
-5269 + j*(-1461)
-6006 + j*(-1658)
-6656 + j*(-1794)
-7223 + j*(-1854)
-7713 + j*(-1835)
-8160 + j*(-1733)
-8553 + j*(-1563)
-8931 + j*(-1329)
-9284 + j*(-1058)
-9632 + j*(-769)
-9966 + j*(-482)
-10290 + j*(-234)
-10591 + j*(-33)
-10856 + j*(89)
-11063 + j*(120)
-11201 + j*(62)
-11235 + j*(-114)
-11153 + j*(-360)
-10933 + j*(-709)
-10554 + j*(-1094)
-10018 + j*(-1523)
-9307 + j*(-1944)
-8438 + j*(-2323)
-7414 + j*(-2638)
-6263 + j*(-2827)
-5010 + j*(-2890)
-3687 + j*(-2768)
-2340 + j*(-2468)
-1011 + j*(-1963)
260 + j*(-1264)
1422 + j*(-367)
2438 + j*(687)
3271 + j*(1897)
3895 + j*(3195)
4287 + j*(4558)
4446 + j*(5927)
4361 + j*(7248)
4060 + j*(8475)
3552 + j*(9550)
2883 + j*(10437)
2086 + j*(11090)
1207 + j*(11489)
308 + j*(11607)
-574 + j*(11441)
-1376 + j*(10999)
-2056 + j*(10285)
-2571 + j*(9344)
-2887 + j*(8185)
-2985 + j*(6885)
-2845 + j*(5453)
-2474 + j*(3974)
-1871 + j*(2478)
-1066 + j*(1019)
-88 + j*(-346)
1033 + j*(-1598)
2241 + j*(-2682)
3498 + j*(-3593)
4750 + j*(-4305)
5946 + j*(-4820)
7051 + j*(-5135)
8009 + j*(-5270)
8805 + j*(-5236)
9394 + j*(-5065)
9783 + j*(-4779)
9942 + j*(-4413)
9897 + j*(-3997)
9640 + j*(-3555)
9210 + j*(-3124)
8612 + j*(-2712)
7896 + j*(-2350)
7086 + j*(-2040)
6215 + j*(-1787)
5329 + j*(-1602)
4445 + j*(-1464)
3601 + j*(-1381)
2820 + j*(-1328)
2115 + j*(-1299)
1500 + j*(-1282)
989 + j*(-1254)
564 + j*(-1219)
243 + j*(-1153)
-6 + j*(-1067)
-175 + j*(-951)
-291 + j*(-812)
-360 + j*(-657)
-404 + j*(-497)
-422 + j*(-346)
-443 + j*(-219)
-451 + j*(-127)
-468 + j*(-96)
-481 + j*(-122)
-492 + j*(-233)
-496 + j*(-418)
-476 + j*(-691)
-435 + j*(-1041)
-352 + j*(-1463)
-222 + j*(-1943)
-41 + j*(-2458)
200 + j*(-2997)
505 + j*(-3522)
858 + j*(-4023)
1272 + j*(-4460)
1717 + j*(-4818)
2192 + j*(-5072)
2675 + j*(-5203)
3140 + j*(-5198)
3579 + j*(-5049)
3949 + j*(-4754)
4256 + j*(-4317)
4449 + j*(-3750)
4538 + j*(-3062)
4491 + j*(-2288)
4310 + j*(-1432)
3986 + j*(-551)
3524 + j*(355)
2929 + j*(1231)
2216 + j*(2062)
1397 + j*(2811)
501 + j*(3456)
-452 + j*(3979)
-1435 + j*(4357)
-2417 + j*(4586)
-3375 + j*(4654)
-4276 + j*(4563)
-5098 + j*(4324)
-5823 + j*(3939)
-6426 + j*(3426)
-6896 + j*(2807)
-7229 + j*(2096)
-7409 + j*(1318)
-7451 + j*(504)
-7348 + j*(-345)
-7115 + j*(-1173)
-6763 + j*(-1994)
-6307 + j*(-2761)
-5766 + j*(-3479)
-5153 + j*(-4116)
-4503 + j*(-4683)
-3806 + j*(-5146)
-3118 + j*(-5525)
-2420 + j*(-5797)
-1761 + j*(-5973)
-1124 + j*(-6050)
-553 + j*(-6032)
-26 + j*(-5918)
417 + j*(-5719)
797 + j*(-5435)
1089 + j*(-5074)
1303 + j*(-4638)
1428 + j*(-4139)
1472 + j*(-3580)
1425 + j*(-2966)
1304 + j*(-2311)
1091 + j*(-1613)
809 + j*(-889)
450 + j*(-148)
23 + j*(611)
-461 + j*(1359)
-1001 + j*(2106)
-1585 + j*(2821)
-2204 + j*(3507)
-2842 + j*(4143)
-3497 + j*(4724)
-4143 + j*(5237)
-4776 + j*(5674)
-5379 + j*(6027)
-5933 + j*(6287)
-6436 + j*(6455)
-6859 + j*(6525)
-7209 + j*(6498)
-7454 + j*(6377)
-7613 + j*(6166)
-7651 + j*(5866)
-7596 + j*(5497)
-7419 + j*(5054)
-7148 + j*(4557)
-6770 + j*(4014)
-6307 + j*(3432)
-5765 + j*(2829)
-5154 + j*(2213)
-4497 + j*(1589)
-3802 + j*(979)
-3093 + j*(371)
-2379 + j*(-204)
-1686 + j*(-765)
-1016 + j*(-1284)
-395 + j*(-1777)
176 + j*(-2224)
681 + j*(-2644)
1117 + j*(-3007)
1480 + j*(-3343)
1768 + j*(-3618)
1987 + j*(-3862)
2133 + j*(-4047)
2220 + j*(-4185)
2249 + j*(-4270)
2231 + j*(-4293)
2177 + j*(-4268)
2096 + j*(-4166)
1994 + j*(-4012)
1885 + j*(-3779)
1774 + j*(-3495)
1664 + j*(-3128)
1575 + j*(-2714)
1488 + j*(-2227)
1430 + j*(-1699)
1383 + j*(-1120)
1364 + j*(-512)
1356 + j*(116)
1375 + j*(749)
1399 + j*(1372)
1453 + j*(1961)
1508 + j*(2512)
1588 + j*(2991)
1676 + j*(3396)
1778 + j*(3704)
1904 + j*(3900)
2044 + j*(3985)
2208 + j*(3939)
2405 + j*(3773)
2623 + j*(3478)
2883 + j*(3066)
3181 + j*(2547)
3515 + j*(1939)
3893 + j*(1252)
4311 + j*(526)
4759 + j*(-232)
5248 + j*(-982)
5747 + j*(-1697)
6269 + j*(-2351)
6780 + j*(-2915)
7278 + j*(-3355)
7742 + j*(-3670)
8146 + j*(-3807)
8490 + j*(-3791)
8730 + j*(-3580)
8868 + j*(-3195)
8879 + j*(-2630)
8746 + j*(-1894)
8469 + j*(-1015)
8029 + j*(4)
7431 + j*(1113)
6678 + j*(2305)
5776 + j*(3518)
4735 + j*(4748)
3580 + j*(5931)
2327 + j*(7052)
1006 + j*(8066)
-352 + j*(8949)
-1719 + j*(9675)
-3061 + j*(10225)
-4341 + j*(10585)
-5537 + j*(10748)
-6608 + j*(10716)
-7539 + j*(10489)
-8306 + j*(10089)
-8891 + j*(9521)
-9292 + j*(8821)
-9498 + j*(8000)
-9523 + j*(7096)
-9369 + j*(6133)
-9062 + j*(5140)
-8609 + j*(4142)
-8058 + j*(3168)
-7414 + j*(2228)
-6729 + j*(1353)
-6020 + j*(534)
-5322 + j*(-197)
-4671 + j*(-865)
-4073 + j*(-1454)
-3570 + j*(-1985)
-3157 + j*(-2460)
-2855 + j*(-2897)
-2661 + j*(-3309)
-2567 + j*(-3710)
-2569 + j*(-4115)
-2652 + j*(-4534)
-2786 + j*(-4975)
-2959 + j*(-5443)
-3141 + j*(-5939)
-3298 + j*(-6457)
-3427 + j*(-6984)
-3476 + j*(-7516)
-3455 + j*(-8022)
-3325 + j*(-8495)
-3096 + j*(-8899)
-2754 + j*(-9223)
-2310 + j*(-9431)
-1769 + j*(-9515)
