rxdataF_rot = [8520 + j*(11515)
16 + j*(15)
11653 + j*(9194)
16 + j*(13)
3710 + j*(-14735)
8 + j*(10)
-15023 + j*(-5830)
8 + j*(10)
11702 + j*(6049)
9 + j*(9)
11576 + j*(-5429)
10 + j*(11)
7429 + j*(12112)
10 + j*(8)
9003 + j*(-10888)
11 + j*(7)
-9975 + j*(12896)
8 + j*(6)
9209 + j*(3961)
10 + j*(6)
15540 + j*(-223)
6 + j*(6)
-1090 + j*(15663)
8 + j*(6)
-7655 + j*(-13039)
9 + j*(5)
4323 + j*(-12044)
8 + j*(4)
9967 + j*(-5943)
9 + j*(3)
14300 + j*(9283)
7 + j*(4)
13454 + j*(-7849)
7 + j*(3)
7132 + j*(-15133)
8 + j*(2)
-2685 + j*(14278)
7 + j*(3)
15024 + j*(3148)
7 + j*(3)
687 + j*(-11624)
6 + j*(2)
1816 + j*(-9926)
7 + j*(3)
-4412 + j*(-10648)
6 + j*(3)
-13108 + j*(-12882)
6 + j*(2)
-3674 + j*(-16935)
6 + j*(2)
-10102 + j*(-8336)
5 + j*(2)
-16264 + j*(7993)
6 + j*(3)
-7091 + j*(10966)
4 + j*(1)
2695 + j*(-13015)
6 + j*(2)
13521 + j*(-2245)
5 + j*(2)
-13101 + j*(3711)
5 + j*(2)
-11156 + j*(-6278)
6 + j*(2)
8571 + j*(-9376)
0 + j*(2)
-14056 + j*(-10471)
2 + j*(2)
4713 + j*(-12044)
0 + j*(3)
-7651 + j*(13073)
0 + j*(2)
-3331 + j*(15232)
1 + j*(3)
-10432 + j*(4152)
2 + j*(2)
-8571 + j*(-16923)
2 + j*(1)
-5724 + j*(-17314)
3 + j*(2)
13723 + j*(14822)
1 + j*(2)
-12674 + j*(-4704)
2 + j*(2)
10802 + j*(4358)
1 + j*(1)
-1111 + j*(15684)
1 + j*(1)
1753 + j*(-10458)
1 + j*(0)
-5107 + j*(10412)
1 + j*(1)
-11948 + j*(-9582)
1 + j*(2)
9978 + j*(4847)
2 + j*(1)
8559 + j*(9507)
1 + j*(0)
13902 + j*(5560)
2 + j*(1)
-1250 + j*(14077)
1 + j*(0)
-14541 + j*(-1392)
1 + j*(0)
122 + j*(-14022)
1 + j*(0)
-14692 + j*(4365)
0 + j*(0)
3666 + j*(9808)
1 + j*(1)
-10985 + j*(-13298)
2 + j*(0)
13123 + j*(-10170)
0 + j*(1)
8146 + j*(5014)
1 + j*(1)
-12569 + j*(2065)
0 + j*(1)
1767 + j*(-14446)
1 + j*(1)
1357 + j*(-12508)
1 + j*(1)
-4261 + j*(13544)
2 + j*(2)
-12447 + j*(3594)
0 + j*(1)
-15186 + j*(11280)
1 + j*(1)
-8949 + j*(-9213)
2 + j*(2)
1576 + j*(15596)
2 + j*(1)
10944 + j*(5872)
2 + j*(2)
-14833 + j*(-1265)
1 + j*(1)
2170 + j*(14608)
1 + j*(1)
14307 + j*(-9197)
2 + j*(1)
-1959 + j*(-15070)
1 + j*(2)
9752 + j*(-6031)
1 + j*(1)
8251 + j*(6567)
1 + j*(1)
-7199 + j*(-9712)
2 + j*(2)
13412 + j*(6709)
1 + j*(0)
10473 + j*(-1090)
2 + j*(1)
-12710 + j*(-620)
1 + j*(1)
6803 + j*(-6928)
1 + j*(1)
-5996 + j*(-12852)
0 + j*(1)
7084 + j*(8350)
1 + j*(0)
-5972 + j*(13873)
1 + j*(1)
10594 + j*(-11200)
1 + j*(0)
-15672 + j*(5160)
1 + j*(0)
-12941 + j*(-6123)
2 + j*(0)
-348 + j*(2493)
1 + j*(0)
4002 + j*(1592)
1 + j*(0)
1902 + j*(3464)
2 + j*(1)
-283 + j*(6514)
0 + j*(1)
-1244 + j*(3273)
3 + j*(-1)
1393 + j*(1541)
1 + j*(1)
2547 + j*(2788)
1 + j*(0)
-1394 + j*(-393)
2 + j*(1)
4894 + j*(963)
1 + j*(1)
1191 + j*(-3477)
1 + j*(1)
-362 + j*(-885)
0 + j*(1)
4042 + j*(-430)
0 + j*(0)
2286 + j*(-2758)
1 + j*(1)
2197 + j*(1706)
0 + j*(0)
-306 + j*(1608)
0 + j*(2)
-1088 + j*(61)
1 + j*(1)
7116 + j*(-511)
2 + j*(1)
5223 + j*(5627)
1 + j*(1)
-2265 + j*(-3083)
1 + j*(1)
-2923 + j*(-2955)
1 + j*(1)
2940 + j*(1601)
2 + j*(1)
2715 + j*(1702)
1 + j*(2)
-435 + j*(781)
1 + j*(1)
1423 + j*(848)
1 + j*(1)
3390 + j*(-2868)
2 + j*(0)
4119 + j*(3532)
1 + j*(1)
835 + j*(-1693)
2 + j*(1)
-640 + j*(-9936)
0 + j*(1)
-5979 + j*(876)
1 + j*(1)
5450 + j*(-1121)
1 + j*(1)
648 + j*(2621)
1 + j*(1)
-125 + j*(4233)
1 + j*(0)
1458 + j*(-1568)
1 + j*(0)
4818 + j*(-1009)
1 + j*(1)
-3638 + j*(-2085)
1 + j*(0)
3372 + j*(-1865)
0 + j*(0)
666 + j*(507)
1 + j*(2)
1727 + j*(-4834)
0 + j*(1)
3647 + j*(-1364)
1 + j*(0)
-1568 + j*(2682)
0 + j*(1)
-1011 + j*(-2791)
0 + j*(0)
988 + j*(-5487)
1 + j*(1)
666 + j*(-579)
2 + j*(0)
8431 + j*(-1313)
0 + j*(0)
-4829 + j*(-2106)
2 + j*(1)
-532 + j*(-1149)
1 + j*(2)
-1201 + j*(894)
1 + j*(1)
-1371 + j*(-6898)
1 + j*(1)
1864 + j*(-2187)
1 + j*(1)
-787 + j*(1257)
1 + j*(1)
3460 + j*(-1785)
0 + j*(1)
-1701 + j*(-162)
3 + j*(0)
746 + j*(2800)
1 + j*(1)
-2407 + j*(2002)
0 + j*(2)
-4261 + j*(3263)
2 + j*(1)
363 + j*(-1225)
0 + j*(0)
-2399 + j*(-1774)
2 + j*(1)
-3427 + j*(-3767)
1 + j*(1)
1556 + j*(-132)
2 + j*(2)
3957 + j*(2014)
1 + j*(0)
806 + j*(2404)
1 + j*(0)
1851 + j*(-1323)
2 + j*(1)
2385 + j*(2201)
1 + j*(1)
-1123 + j*(1891)
1 + j*(0)
1577 + j*(-1637)
1 + j*(0)
-2241 + j*(935)
1 + j*(0)
-106 + j*(-1609)
2 + j*(1)
699 + j*(615)
2 + j*(1)
-275 + j*(-1704)
1 + j*(1)
1763 + j*(-288)
2 + j*(1)
1336 + j*(-2504)
2 + j*(1)
-513 + j*(1016)
1 + j*(2)
-3887 + j*(-353)
1 + j*(1)
-1177 + j*(-3205)
2 + j*(1)
-1039 + j*(2134)
1 + j*(1)
1463 + j*(-53)
2 + j*(0)
1411 + j*(-981)
1 + j*(1)
1900 + j*(-2817)
1 + j*(0)
-249 + j*(-855)
0 + j*(0)
-532 + j*(-2353)
1 + j*(0)
-2522 + j*(87)
0 + j*(0)
820 + j*(1531)
1 + j*(1)
-1397 + j*(-220)
1 + j*(1)
2044 + j*(2104)
1 + j*(1)
1236 + j*(1881)
0 + j*(1)
-156 + j*(-1733)
2 + j*(-1)
-2275 + j*(2609)
1 + j*(1)
118 + j*(1537)
1 + j*(1)
-2755 + j*(1003)
1 + j*(0)
2881 + j*(-1938)
1 + j*(0)
-447 + j*(591)
1 + j*(0)
1353 + j*(1155)
1 + j*(1)
1348 + j*(980)
0 + j*(0)
419 + j*(-2928)
2 + j*(-1)
483 + j*(-1148)
1 + j*(0)
1014 + j*(-2964)
0 + j*(1)
598 + j*(-177)
0 + j*(0)
-1801 + j*(1534)
0 + j*(0)
1631 + j*(734)
1 + j*(0)
-398 + j*(-70)
0 + j*(1)
-1005 + j*(1193)
1 + j*(1)
-1776 + j*(1658)
0 + j*(0)
460 + j*(-1928)
1 + j*(0)
889 + j*(-493)
1 + j*(0)
-2080 + j*(-687)
1 + j*(2)
1135 + j*(-2521)
0 + j*(0)
3295 + j*(187)
1 + j*(1)
6607 + j*(1324)
1 + j*(1)
202 + j*(-1332)
0 + j*(0)
-688 + j*(-1273)
0 + j*(0)
-1094 + j*(-97)
0 + j*(1)
402 + j*(1329)
0 + j*(1)
-696 + j*(647)
1 + j*(1)
-987 + j*(1707)
0 + j*(0)
-172 + j*(2171)
0 + j*(0)
1603 + j*(237)
1 + j*(0)
715 + j*(1241)
1 + j*(0)
-524 + j*(406)
0 + j*(1)
-1000 + j*(-366)
1 + j*(1)
-1034 + j*(-503)
1 + j*(1)
-514 + j*(-699)
1 + j*(0)
1953 + j*(402)
1 + j*(1)
-2441 + j*(-278)
1 + j*(0)
1271 + j*(3857)
1 + j*(0)
1049 + j*(1063)
1 + j*(0)
195 + j*(-1042)
0 + j*(0)
-2731 + j*(-911)
1 + j*(1)
-1208 + j*(1256)
1 + j*(0)
481 + j*(1070)
0 + j*(0)
1567 + j*(1372)
1 + j*(1)
1127 + j*(0)
1 + j*(0)
-682 + j*(858)
1 + j*(0)
711 + j*(1811)
2 + j*(0)
1646 + j*(-145)
1 + j*(1)
1738 + j*(-1097)
1 + j*(0)
-1041 + j*(726)
0 + j*(0)
-1388 + j*(-379)
0 + j*(0)
1208 + j*(-957)
1 + j*(0)
802 + j*(29)
1 + j*(1)
-1279 + j*(3799)
1 + j*(1)
734 + j*(165)
-1 + j*(0)
177 + j*(-91)
0 + j*(0)
421 + j*(70)
1 + j*(1)
451 + j*(-404)
0 + j*(0)
-74 + j*(94)
0 + j*(1)
447 + j*(1179)
2 + j*(1)
-1003 + j*(426)
1 + j*(0)
-1818 + j*(604)
1 + j*(0)
-47 + j*(-279)
2 + j*(-1)
-1281 + j*(784)
-1 + j*(0)
285 + j*(-17)
1 + j*(0)
-149 + j*(-1322)
1 + j*(1)
-1414 + j*(-2156)
1 + j*(2)
-416 + j*(-1181)
1 + j*(1)
-1198 + j*(-562)
0 + j*(0)
-2233 + j*(-330)
1 + j*(0)
857 + j*(-3)
1 + j*(0)
497 + j*(-131)
0 + j*(0)
552 + j*(1047)
1 + j*(1)
-425 + j*(-7)
1 + j*(0)
-48 + j*(170)
1 + j*(0)
-1000 + j*(-725)
0 + j*(0)
-199 + j*(-965)
2 + j*(-1)
867 + j*(956)
1 + j*(-1)
1070 + j*(1184)
2 + j*(1)
973 + j*(320)
1 + j*(-1)
-808 + j*(-1071)
1 + j*(0)
1018 + j*(-855)
1 + j*(-1)
-1268 + j*(-1031)
2 + j*(-1)
180 + j*(12)
1 + j*(1)
509 + j*(-154)
1 + j*(-1)
626 + j*(1246)
0 + j*(0)
-819 + j*(-655)
0 + j*(0)
-91 + j*(-837)
1 + j*(1)
-95 + j*(-360)
0 + j*(0)
-181 + j*(-333)
1 + j*(-1)
167 + j*(94)
2 + j*(0)
44 + j*(270)
0 + j*(0)
-878 + j*(44)
0 + j*(0)
34 + j*(-452)
2 + j*(1)
560 + j*(77)
1 + j*(0)
-428 + j*(312)
0 + j*(0)
465 + j*(-788)
1 + j*(1)
-1819 + j*(751)
0 + j*(0)
-215 + j*(399)
0 + j*(0)
3570 + j*(1149)
0 + j*(0)
24 + j*(-67)
1 + j*(0)
-1901 + j*(1608)
1 + j*(0)
206 + j*(5)
0 + j*(1)
-216 + j*(-362)
2 + j*(-1)
540 + j*(-997)
1 + j*(-1)
-12 + j*(470)
0 + j*(0)
-343 + j*(-250)
1 + j*(1)
-115 + j*(628)
0 + j*(0)
81 + j*(-311)
1 + j*(1)
297 + j*(-99)
1 + j*(0)
-32 + j*(-179)
0 + j*(1)
-537 + j*(-761)
0 + j*(0)
-1203 + j*(436)
1 + j*(0)
-453 + j*(62)
1 + j*(0)
-812 + j*(-1144)
2 + j*(-1)
201 + j*(866)
1 + j*(1)
435 + j*(-1339)
1 + j*(0)
-1669 + j*(-686)
2 + j*(-1)
-600 + j*(-318)
0 + j*(0)
417 + j*(-911)
0 + j*(0)
-789 + j*(48)
0 + j*(0)
-120 + j*(-97)
1 + j*(0)
-685 + j*(-612)
0 + j*(0)
-296 + j*(240)
-1 + j*(0)
-679 + j*(694)
0 + j*(0)
-320 + j*(255)
0 + j*(0)
-39 + j*(816)
0 + j*(0)
744 + j*(685)
0 + j*(0)
566 + j*(-492)
1 + j*(0)
-982 + j*(-620)
1 + j*(1)
-80 + j*(-869)
1 + j*(0)
