rxdata = [3116 + j*(-4061)
2659 + j*(-4517)
2257 + j*(-4993)
1917 + j*(-5474)
1664 + j*(-5932)
1493 + j*(-6340)
1404 + j*(-6679)
1399 + j*(-6928)
1455 + j*(-7064)
1557 + j*(-7086)
1697 + j*(-6973)
1830 + j*(-6740)
1956 + j*(-6377)
2040 + j*(-5911)
2063 + j*(-5344)
2018 + j*(-4711)
1880 + j*(-4020)
1653 + j*(-3320)
1331 + j*(-2609)
922 + j*(-1942)
434 + j*(-1318)
-112 + j*(-771)
-706 + j*(-315)
-1314 + j*(51)
-1918 + j*(313)
-2493 + j*(475)
-3009 + j*(553)
-3455 + j*(551)
-3799 + j*(491)
-4044 + j*(397)
-4163 + j*(280)
-4170 + j*(178)
-4052 + j*(101)
-3831 + j*(72)
-3508 + j*(111)
-3105 + j*(217)
-2641 + j*(410)
-2136 + j*(677)
-1613 + j*(1018)
-1091 + j*(1422)
-594 + j*(1862)
-129 + j*(2336)
277 + j*(2796)
631 + j*(3236)
913 + j*(3618)
1136 + j*(3924)
1295 + j*(4127)
1406 + j*(4209)
1472 + j*(4163)
1513 + j*(3966)
1536 + j*(3641)
1562 + j*(3160)
1596 + j*(2567)
1658 + j*(1852)
1747 + j*(1054)
1873 + j*(192)
2038 + j*(-707)
2234 + j*(-1607)
2460 + j*(-2483)
2703 + j*(-3299)
2949 + j*(-4036)
3185 + j*(-4655)
3397 + j*(-5155)
3563 + j*(-5503)
3674 + j*(-5696)
3713 + j*(-5733)
3666 + j*(-5602)
3533 + j*(-5327)
3300 + j*(-4895)
2975 + j*(-4344)
2555 + j*(-3667)
2056 + j*(-2906)
1480 + j*(-2064)
851 + j*(-1171)
179 + j*(-251)
-514 + j*(684)
-1205 + j*(1606)
-1886 + j*(2501)
-2519 + j*(3355)
-3107 + j*(4147)
-3623 + j*(4874)
-4055 + j*(5516)
-4404 + j*(6075)
-4646 + j*(6536)
-4801 + j*(6901)
-4849 + j*(7162)
-4807 + j*(7317)
-4671 + j*(7370)
-4458 + j*(7315)
-4167 + j*(7160)
-3823 + j*(6903)
-3412 + j*(6551)
-2980 + j*(6113)
-2498 + j*(5592)
-2015 + j*(5000)
-1505 + j*(4354)
-1008 + j*(3654)
-506 + j*(2936)
-25 + j*(2194)
435 + j*(1464)
870 + j*(748)
1267 + j*(83)
1625 + j*(-536)
1942 + j*(-1070)
2198 + j*(-1527)
2409 + j*(-1877)
2547 + j*(-2124)
2631 + j*(-2256)
2635 + j*(-2274)
2586 + j*(-2184)
2449 + j*(-1990)
2260 + j*(-1703)
2000 + j*(-1336)
1680 + j*(-909)
1322 + j*(-435)
909 + j*(51)
491 + j*(553)
41 + j*(1020)
-387 + j*(1462)
-809 + j*(1831)
-1183 + j*(2143)
-1510 + j*(2353)
-1763 + j*(2484)
-1943 + j*(2503)
-2023 + j*(2429)
-2010 + j*(2251)
-1890 + j*(1981)
-1661 + j*(1629)
-1341 + j*(1196)
-910 + j*(709)
-403 + j*(170)
187 + j*(-401)
836 + j*(-987)
1526 + j*(-1579)
2255 + j*(-2161)
2980 + j*(-2717)
3713 + j*(-3243)
4416 + j*(-3722)
5083 + j*(-4152)
5704 + j*(-4520)
6257 + j*(-4828)
6748 + j*(-5064)
7155 + j*(-5228)
7488 + j*(-5321)
7733 + j*(-5329)
7895 + j*(-5272)
7972 + j*(-5121)
7964 + j*(-4908)
7872 + j*(-4607)
7698 + j*(-4242)
7442 + j*(-3805)
7105 + j*(-3309)
6687 + j*(-2760)
6193 + j*(-2170)
5619 + j*(-1556)
4966 + j*(-927)
4251 + j*(-304)
3454 + j*(289)
2611 + j*(844)
1712 + j*(1326)
778 + j*(1724)
-177 + j*(2020)
-1132 + j*(2193)
-2067 + j*(2237)
-2956 + j*(2144)
-3778 + j*(1903)
-4501 + j*(1537)
-5110 + j*(1033)
-5565 + j*(432)
-5871 + j*(-267)
-5978 + j*(-1012)
-5915 + j*(-1793)
-5642 + j*(-2550)
-5186 + j*(-3264)
-4553 + j*(-3889)
-3747 + j*(-4380)
-2822 + j*(-4723)
-1779 + j*(-4867)
-680 + j*(-4809)
443 + j*(-4529)
1542 + j*(-4017)
2576 + j*(-3296)
3490 + j*(-2361)
4262 + j*(-1258)
4835 + j*(-9)
5201 + j*(1334)
5330 + j*(2730)
5217 + j*(4119)
4865 + j*(5457)
4287 + j*(6678)
3507 + j*(7743)
2557 + j*(8606)
1485 + j*(9228)
326 + j*(9594)
-850 + j*(9677)
-2007 + j*(9488)
-3073 + j*(9033)
-4019 + j*(8338)
-4783 + j*(7437)
-5344 + j*(6377)
-5667 + j*(5207)
-5748 + j*(3988)
-5576 + j*(2784)
-5177 + j*(1640)
-4554 + j*(633)
-3765 + j*(-211)
-2833 + j*(-828)
-1827 + j*(-1207)
-785 + j*(-1319)
220 + j*(-1167)
1147 + j*(-759)
1931 + j*(-114)
2538 + j*(726)
2928 + j*(1723)
3078 + j*(2816)
2977 + j*(3954)
2627 + j*(5069)
2039 + j*(6109)
1247 + j*(7010)
286 + j*(7731)
-797 + j*(8225)
-1948 + j*(8470)
-3107 + j*(8448)
-4221 + j*(8151)
-5227 + j*(7607)
-6079 + j*(6819)
-6734 + j*(5843)
-7160 + j*(4716)
-7336 + j*(3484)
-7261 + j*(2223)
-6934 + j*(969)
-6380 + j*(-198)
-5636 + j*(-1250)
-4730 + j*(-2124)
-3740 + j*(-2795)
-2692 + j*(-3242)
-1670 + j*(-3448)
-717 + j*(-3424)
107 + j*(-3184)
757 + j*(-2753)
1192 + j*(-2176)
1392 + j*(-1493)
1344 + j*(-764)
1045 + j*(-35)
519 + j*(633)
-209 + j*(1195)
-1100 + j*(1606)
-2091 + j*(1823)
-3140 + j*(1843)
-4166 + j*(1626)
-5126 + j*(1200)
-5932 + j*(562)
-6560 + j*(-256)
-6932 + j*(-1212)
-7038 + j*(-2268)
-6841 + j*(-3362)
-6338 + j*(-4445)
-5537 + j*(-5457)
-4459 + j*(-6339)
-3142 + j*(-7053)
-1635 + j*(-7540)
0 + j*(-7791)
1707 + j*(-7764)
3400 + j*(-7474)
5023 + j*(-6912)
6498 + j*(-6111)
7762 + j*(-5090)
8771 + j*(-3912)
9468 + j*(-2600)
9841 + j*(-1246)
9863 + j*(124)
9541 + j*(1432)
8890 + j*(2619)
7942 + j*(3655)
6740 + j*(4471)
5336 + j*(5058)
3798 + j*(5389)
2182 + j*(5453)
568 + j*(5267)
-982 + j*(4841)
-2403 + j*(4214)
-3640 + j*(3419)
-4644 + j*(2514)
-5384 + j*(1539)
-5828 + j*(568)
-5976 + j*(-364)
-5826 + j*(-1183)
-5395 + j*(-1865)
-4711 + j*(-2353)
-3812 + j*(-2626)
-2738 + j*(-2671)
-1550 + j*(-2471)
-293 + j*(-2044)
978 + j*(-1404)
2201 + j*(-576)
3346 + j*(398)
4346 + j*(1474)
5191 + j*(2603)
5835 + j*(3730)
6275 + j*(4804)
6494 + j*(5780)
6496 + j*(6601)
6295 + j*(7238)
5902 + j*(7659)
5344 + j*(7831)
4647 + j*(7767)
3847 + j*(7438)
2964 + j*(6875)
2049 + j*(6088)
1111 + j*(5104)
195 + j*(3965)
-681 + j*(2703)
-1504 + j*(1371)
-2242 + j*(5)
-2907 + j*(-1333)
-3471 + j*(-2618)
-3950 + j*(-3787)
-4341 + j*(-4824)
-4641 + j*(-5680)
-4873 + j*(-6338)
-5034 + j*(-6788)
-5142 + j*(-6997)
-5201 + j*(-6998)
-5225 + j*(-6756)
-5221 + j*(-6311)
-5197 + j*(-5662)
-5161 + j*(-4842)
-5114 + j*(-3865)
-5060 + j*(-2774)
-5006 + j*(-1581)
-4942 + j*(-335)
-4881 + j*(945)
-4812 + j*(2218)
-4739 + j*(3462)
-4663 + j*(4641)
-4574 + j*(5742)
-4484 + j*(6723)
-4377 + j*(7587)
-4266 + j*(8294)
-4142 + j*(8857)
-4000 + j*(9247)
-3856 + j*(9478)
-3680 + j*(9536)
-3502 + j*(9438)
-3288 + j*(9190)
-3062 + j*(8801)
-2804 + j*(8301)
-2518 + j*(7696)
-2200 + j*(7028)
-1850 + j*(6307)
-1463 + j*(5575)
-1050 + j*(4855)
-600 + j*(4174)
-133 + j*(3576)
363 + j*(3056)
853 + j*(2675)
1361 + j*(2417)
1836 + j*(2321)
2296 + j*(2377)
2708 + j*(2595)
3067 + j*(2967)
3352 + j*(3480)
3561 + j*(4119)
3671 + j*(4850)
3690 + j*(5662)
3604 + j*(6494)
3422 + j*(7343)
3144 + j*(8139)
2785 + j*(8877)
2357 + j*(9495)
1880 + j*(9985)
1375 + j*(10309)
865 + j*(10453)
380 + j*(10404)
-62 + j*(10165)
-436 + j*(9730)
-712 + j*(9128)
-888 + j*(8366)
-941 + j*(7481)
-859 + j*(6509)
-666 + j*(5478)
-333 + j*(4440)
86 + j*(3426)
612 + j*(2483)
1188 + j*(1648)
1807 + j*(942)
2423 + j*(401)
3013 + j*(33)
3532 + j*(-149)
3968 + j*(-148)
4267 + j*(26)
4438 + j*(352)
4437 + j*(809)
4283 + j*(1361)
3953 + j*(1969)
3477 + j*(2602)
2859 + j*(3208)
2136 + j*(3753)
1332 + j*(4208)
490 + j*(4523)
-351 + j*(4700)
-1141 + j*(4693)
-1846 + j*(4516)
-2416 + j*(4158)
-2827 + j*(3631)
-3034 + j*(2948)
-3028 + j*(2139)
-2791 + j*(1225)
-2321 + j*(252)
-1623 + j*(-758)
-724 + j*(-1756)
367 + j*(-2716)
1589 + j*(-3596)
2931 + j*(-4373)
4319 + j*(-5027)
5725 + j*(-5534)
7083 + j*(-5894)
8359 + j*(-6094)
9500 + j*(-6154)
10471 + j*(-6068)
11240 + j*(-5873)
11790 + j*(-5568)
12095 + j*(-5196)
12166 + j*(-4767)
11998 + j*(-4312)
11608 + j*(-3856)
11023 + j*(-3408)
10263 + j*(-2997)
9365 + j*(-2624)
8367 + j*(-2299)
7301 + j*(-2023)
6204 + j*(-1796)
5114 + j*(-1600)
4052 + j*(-1441)
3050 + j*(-1292)
2120 + j*(-1154)
1280 + j*(-1005)
529 + j*(-842)
-126 + j*(-657)
-698 + j*(-447)
-1189 + j*(-217)
-1619 + j*(32)
-1995 + j*(284)
-2337 + j*(526)
-2652 + j*(735)
-2958 + j*(898)
-3254 + j*(984)
-3552 + j*(980)
-3838 + j*(864)
-4124 + j*(617)
-4384 + j*(236)
-4613 + j*(-290)
-4800 + j*(-956)
-4911 + j*(-1747)
-4960 + j*(-2658)
-4896 + j*(-3648)
-4742 + j*(-4705)
-4463 + j*(-5778)
-4076 + j*(-6837)
-3569 + j*(-7839)
-2966 + j*(-8743)
-2267 + j*(-9513)
-1510 + j*(-10114)
-707 + j*(-10520)
104 + j*(-10709)
894 + j*(-10677)
1629 + j*(-10411)
2279 + j*(-9932)
2813 + j*(-9252)
3207 + j*(-8400)
3444 + j*(-7412)
3512 + j*(-6330)
3408 + j*(-5203)
3137 + j*(-4070)
2718 + j*(-2994)
2158 + j*(-2007)
1512 + j*(-1158)
783 + j*(-482)
43 + j*(-2)
-700 + j*(265)
-1372 + j*(306)
