rxdataF_fftw = [-3159 + j*(-14768)
3179 + j*(14750)
3195 + j*(14757)
-3195 + j*(-14731)
-3157 + j*(-14743)
3180 + j*(14771)
-3193 + j*(-14729)
3181 + j*(14735)
3194 + j*(14766)
-3167 + j*(-14744)
-3171 + j*(-14726)
-3164 + j*(-14754)
-3129 + j*(-14740)
3136 + j*(14732)
-3174 + j*(-14746)
-3152 + j*(-14794)
-3152 + j*(-14772)
3175 + j*(14754)
3214 + j*(14757)
3134 + j*(14793)
3169 + j*(14724)
-3141 + j*(-14760)
-3146 + j*(-14765)
-3154 + j*(-14772)
-3161 + j*(-14746)
-3191 + j*(-14724)
-3183 + j*(-14744)
-3163 + j*(-14759)
3174 + j*(14773)
3172 + j*(14783)
3157 + j*(14755)
-3166 + j*(-14779)
-3168 + j*(-14752)
-3135 + j*(-14762)
3173 + j*(14774)
-3181 + j*(-14772)
-3163 + j*(-14759)
3141 + j*(14747)
3171 + j*(14761)
3155 + j*(14753)
-3146 + j*(-14772)
3177 + j*(14773)
-3171 + j*(-14743)
3145 + j*(14756)
3180 + j*(14790)
-3141 + j*(-14706)
3194 + j*(14741)
-3192 + j*(-14752)
-3154 + j*(-14784)
-3191 + j*(-14763)
-3183 + j*(-14767)
-3153 + j*(-14759)
3129 + j*(14769)
-3170 + j*(-14814)
3137 + j*(14748)
-3171 + j*(-14738)
3146 + j*(14793)
-3184 + j*(-14784)
3202 + j*(14754)
3186 + j*(14706)
3168 + j*(14746)
3114 + j*(14751)
-3192 + j*(-14731)
24 + j*(16)
-8 + j*(6)
23 + j*(2)
-43 + j*(-38)
2 + j*(18)
24 + j*(-26)
39 + j*(-18)
-31 + j*(14)
0 + j*(15)
-21 + j*(-6)
-13 + j*(-36)
-18 + j*(35)
1 + j*(0)
1 + j*(11)
-15 + j*(8)
46 + j*(-5)
0 + j*(16)
3 + j*(10)
-19 + j*(-45)
-8 + j*(-1)
-1 + j*(14)
-7 + j*(28)
16 + j*(17)
14 + j*(50)
21 + j*(23)
32 + j*(-30)
-3 + j*(5)
-7 + j*(-5)
0 + j*(-8)
5 + j*(-26)
13 + j*(0)
-1 + j*(-39)
-36 + j*(19)
24 + j*(-7)
10 + j*(-10)
5 + j*(-32)
-13 + j*(-17)
26 + j*(-11)
1 + j*(-1)
-34 + j*(5)
-14 + j*(-5)
-17 + j*(-48)
-13 + j*(-10)
12 + j*(7)
11 + j*(0)
-5 + j*(-2)
-3 + j*(-6)
1 + j*(-4)
-1 + j*(4)
-18 + j*(-10)
9 + j*(5)
-1 + j*(1)
-8 + j*(27)
-19 + j*(0)
7 + j*(-11)
1 + j*(-11)
8 + j*(-13)
7 + j*(-16)
-17 + j*(15)
-3 + j*(-35)
8 + j*(-2)
2 + j*(-4)
24 + j*(21)
16 + j*(4)
8 + j*(-4)
-15 + j*(-29)
7 + j*(-10)
23 + j*(-6)
19 + j*(5)
-5 + j*(-18)
35 + j*(1)
39 + j*(-1)
14 + j*(34)
-25 + j*(-17)
31 + j*(17)
6 + j*(-1)
20 + j*(-18)
8 + j*(0)
9 + j*(32)
4 + j*(1)
5 + j*(24)
-4 + j*(1)
12 + j*(11)
10 + j*(-14)
34 + j*(-43)
-2 + j*(-4)
1 + j*(-10)
16 + j*(-14)
19 + j*(18)
13 + j*(6)
10 + j*(0)
-26 + j*(11)
3 + j*(-4)
32 + j*(-16)
-2 + j*(-4)
-34 + j*(31)
8 + j*(-2)
-9 + j*(4)
-5 + j*(-31)
-8 + j*(-11)
11 + j*(-3)
-17 + j*(17)
-7 + j*(0)
0 + j*(-4)
-28 + j*(0)
7 + j*(2)
8 + j*(7)
-26 + j*(0)
32 + j*(-11)
3 + j*(-31)
10 + j*(-21)
-8 + j*(-28)
-19 + j*(34)
-29 + j*(2)
-18 + j*(34)
4 + j*(11)
15 + j*(37)
-3 + j*(-3)
-14 + j*(-19)
-1 + j*(-11)
-13 + j*(-8)
17 + j*(-4)
-20 + j*(8)
5 + j*(-19)
3 + j*(21)
17 + j*(-13)
18 + j*(-26)
-5 + j*(3)
-8 + j*(33)
13 + j*(-6)
11 + j*(-8)
22 + j*(19)
11 + j*(25)
13 + j*(36)
-10 + j*(-30)
-30 + j*(16)
-12 + j*(14)
-1 + j*(12)
-12 + j*(-14)
12 + j*(7)
-32 + j*(-15)
-12 + j*(-52)
-34 + j*(-11)
26 + j*(-8)
8 + j*(-16)
3 + j*(3)
-6 + j*(-14)
8 + j*(-19)
-3 + j*(-18)
23 + j*(34)
-30 + j*(-7)
18 + j*(-6)
-20 + j*(9)
4 + j*(29)
-11 + j*(-18)
-21 + j*(-21)
-3 + j*(-23)
4 + j*(30)
1 + j*(3)
16 + j*(-9)
10 + j*(20)
-34 + j*(16)
21 + j*(27)
4 + j*(7)
40 + j*(22)
-27 + j*(37)
1 + j*(-5)
20 + j*(5)
-1 + j*(27)
0 + j*(-6)
-7 + j*(14)
11 + j*(-15)
-4 + j*(-3)
-52 + j*(-17)
9 + j*(0)
36 + j*(-15)
21 + j*(-7)
15 + j*(-5)
-25 + j*(17)
-25 + j*(14)
-17 + j*(-18)
6 + j*(-19)
0 + j*(2)
-1 + j*(0)
15 + j*(-3)
-35 + j*(10)
7 + j*(17)
0 + j*(-2)
17 + j*(-6)
13 + j*(17)
-14 + j*(-17)
-26 + j*(-4)
8 + j*(-48)
-14 + j*(26)
53 + j*(-28)
2 + j*(-13)
29 + j*(-43)
10 + j*(25)
-1 + j*(3)
-27 + j*(22)
8 + j*(0)
25 + j*(-23)
-29 + j*(-33)
-33 + j*(-5)
10 + j*(2)
-11 + j*(-18)
22 + j*(23)
28 + j*(33)
8 + j*(32)
24 + j*(19)
-6 + j*(25)
8 + j*(16)
19 + j*(-37)
-1 + j*(4)
-14 + j*(23)
4 + j*(-18)
1 + j*(-2)
-26 + j*(12)
-8 + j*(-24)
18 + j*(0)
13 + j*(27)
5 + j*(-7)
-43 + j*(-14)
11 + j*(56)
-21 + j*(-20)
0 + j*(-16)
20 + j*(3)
-53 + j*(9)
-16 + j*(25)
-1 + j*(-17)
-6 + j*(-29)
1 + j*(6)
-4 + j*(-1)
-21 + j*(-5)
-6 + j*(10)
11 + j*(20)
7 + j*(-15)
-1 + j*(13)
1 + j*(1)
10 + j*(17)
14 + j*(-22)
-24 + j*(9)
3 + j*(-1)
9 + j*(6)
23 + j*(-17)
13 + j*(-1)
35 + j*(4)
0 + j*(-25)
5 + j*(-7)
-21 + j*(-17)
1 + j*(26)
18 + j*(7)
-21 + j*(-16)
9 + j*(7)
16 + j*(27)
18 + j*(-25)
40 + j*(-21)
2 + j*(-20)
28 + j*(41)
-17 + j*(0)
16 + j*(25)
8 + j*(3)
-12 + j*(-35)
-13 + j*(14)
21 + j*(16)
27 + j*(16)
17 + j*(-16)
10 + j*(-10)
8 + j*(-14)
-40 + j*(-14)
23 + j*(3)
-4 + j*(-27)
12 + j*(-3)
23 + j*(2)
-10 + j*(25)
-1 + j*(-7)
-42 + j*(-11)
26 + j*(1)
50 + j*(-9)
2 + j*(16)
-4 + j*(-1)
6 + j*(-24)
0 + j*(-4)
-1 + j*(-14)
3 + j*(28)
9 + j*(-8)
10 + j*(-38)
11 + j*(-13)
-18 + j*(-18)
0 + j*(-15)
-22 + j*(-3)
-17 + j*(33)
-12 + j*(-4)
56 + j*(-6)
-8 + j*(29)
3 + j*(-22)
-9 + j*(-8)
0 + j*(-20)
34 + j*(6)
18 + j*(29)
-10 + j*(1)
10 + j*(13)
-14 + j*(-4)
-5 + j*(-38)
35 + j*(-2)
14 + j*(-27)
17 + j*(-5)
8 + j*(24)
-3 + j*(26)
16 + j*(20)
12 + j*(-20)
39 + j*(-7)
2 + j*(5)
-12 + j*(0)
19 + j*(-3)
-12 + j*(-29)
-34 + j*(-13)
3 + j*(-15)
13 + j*(-25)
9 + j*(49)
-21 + j*(0)
-11 + j*(-18)
-4 + j*(1)
13 + j*(24)
21 + j*(-16)
18 + j*(0)
-26 + j*(10)
14 + j*(12)
-8 + j*(-17)
-6 + j*(-13)
21 + j*(-14)
4 + j*(-7)
11 + j*(16)
36 + j*(-17)
-14 + j*(-22)
-24 + j*(15)
-10 + j*(29)
18 + j*(-15)
26 + j*(-21)
1 + j*(0)
12 + j*(-8)
8 + j*(11)
-10 + j*(-5)
13 + j*(15)
0 + j*(-2)
-15 + j*(20)
1 + j*(-3)
0 + j*(-27)
-26 + j*(24)
-10 + j*(33)
7 + j*(-16)
6 + j*(-9)
-21 + j*(26)
-14 + j*(17)
-39 + j*(-7)
29 + j*(3)
5 + j*(-18)
-7 + j*(27)
13 + j*(-9)
-3 + j*(22)
0 + j*(-10)
8 + j*(-12)
20 + j*(30)
4 + j*(10)
19 + j*(-28)
11 + j*(-3)
7 + j*(10)
7 + j*(-4)
18 + j*(-16)
0 + j*(-11)
4 + j*(-1)
-19 + j*(-66)
-23 + j*(-22)
43 + j*(16)
-1 + j*(8)
-8 + j*(18)
-36 + j*(-23)
0 + j*(10)
16 + j*(-51)
24 + j*(34)
-15 + j*(-12)
16 + j*(0)
-16 + j*(7)
-21 + j*(29)
2 + j*(26)
22 + j*(23)
22 + j*(4)
1 + j*(-28)
13 + j*(34)
21 + j*(22)
16 + j*(15)
24 + j*(12)
13 + j*(6)
6 + j*(-25)
-15 + j*(-67)
10 + j*(12)
13 + j*(-42)
10 + j*(3)
-3 + j*(-18)
-16 + j*(7)
23 + j*(-15)
-12 + j*(1)
-16 + j*(20)
8 + j*(-9)
10 + j*(21)
-13 + j*(-18)
-7 + j*(19)
8 + j*(2)
-13 + j*(-3)
-21 + j*(-1)
-8 + j*(3)
-1 + j*(0)
-4 + j*(9)
2 + j*(-10)
-11 + j*(0)
-9 + j*(-17)
17 + j*(26)
19 + j*(21)
8 + j*(22)
48 + j*(-9)
8 + j*(-15)
23 + j*(-9)
5 + j*(22)
11 + j*(7)
-19 + j*(-31)
-32 + j*(-5)
15 + j*(-23)
22 + j*(56)
25 + j*(-8)
5 + j*(-31)
38 + j*(21)
-51 + j*(-14)
32 + j*(15)
1 + j*(-10)
3 + j*(-6)
-3 + j*(-32)
-50 + j*(1)
-11 + j*(-1)
-37 + j*(9)
15 + j*(16)
22 + j*(-11)
21 + j*(-13)
24 + j*(-9)
10 + j*(-21)
29 + j*(17)
55 + j*(-13)
-18 + j*(-19)
-37 + j*(-25)
3 + j*(-47)
-9 + j*(9)
-6 + j*(-17)
41 + j*(7)
8 + j*(6)
-2 + j*(-19)
3 + j*(12)
5 + j*(1)
-1 + j*(-1)
19 + j*(17)
1 + j*(3)
-13 + j*(9)
16 + j*(29)
16 + j*(-45)
13 + j*(-27)
12 + j*(-11)
0 + j*(8)
-41 + j*(-3)
-12 + j*(27)
6 + j*(1)
31 + j*(-10)
20 + j*(-21)
-7 + j*(16)
-17 + j*(-22)
-25 + j*(-40)
-57 + j*(-28)
-22 + j*(22)
12 + j*(7)
-11 + j*(1)
18 + j*(15)
-27 + j*(20)
22 + j*(0)
18 + j*(27)
-7 + j*(4)
-23 + j*(-16)
-7 + j*(7)
-6 + j*(27)
11 + j*(50)
4 + j*(33)
8 + j*(2)
-4 + j*(3)
-12 + j*(5)
-57 + j*(-45)
-13 + j*(19)
27 + j*(35)
16 + j*(-5)
3 + j*(16)
-2 + j*(34)
-17 + j*(4)
44 + j*(-31)
16 + j*(11)
7 + j*(-9)
-25 + j*(9)
12 + j*(15)
30 + j*(-9)
29 + j*(-50)
-19 + j*(-9)
-4 + j*(1)
5 + j*(14)
23 + j*(-22)
-24 + j*(0)
46 + j*(-16)
11 + j*(-5)
15 + j*(8)
20 + j*(21)
-23 + j*(19)
19 + j*(-19)
-40 + j*(-17)
-35 + j*(-27)
-18 + j*(23)
0 + j*(-17)
34 + j*(-34)
-13 + j*(-10)
24 + j*(-21)
20 + j*(0)
-38 + j*(19)
-31 + j*(-53)
28 + j*(-48)
-14 + j*(54)
32 + j*(11)
7 + j*(1)
-20 + j*(17)
30 + j*(23)
-26 + j*(27)
8 + j*(-60)
43 + j*(17)
-5 + j*(-2)
13 + j*(-32)
30 + j*(25)
14 + j*(8)
-13 + j*(-9)
-36 + j*(13)
-4 + j*(-11)
-16 + j*(-11)
-9 + j*(-41)
-44 + j*(27)
-28 + j*(-17)
14 + j*(-12)
-16 + j*(-16)
-45 + j*(2)
39 + j*(-9)
6 + j*(-21)
32 + j*(-16)
-11 + j*(-9)
9 + j*(42)
-5 + j*(27)
33 + j*(28)
6 + j*(-10)
-24 + j*(15)
1 + j*(25)
-79 + j*(33)
-6 + j*(10)
-26 + j*(50)
