rxdataF_rot = [-160 + j*(-6)
-96 + j*(-12)
229 + j*(-63)
-476 + j*(60)
-122 + j*(-406)
340 + j*(934)
272 + j*(-97)
-1177 + j*(686)
1102 + j*(1249)
2283 + j*(-154)
-2606 + j*(1258)
-4092 + j*(3118)
-1395 + j*(-4545)
-2320 + j*(-1542)
2963 + j*(3472)
-3684 + j*(-412)
167 + j*(308)
189 + j*(113)
-534 + j*(176)
344 + j*(-197)
2466 + j*(976)
-743 + j*(-320)
-563 + j*(-42)
304 + j*(-110)
-11463 + j*(-13219)
-13192 + j*(14220)
12820 + j*(14695)
-11994 + j*(14415)
-10768 + j*(-12514)
11570 + j*(11769)
-14314 + j*(12731)
12156 + j*(10554)
-13449 + j*(-15163)
-16148 + j*(15321)
16626 + j*(-13097)
-13211 + j*(-16680)
-12227 + j*(-17044)
12674 + j*(16879)
-14610 + j*(13415)
17213 + j*(-12332)
-14642 + j*(14128)
16633 + j*(-12218)
15147 + j*(-13772)
11992 + j*(15094)
14530 + j*(13033)
-16436 + j*(11117)
15248 + j*(13559)
-14855 + j*(14313)
14548 + j*(-14602)
-14735 + j*(-14793)
14729 + j*(-14849)
14716 + j*(14952)
12367 + j*(14856)
15367 + j*(14616)
-15448 + j*(-14132)
14345 + j*(14667)
-14109 + j*(15008)
11180 + j*(16685)
12304 + j*(-14592)
15755 + j*(-13813)
-15089 + j*(14080)
-11677 + j*(-13899)
13840 + j*(14965)
12703 + j*(-12842)
-14280 + j*(-16785)
-13513 + j*(-13331)
13632 + j*(-13291)
-16409 + j*(13747)
14579 + j*(-13071)
13097 + j*(16688)
16765 + j*(-12703)
-17112 + j*(12550)
10101 + j*(-12732)
-11675 + j*(9489)
13700 + j*(15031)
11693 + j*(11422)
12575 + j*(10454)
-12057 + j*(-14261)
12320 + j*(10659)
13534 + j*(-10189)
-14455 + j*(14421)
14527 + j*(14514)
14681 + j*(-14704)
-14082 + j*(-14276)
-12380 + j*(14598)
14667 + j*(-15298)
13532 + j*(14366)
14713 + j*(-14206)
-10229 + j*(-13639)
-14656 + j*(-12027)
11807 + j*(-12996)
-14550 + j*(-11660)
12991 + j*(12073)
11508 + j*(-11570)
14144 + j*(-12538)
-13043 + j*(-13386)
1 + j*(-2)
-366 + j*(-382)
-199 + j*(374)
111 + j*(-269)
-513 + j*(-480)
-72 + j*(329)
-108 + j*(-825)
376 + j*(-138)
1842 + j*(1772)
-912 + j*(1444)
471 + j*(911)
-747 + j*(-910)
-750 + j*(-20)
-1027 + j*(1661)
-1193 + j*(-481)
1887 + j*(-299)
-1056 + j*(907)
-1107 + j*(-1284)
-1070 + j*(1337)
-1051 + j*(-717)
-2585 + j*(342)
-1538 + j*(-315)
1521 + j*(-159)
1206 + j*(-248)
-179 + j*(-1167)
1179 + j*(-822)
-409 + j*(1363)
-1281 + j*(-258)
-275 + j*(167)
-298 + j*(-2142)
1062 + j*(597)
-574 + j*(-655)
56 + j*(-160)
-9 + j*(99)
44 + j*(175)
433 + j*(-101)
59 + j*(-130)
-323 + j*(-752)
-241 + j*(83)
864 + j*(-582)
-1112 + j*(-3825)
-3129 + j*(-2064)
-161 + j*(-1432)
3247 + j*(-2243)
-2189 + j*(-2428)
-1346 + j*(-299)
1693 + j*(3341)
3525 + j*(1314)
-1272 + j*(395)
913 + j*(1060)
-872 + j*(1223)
-1116 + j*(-356)
1881 + j*(-1143)
-101 + j*(1307)
767 + j*(-112)
-278 + j*(-1175)
603 + j*(-183)
-2203 + j*(597)
193 + j*(1792)
-2988 + j*(729)
-557 + j*(3182)
2444 + j*(2485)
708 + j*(-1978)
582 + j*(1652)
-358 + j*(2398)
-549 + j*(-142)
-551 + j*(216)
576 + j*(303)
1157 + j*(798)
-1120 + j*(-333)
-933 + j*(2239)
-102 + j*(1532)
619 + j*(346)
-146 + j*(-27)
296 + j*(-2094)
2956 + j*(552)
-1835 + j*(-2154)
-514 + j*(728)
-560 + j*(643)
398 + j*(1039)
1174 + j*(1005)
1040 + j*(966)
799 + j*(934)
988 + j*(-905)
-1400 + j*(-1298)
-1193 + j*(552)
1304 + j*(-266)
-932 + j*(-1228)
-579 + j*(-1590)
566 + j*(-1373)
304 + j*(2451)
-1172 + j*(-23)
192 + j*(1873)
38 + j*(-1428)
-1703 + j*(-1095)
2235 + j*(1570)
142 + j*(279)
1776 + j*(-1667)
-1797 + j*(-1598)
102 + j*(386)
-1779 + j*(-951)
800 + j*(-335)
22 + j*(1179)
613 + j*(1069)
-1025 + j*(1028)
-1312 + j*(-264)
-149 + j*(-939)
1398 + j*(1992)
-2295 + j*(1641)
-62 + j*(-1933)
-1240 + j*(-1633)
1970 + j*(719)
-162 + j*(-342)
-8 + j*(33)
235 + j*(159)
-269 + j*(176)
2635 + j*(-513)
-276 + j*(447)
216 + j*(92)
-8 + j*(-383)
-2990 + j*(-1525)
-1625 + j*(-1407)
-1458 + j*(1784)
-1091 + j*(-1433)
1869 + j*(-2163)
1790 + j*(-2182)
-1959 + j*(2033)
-1937 + j*(-2360)
1 + j*(-1)
-363 + j*(286)
-304 + j*(-348)
-114 + j*(15)
-24 + j*(-383)
85 + j*(-41)
-25 + j*(579)
-28 + j*(-111)
-173 + j*(1113)
-197 + j*(-1691)
-134 + j*(-841)
403 + j*(412)
-941 + j*(314)
804 + j*(-284)
-1447 + j*(789)
562 + j*(1102)
448 + j*(816)
-518 + j*(-669)
710 + j*(682)
333 + j*(-727)
-1914 + j*(9)
-139 + j*(704)
-1 + j*(-913)
1004 + j*(-311)
-328 + j*(296)
65 + j*(1155)
143 + j*(523)
357 + j*(-657)
-179 + j*(-750)
18 + j*(1648)
691 + j*(577)
95 + j*(513)
107 + j*(96)
32 + j*(18)
-65 + j*(26)
-301 + j*(89)
28 + j*(-199)
198 + j*(363)
-525 + j*(89)
-299 + j*(240)
-299 + j*(-2330)
-1745 + j*(2761)
329 + j*(-783)
-1497 + j*(1577)
-1984 + j*(973)
209 + j*(925)
969 + j*(2087)
518 + j*(-2306)
-1347 + j*(1040)
1171 + j*(1182)
1049 + j*(916)
-1517 + j*(-1138)
875 + j*(-1398)
662 + j*(1134)
1694 + j*(1312)
-1122 + j*(1145)
-1490 + j*(-888)
1365 + j*(-368)
1410 + j*(1304)
1068 + j*(-393)
-586 + j*(739)
-1254 + j*(-1002)
871 + j*(-1169)
518 + j*(564)
-1153 + j*(129)
-467 + j*(548)
-505 + j*(-538)
4 + j*(627)
-90 + j*(901)
-359 + j*(-772)
189 + j*(-935)
-659 + j*(674)
-647 + j*(128)
-437 + j*(-192)
365 + j*(869)
-982 + j*(-15)
-802 + j*(-609)
94 + j*(125)
843 + j*(-90)
-396 + j*(141)
159 + j*(-483)
276 + j*(189)
229 + j*(-145)
115 + j*(453)
-1438 + j*(189)
86 + j*(396)
-25 + j*(-238)
99 + j*(-456)
-640 + j*(109)
76 + j*(118)
494 + j*(111)
-344 + j*(696)
-254 + j*(-311)
577 + j*(-447)
-435 + j*(-589)
62 + j*(-349)
-47 + j*(-106)
-339 + j*(-341)
319 + j*(-343)
-78 + j*(-241)
162 + j*(-246)
-362 + j*(183)
-252 + j*(558)
-257 + j*(-385)
1148 + j*(209)
295 + j*(-404)
595 + j*(-340)
427 + j*(-34)
83 + j*(-310)
-588 + j*(108)
237 + j*(343)
-312 + j*(512)
558 + j*(-332)
-556 + j*(-632)
603 + j*(387)
486 + j*(342)
1271 + j*(-503)
752 + j*(51)
-387 + j*(155)
-196 + j*(-899)
233 + j*(-278)
-25 + j*(-96)
-75 + j*(-344)
-379 + j*(-139)
-311 + j*(91)
533 + j*(-199)
85 + j*(45)
209 + j*(39)
1 + j*(-3)
57 + j*(322)
55 + j*(-404)
-224 + j*(168)
12 + j*(296)
205 + j*(-269)
95 + j*(-165)
-337 + j*(-115)
71 + j*(-187)
133 + j*(250)
-51 + j*(508)
-17 + j*(9)
-269 + j*(107)
127 + j*(-241)
-194 + j*(557)
53 + j*(120)
317 + j*(47)
-45 + j*(-134)
129 + j*(6)
246 + j*(-81)
-1849 + j*(613)
38 + j*(-65)
-56 + j*(-87)
497 + j*(-127)
67 + j*(-225)
-116 + j*(-158)
36 + j*(468)
-757 + j*(-189)
196 + j*(38)
281 + j*(-666)
305 + j*(169)
2 + j*(-178)
-101 + j*(46)
-2 + j*(18)
0 + j*(21)
150 + j*(-58)
157 + j*(-33)
-30 + j*(-29)
-467 + j*(17)
-91 + j*(59)
371 + j*(304)
-328 + j*(-66)
313 + j*(-52)
-367 + j*(244)
447 + j*(-61)
86 + j*(-64)
-241 + j*(-392)
243 + j*(-358)
80 + j*(87)
-157 + j*(-178)
-260 + j*(-21)
89 + j*(40)
1714 + j*(-663)
11 + j*(184)
-11 + j*(-24)
-179 + j*(-465)
-148 + j*(-208)
24 + j*(236)
146 + j*(251)
478 + j*(-90)
295 + j*(154)
139 + j*(-131)
447 + j*(-202)
207 + j*(333)
-71 + j*(-111)
-225 + j*(382)
-240 + j*(-413)
-282 + j*(519)
-275 + j*(392)
125 + j*(-621)
66 + j*(-28)
-580 + j*(23)
-468 + j*(-61)
19 + j*(56)
-361 + j*(65)
-200 + j*(-58)
53 + j*(4)
-135 + j*(-83)
-1 + j*(-147)
153 + j*(-139)
-51 + j*(142)
-144 + j*(-215)
-5 + j*(125)
-72 + j*(-180)
-1566 + j*(382)
-70 + j*(115)
113 + j*(43)
479 + j*(41)
-106 + j*(-124)
64 + j*(-49)
39 + j*(176)
-192 + j*(-417)
-69 + j*(-16)
-91 + j*(-94)
156 + j*(-307)
318 + j*(202)
-69 + j*(74)
264 + j*(-234)
-276 + j*(-226)
37 + j*(94)
-272 + j*(-145)
57 + j*(-40)
-297 + j*(66)
-2 + j*(-6)
-23 + j*(164)
-68 + j*(356)
258 + j*(137)
-59 + j*(-248)
-242 + j*(-45)
113 + j*(83)
128 + j*(241)
132 + j*(-311)
418 + j*(-148)
-361 + j*(-383)
230 + j*(-181)
398 + j*(206)
1603 + j*(-254)
371 + j*(-206)
-379 + j*(-339)
-348 + j*(106)
-365 + j*(-108)
162 + j*(48)
-87 + j*(-31)
268 + j*(214)
-27 + j*(-346)
-25 + j*(124)
238 + j*(-158)
-144 + j*(-199)
-2 + j*(-2)
85 + j*(-7)
73 + j*(-48)
-174 + j*(163)
-281 + j*(369)
186 + j*(-295)
-63 + j*(-110)
-409 + j*(-88)
119 + j*(-119)
317 + j*(-128)
83 + j*(-127)
-94 + j*(-157)
155 + j*(-279)
-65 + j*(30)
-168 + j*(91)
-181 + j*(258)
198 + j*(75)
60 + j*(22)
260 + j*(73)
205 + j*(-89)
-1897 + j*(523)
-126 + j*(133)
43 + j*(-296)
147 + j*(42)
-117 + j*(34)
-135 + j*(188)
61 + j*(158)
-195 + j*(-275)
149 + j*(27)
40 + j*(-76)
-51 + j*(-173)
115 + j*(80)
-7 + j*(-78)
8 + j*(15)
-27 + j*(16)
-28 + j*(9)
