rxdataF_rot = [-1600 + j*(15893)
-1203 + j*(13550)
-13172 + j*(-2132)
-12357 + j*(5873)
-15396 + j*(-1528)
15040 + j*(-462)
2541 + j*(-14736)
-1847 + j*(-14144)
6785 + j*(14166)
17346 + j*(2682)
5791 + j*(13518)
730 + j*(16563)
-14786 + j*(6309)
11850 + j*(11908)
904 + j*(16421)
-2879 + j*(-14895)
1091 + j*(-16806)
-12754 + j*(2083)
15645 + j*(910)
-14020 + j*(11772)
13428 + j*(-4304)
12123 + j*(-1368)
-2348 + j*(11245)
-7910 + j*(9371)
14969 + j*(-220)
-6964 + j*(-15021)
-14196 + j*(3448)
-4338 + j*(-12070)
-11505 + j*(-310)
-15063 + j*(991)
-5392 + j*(-14024)
16782 + j*(190)
2464 + j*(14979)
1250 + j*(16233)
-1523 + j*(-14843)
-14599 + j*(4145)
14569 + j*(-4181)
285 + j*(13459)
-3227 + j*(-12900)
14934 + j*(4622)
967 + j*(-15664)
-7286 + j*(-14413)
-14271 + j*(2878)
-12857 + j*(7984)
-14243 + j*(684)
-11311 + j*(492)
5366 + j*(15044)
-13687 + j*(4259)
3412 + j*(15416)
12789 + j*(-7022)
968 + j*(16226)
-14959 + j*(-2448)
11870 + j*(11987)
1861 + j*(15533)
-3078 + j*(15998)
2285 + j*(-14964)
-3730 + j*(-14442)
-158 + j*(16368)
-13737 + j*(11340)
-4568 + j*(-10440)
15640 + j*(-1197)
-14372 + j*(1049)
13716 + j*(-8160)
8790 + j*(-12534)
15411 + j*(-2652)
-1060 + j*(15160)
1070 + j*(14496)
-4790 + j*(-12802)
15593 + j*(-2500)
4033 + j*(13809)
3112 + j*(16027)
3249 + j*(15596)
15234 + j*(-5816)
-14115 + j*(610)
6055 + j*(14724)
12524 + j*(278)
482 + j*(-12220)
2810 + j*(15986)
-14913 + j*(8174)
-14061 + j*(-468)
-9280 + j*(-13420)
15385 + j*(-602)
881 + j*(15991)
13596 + j*(812)
5543 + j*(15167)
-12689 + j*(8844)
4786 + j*(14471)
-4716 + j*(-8167)
-15693 + j*(-4070)
14141 + j*(-5964)
15742 + j*(-3354)
-12912 + j*(-567)
-5248 + j*(-14764)
1444 + j*(-15992)
-14931 + j*(5099)
-13839 + j*(2678)
-13909 + j*(10706)
4753 + j*(9958)
4578 + j*(14459)
-13424 + j*(9030)
7907 + j*(14707)
-3171 + j*(-15365)
-15452 + j*(5539)
-3655 + j*(-15506)
-15949 + j*(1719)
13931 + j*(-1777)
1169 + j*(13422)
14303 + j*(-253)
-4921 + j*(17865)
-1244 + j*(-13144)
2291 + j*(-14778)
16801 + j*(1596)
1081 + j*(14566)
13832 + j*(213)
-2175 + j*(15897)
4120 + j*(13399)
3046 + j*(15086)
-2326 + j*(-13159)
13294 + j*(-175)
-2181 + j*(6414)
-26 + j*(1108)
1608 + j*(-3578)
3962 + j*(-820)
-878 + j*(-2754)
-2110 + j*(-6345)
3452 + j*(421)
732 + j*(2464)
-1264 + j*(-425)
-4640 + j*(849)
-1481 + j*(-4284)
-53 + j*(-1897)
1206 + j*(-2654)
1299 + j*(5348)
2570 + j*(3604)
-2589 + j*(1929)
-1031 + j*(70)
1076 + j*(-2754)
2664 + j*(-1840)
-2838 + j*(514)
1312 + j*(3756)
3589 + j*(-2984)
-2501 + j*(-195)
3884 + j*(1366)
-1587 + j*(1075)
1883 + j*(-2232)
-2043 + j*(3981)
1186 + j*(781)
-1049 + j*(-363)
-787 + j*(-2992)
-8874 + j*(1193)
3624 + j*(2020)
4957 + j*(4327)
-2053 + j*(3106)
2405 + j*(1651)
-2410 + j*(-312)
-4125 + j*(-2555)
5586 + j*(-858)
615 + j*(609)
-1373 + j*(-454)
4642 + j*(-3225)
4454 + j*(-2151)
-2272 + j*(-99)
-1816 + j*(3309)
-325 + j*(-720)
1096 + j*(2735)
1619 + j*(638)
3959 + j*(-140)
625 + j*(4836)
2064 + j*(-4129)
-746 + j*(-32)
1523 + j*(-638)
1231 + j*(-233)
-124 + j*(192)
-5520 + j*(355)
609 + j*(1437)
2904 + j*(-1390)
-545 + j*(1265)
396 + j*(-308)
5719 + j*(289)
1539 + j*(-5762)
-1488 + j*(-1563)
607 + j*(-3189)
-1761 + j*(2257)
-5937 + j*(863)
-1510 + j*(-264)
1692 + j*(44)
-1188 + j*(-138)
-3284 + j*(-1559)
2716 + j*(4422)
-121 + j*(-145)
576 + j*(470)
-2178 + j*(2847)
1465 + j*(-763)
-262 + j*(-1058)
407 + j*(-1321)
1811 + j*(-274)
464 + j*(-853)
660 + j*(1478)
207 + j*(37)
-903 + j*(631)
-631 + j*(-39)
-53 + j*(3192)
-1334 + j*(-1995)
2699 + j*(1092)
1390 + j*(-1016)
1525 + j*(-100)
1088 + j*(-324)
3821 + j*(100)
11 + j*(-3425)
-780 + j*(552)
-2087 + j*(-110)
2951 + j*(2520)
1396 + j*(1381)
1211 + j*(-1155)
-996 + j*(2997)
1051 + j*(-3234)
-1466 + j*(-1072)
-1535 + j*(1020)
962 + j*(2418)
524 + j*(3453)
-2721 + j*(5680)
349 + j*(2777)
-3193 + j*(-129)
231 + j*(-4274)
-1360 + j*(349)
-1242 + j*(487)
1098 + j*(672)
300 + j*(-2053)
-1213 + j*(-127)
106 + j*(2300)
796 + j*(1273)
-75 + j*(2414)
-1237 + j*(-1410)
580 + j*(1039)
-220 + j*(-3399)
2189 + j*(1035)
-1346 + j*(714)
552 + j*(-1162)
-3009 + j*(-1343)
-1489 + j*(1955)
-457 + j*(-1504)
-2906 + j*(-635)
-1650 + j*(2376)
434 + j*(-818)
-2115 + j*(514)
911 + j*(4555)
51 + j*(2739)
615 + j*(6628)
232 + j*(-68)
489 + j*(-681)
284 + j*(-315)
249 + j*(438)
-1975 + j*(-1669)
-1309 + j*(-65)
710 + j*(-1087)
-733 + j*(2675)
-793 + j*(-521)
241 + j*(283)
12 + j*(944)
213 + j*(-693)
-382 + j*(-770)
-1082 + j*(277)
726 + j*(447)
-726 + j*(-725)
458 + j*(538)
-338 + j*(466)
-1330 + j*(134)
-696 + j*(-1281)
-1575 + j*(201)
176 + j*(-313)
-811 + j*(49)
418 + j*(-127)
712 + j*(-104)
1108 + j*(903)
-1269 + j*(-260)
718 + j*(2810)
479 + j*(671)
-5769 + j*(517)
873 + j*(1024)
-1550 + j*(-3369)
-7 + j*(723)
84 + j*(153)
-1430 + j*(17)
484 + j*(736)
2282 + j*(-1130)
-836 + j*(-467)
-624 + j*(1353)
-1110 + j*(-2436)
-1078 + j*(479)
-544 + j*(-2192)
-595 + j*(-328)
812 + j*(-1390)
-1795 + j*(-1675)
1087 + j*(1735)
-63 + j*(-387)
-623 + j*(1006)
-415 + j*(-74)
-524 + j*(502)
162 + j*(-910)
-224 + j*(413)
17 + j*(670)
-534 + j*(863)
635 + j*(838)
-1428 + j*(-440)
-293 + j*(883)
2050 + j*(9)
-195 + j*(-594)
-495 + j*(1117)
1103 + j*(-1080)
-30 + j*(-1259)
1891 + j*(-1007)
1848 + j*(865)
162 + j*(686)
251 + j*(-219)
99 + j*(376)
-447 + j*(-1026)
1447 + j*(2956)
-605 + j*(-79)
103 + j*(-432)
1527 + j*(1655)
762 + j*(355)
38 + j*(171)
426 + j*(-139)
-587 + j*(46)
-1189 + j*(13)
-457 + j*(851)
-343 + j*(-175)
-631 + j*(211)
-417 + j*(1019)
293 + j*(440)
-251 + j*(940)
-222 + j*(1100)
988 + j*(-77)
704 + j*(-767)
-1003 + j*(-773)
298 + j*(-424)
47 + j*(-515)
92 + j*(-321)
-626 + j*(-194)
207 + j*(433)
-176 + j*(1145)
2466 + j*(1372)
965 + j*(-59)
102 + j*(912)
1013 + j*(-453)
343 + j*(236)
195 + j*(-902)
868 + j*(378)
-2930 + j*(1848)
347 + j*(305)
-620 + j*(-332)
-1382 + j*(-424)
712 + j*(144)
-279 + j*(-62)
191 + j*(-159)
215 + j*(146)
-375 + j*(-871)
-149 + j*(1011)
212 + j*(215)
-854 + j*(787)
-505 + j*(-731)
312 + j*(643)
337 + j*(337)
-263 + j*(728)
-132 + j*(-870)
-323 + j*(-929)
-726 + j*(224)
55 + j*(679)
276 + j*(343)
235 + j*(89)
-599 + j*(67)
1056 + j*(-90)
197 + j*(812)
-759 + j*(1294)
-698 + j*(961)
253 + j*(-2)
192 + j*(-40)
543 + j*(302)
61 + j*(28)
-154 + j*(-693)
-1594 + j*(-1259)
-244 + j*(215)
383 + j*(-355)
2276 + j*(118)
-104 + j*(-13)
-214 + j*(-191)
-322 + j*(21)
293 + j*(349)
-21 + j*(248)
-295 + j*(160)
241 + j*(-208)
-159 + j*(-243)
34 + j*(1248)
115 + j*(-201)
-14 + j*(-899)
522 + j*(-561)
33 + j*(-445)
-42 + j*(438)
158 + j*(237)
87 + j*(670)
171 + j*(132)
163 + j*(921)
-545 + j*(210)
69 + j*(692)
120 + j*(249)
-2135 + j*(232)
-39 + j*(228)
-121 + j*(-422)
-169 + j*(512)
-496 + j*(36)
-65 + j*(-82)
-238 + j*(-454)
1801 + j*(-1160)
14 + j*(189)
26 + j*(147)
-1231 + j*(332)
-18 + j*(-225)
-162 + j*(-151)
-429 + j*(-91)
669 + j*(415)
-171 + j*(-248)
-246 + j*(206)
-487 + j*(-163)
-684 + j*(569)
-502 + j*(-13)
-734 + j*(-209)
994 + j*(-487)
35 + j*(380)
-537 + j*(485)
451 + j*(-199)
345 + j*(-320)
498 + j*(-478)
-232 + j*(-446)
-120 + j*(-586)
298 + j*(-635)
395 + j*(-30)
170 + j*(26)
-178 + j*(-330)
-442 + j*(278)
676 + j*(639)
-48 + j*(-229)
28 + j*(-192)
355 + j*(-33)
-342 + j*(-40)
897 + j*(1662)
-63 + j*(-363)
-36 + j*(200)
1491 + j*(-1281)
-148 + j*(73)
-116 + j*(-196)
34 + j*(80)
351 + j*(432)
-172 + j*(261)
-402 + j*(71)
-240 + j*(79)
-123 + j*(-240)
-175 + j*(421)
29 + j*(69)
-472 + j*(-171)
236 + j*(450)
-6 + j*(332)
-333 + j*(-302)
227 + j*(163)
183 + j*(174)
164 + j*(89)
390 + j*(55)
-64 + j*(-166)
-316 + j*(40)
624 + j*(-58)
1318 + j*(120)
-275 + j*(-159)
-299 + j*(274)
-32 + j*(-142)
-283 + j*(-73)
207 + j*(-157)
-127 + j*(-305)
-1040 + j*(1459)
9 + j*(59)
71 + j*(-477)
-885 + j*(752)
-24 + j*(167)
103 + j*(197)
152 + j*(23)
254 + j*(-305)
-216 + j*(-283)
99 + j*(584)
-249 + j*(-4)
-740 + j*(404)
158 + j*(-68)
212 + j*(75)
384 + j*(-202)
118 + j*(20)
-47 + j*(468)
-22 + j*(-386)
-219 + j*(-232)
132 + j*(-126)
-246 + j*(168)
-219 + j*(143)
140 + j*(254)
209 + j*(21)
-34 + j*(445)
-181 + j*(1403)
