rxdata = [3871 + j*(464)
3860 + j*(1429)
3714 + j*(2428)
3449 + j*(3418)
3067 + j*(4386)
2591 + j*(5303)
2030 + j*(6147)
1406 + j*(6900)
744 + j*(7544)
58 + j*(8070)
-622 + j*(8459)
-1282 + j*(8723)
-1897 + j*(8834)
-2450 + j*(8824)
-2925 + j*(8671)
-3303 + j*(8403)
-3585 + j*(8020)
-3748 + j*(7544)
-3803 + j*(6980)
-3738 + j*(6359)
-3562 + j*(5683)
-3280 + j*(4988)
-2901 + j*(4274)
-2438 + j*(3575)
-1911 + j*(2896)
-1325 + j*(2257)
-714 + j*(1664)
-83 + j*(1141)
534 + j*(675)
1131 + j*(301)
1675 + j*(-19)
2163 + j*(-242)
2565 + j*(-408)
2878 + j*(-491)
3086 + j*(-525)
3180 + j*(-499)
3164 + j*(-434)
3020 + j*(-337)
2772 + j*(-221)
2402 + j*(-94)
1936 + j*(28)
1374 + j*(137)
733 + j*(227)
29 + j*(282)
-726 + j*(307)
-1513 + j*(290)
-2310 + j*(227)
-3113 + j*(128)
-3885 + j*(-17)
-4634 + j*(-200)
-5322 + j*(-413)
-5960 + j*(-661)
-6518 + j*(-923)
-7000 + j*(-1208)
-7398 + j*(-1493)
-7698 + j*(-1782)
-7922 + j*(-2062)
-8040 + j*(-2326)
-8083 + j*(-2573)
-8034 + j*(-2788)
-7912 + j*(-2980)
-7713 + j*(-3131)
-7459 + j*(-3254)
-7137 + j*(-3331)
-6780 + j*(-3380)
-6372 + j*(-3383)
-5944 + j*(-3360)
-5485 + j*(-3297)
-5016 + j*(-3208)
-4537 + j*(-3092)
-4059 + j*(-2955)
-3586 + j*(-2794)
-3125 + j*(-2631)
-2681 + j*(-2444)
-2255 + j*(-2269)
-1856 + j*(-2078)
-1484 + j*(-1909)
-1143 + j*(-1739)
-834 + j*(-1597)
-554 + j*(-1466)
-310 + j*(-1370)
-98 + j*(-1299)
88 + j*(-1269)
239 + j*(-1273)
376 + j*(-1323)
483 + j*(-1412)
583 + j*(-1549)
670 + j*(-1729)
753 + j*(-1944)
846 + j*(-2207)
938 + j*(-2490)
1053 + j*(-2809)
1184 + j*(-3135)
1342 + j*(-3472)
1529 + j*(-3799)
1742 + j*(-4111)
1988 + j*(-4389)
2258 + j*(-4625)
2560 + j*(-4803)
2874 + j*(-4915)
3206 + j*(-4941)
3536 + j*(-4890)
3867 + j*(-4734)
4175 + j*(-4491)
4458 + j*(-4148)
4702 + j*(-3708)
4892 + j*(-3185)
5027 + j*(-2580)
5092 + j*(-1913)
5078 + j*(-1195)
4998 + j*(-447)
4824 + j*(315)
4588 + j*(1065)
4268 + j*(1789)
3892 + j*(2458)
3460 + j*(3061)
2989 + j*(3573)
2494 + j*(3988)
1992 + j*(4285)
1501 + j*(4466)
1038 + j*(4518)
620 + j*(4452)
264 + j*(4264)
-18 + j*(3968)
-210 + j*(3580)
-313 + j*(3105)
-311 + j*(2576)
-212 + j*(2004)
-16 + j*(1413)
279 + j*(829)
642 + j*(267)
1089 + j*(-249)
1578 + j*(-703)
2112 + j*(-1076)
2662 + j*(-1363)
3215 + j*(-1553)
3753 + j*(-1636)
4263 + j*(-1624)
4723 + j*(-1500)
5133 + j*(-1297)
5476 + j*(-994)
5750 + j*(-628)
5960 + j*(-193)
6091 + j*(290)
6165 + j*(803)
6177 + j*(1344)
6143 + j*(1885)
6070 + j*(2433)
5965 + j*(2957)
5849 + j*(3471)
5715 + j*(3947)
5588 + j*(4398)
5463 + j*(4809)
5345 + j*(5184)
5241 + j*(5517)
5140 + j*(5814)
5043 + j*(6061)
4942 + j*(6276)
4824 + j*(6433)
4693 + j*(6551)
4513 + j*(6606)
4306 + j*(6613)
4030 + j*(6543)
3710 + j*(6411)
3312 + j*(6189)
2862 + j*(5887)
2334 + j*(5491)
1765 + j*(4996)
1138 + j*(4405)
487 + j*(3713)
-182 + j*(2932)
-841 + j*(2062)
-1475 + j*(1124)
-2053 + j*(127)
-2562 + j*(-904)
-2968 + j*(-1943)
-3260 + j*(-2967)
-3420 + j*(-3946)
-3430 + j*(-4843)
-3295 + j*(-5642)
-2999 + j*(-6294)
-2561 + j*(-6795)
-1976 + j*(-7103)
-1272 + j*(-7216)
-463 + j*(-7110)
422 + j*(-6791)
1362 + j*(-6254)
2314 + j*(-5517)
3266 + j*(-4595)
4166 + j*(-3511)
5003 + j*(-2303)
5744 + j*(-1001)
6365 + j*(346)
6858 + j*(1700)
7205 + j*(3015)
7407 + j*(4244)
7465 + j*(5352)
7382 + j*(6296)
7178 + j*(7052)
6864 + j*(7593)
6466 + j*(7903)
6007 + j*(7978)
5505 + j*(7824)
4998 + j*(7445)
4489 + j*(6870)
4015 + j*(6120)
3583 + j*(5233)
3206 + j*(4245)
2890 + j*(3204)
2639 + j*(2141)
2438 + j*(1114)
2300 + j*(145)
2182 + j*(-714)
2099 + j*(-1449)
2003 + j*(-2024)
1901 + j*(-2438)
1760 + j*(-2670)
1564 + j*(-2739)
1316 + j*(-2637)
980 + j*(-2400)
587 + j*(-2034)
108 + j*(-1580)
-427 + j*(-1064)
-1010 + j*(-521)
-1630 + j*(20)
-2241 + j*(517)
-2840 + j*(961)
-3380 + j*(1307)
-3835 + j*(1557)
-4180 + j*(1687)
-4378 + j*(1702)
-4419 + j*(1598)
-4275 + j*(1392)
-3942 + j*(1091)
-3416 + j*(724)
-2702 + j*(306)
-1816 + j*(-130)
-783 + j*(-567)
378 + j*(-971)
1615 + j*(-1325)
2902 + j*(-1613)
4183 + j*(-1812)
5420 + j*(-1932)
6566 + j*(-1945)
7574 + j*(-1884)
8413 + j*(-1739)
9044 + j*(-1531)
9450 + j*(-1288)
9607 + j*(-1015)
9513 + j*(-760)
9172 + j*(-524)
8593 + j*(-350)
7801 + j*(-243)
6820 + j*(-233)
5690 + j*(-321)
4449 + j*(-525)
3145 + j*(-830)
1814 + j*(-1246)
509 + j*(-1744)
-741 + j*(-2322)
-1886 + j*(-2942)
-2906 + j*(-3594)
-3774 + j*(-4236)
-4476 + j*(-4848)
-5000 + j*(-5404)
-5354 + j*(-5871)
-5540 + j*(-6241)
-5574 + j*(-6489)
-5478 + j*(-6610)
-5271 + j*(-6603)
-4988 + j*(-6471)
-4644 + j*(-6225)
-4280 + j*(-5883)
-3904 + j*(-5474)
-3548 + j*(-5007)
-3219 + j*(-4539)
-2933 + j*(-4070)
-2687 + j*(-3656)
-2487 + j*(-3304)
-2315 + j*(-3050)
-2167 + j*(-2904)
-2021 + j*(-2884)
-1859 + j*(-2990)
-1666 + j*(-3216)
-1415 + j*(-3562)
-1097 + j*(-3991)
-690 + j*(-4500)
-190 + j*(-5040)
403 + j*(-5591)
1094 + j*(-6111)
1863 + j*(-6564)
2701 + j*(-6919)
3581 + j*(-7145)
4472 + j*(-7211)
5348 + j*(-7107)
6163 + j*(-6813)
6895 + j*(-6333)
7489 + j*(-5668)
7933 + j*(-4836)
8176 + j*(-3855)
8212 + j*(-2760)
8018 + j*(-1580)
7584 + j*(-365)
6914 + j*(853)
6019 + j*(2029)
4916 + j*(3117)
3638 + j*(4087)
2212 + j*(4894)
688 + j*(5528)
-898 + j*(5956)
-2484 + j*(6179)
-4039 + j*(6188)
-5494 + j*(5995)
-6823 + j*(5619)
-7977 + j*(5074)
-8926 + j*(4407)
-9645 + j*(3633)
-10114 + j*(2809)
-10333 + j*(1961)
-10294 + j*(1134)
-10021 + j*(367)
-9517 + j*(-314)
-8819 + j*(-873)
-7955 + j*(-1298)
-6959 + j*(-1565)
-5870 + j*(-1678)
-4727 + j*(-1625)
-3567 + j*(-1433)
-2425 + j*(-1093)
-1336 + j*(-650)
-316 + j*(-104)
595 + j*(494)
1402 + j*(1139)
2082 + j*(1778)
2634 + j*(2408)
3066 + j*(2984)
3376 + j*(3501)
3581 + j*(3931)
3690 + j*(4273)
3719 + j*(4516)
3676 + j*(4661)
3590 + j*(4712)
3453 + j*(4674)
3297 + j*(4569)
3111 + j*(4396)
2908 + j*(4185)
2697 + j*(3936)
2457 + j*(3679)
2210 + j*(3410)
1931 + j*(3155)
1627 + j*(2905)
1289 + j*(2678)
915 + j*(2461)
497 + j*(2259)
47 + j*(2064)
-448 + j*(1867)
-966 + j*(1660)
-1508 + j*(1434)
-2058 + j*(1175)
-2599 + j*(887)
-3119 + j*(550)
-3592 + j*(177)
-4012 + j*(-242)
-4343 + j*(-696)
-4587 + j*(-1183)
-4720 + j*(-1676)
-4739 + j*(-2186)
-4634 + j*(-2662)
-4412 + j*(-3123)
-4071 + j*(-3521)
-3628 + j*(-3856)
-3098 + j*(-4104)
-2497 + j*(-4260)
-1851 + j*(-4312)
-1192 + j*(-4256)
-531 + j*(-4100)
80 + j*(-3845)
650 + j*(-3509)
1119 + j*(-3110)
1500 + j*(-2660)
1763 + j*(-2204)
1906 + j*(-1745)
1932 + j*(-1335)
1839 + j*(-983)
1646 + j*(-721)
1371 + j*(-574)
1028 + j*(-551)
661 + j*(-671)
274 + j*(-929)
-78 + j*(-1336)
-383 + j*(-1864)
-609 + j*(-2517)
-735 + j*(-3256)
-738 + j*(-4065)
-624 + j*(-4904)
-362 + j*(-5747)
14 + j*(-6553)
521 + j*(-7294)
1120 + j*(-7932)
1804 + j*(-8447)
2526 + j*(-8810)
3275 + j*(-9012)
3998 + j*(-9041)
4671 + j*(-8888)
5257 + j*(-8582)
5725 + j*(-8104)
6054 + j*(-7509)
6223 + j*(-6790)
6220 + j*(-6002)
6042 + j*(-5158)
5693 + j*(-4303)
5189 + j*(-3461)
4543 + j*(-2666)
3795 + j*(-1942)
2962 + j*(-1305)
2095 + j*(-778)
1224 + j*(-360)
386 + j*(-57)
-366 + j*(138)
-1026 + j*(239)
-1533 + j*(260)
-1892 + j*(228)
-2070 + j*(159)
-2070 + j*(89)
-1890 + j*(30)
-1542 + j*(15)
-1042 + j*(62)
-417 + j*(180)
307 + j*(385)
1086 + j*(672)
1898 + j*(1040)
2690 + j*(1486)
3437 + j*(1970)
4101 + j*(2504)
4654 + j*(3022)
5074 + j*(3529)
5343 + j*(3975)
5453 + j*(4327)
5397 + j*(4576)
5193 + j*(4672)
4837 + j*(4620)
4362 + j*(4388)
3781 + j*(3980)
3125 + j*(3396)
2421 + j*(2639)
1701 + j*(1738)
988 + j*(699)
314 + j*(-428)
-300 + j*(-1627)
-843 + j*(-2849)
-1285 + j*(-4059)
-1634 + j*(-5226)
-1876 + j*(-6295)
-2016 + j*(-7255)
-2064 + j*(-8054)
-2023 + j*(-8693)
-1909 + j*(-9130)
-1742 + j*(-9383)
-1524 + j*(-9422)
-1291 + j*(-9271)
-1034 + j*(-8934)
-784 + j*(-8423)
-541 + j*(-7771)
-316 + j*(-6984)
-112 + j*(-6109)
62 + j*(-5154)
224 + j*(-4164)
350 + j*(-3146)
472 + j*(-2139)
573 + j*(-1157)
666 + j*(-215)
761 + j*(668)
839 + j*(1488)
929 + j*(2232)
1005 + j*(2899)
1078 + j*(3489)
1135 + j*(3995)
1171 + j*(4425)
1179 + j*(4773)
1147 + j*(5043)
1074 + j*(5231)
941 + j*(5342)
757 + j*(5364)
