rxdataF_rot = [-351 + j*(-171)
-66 + j*(216)
244 + j*(332)
-104 + j*(60)
365 + j*(-971)
677 + j*(-912)
341 + j*(824)
-678 + j*(-1025)
-3320 + j*(-539)
1190 + j*(2132)
-2122 + j*(2046)
-3777 + j*(-707)
2715 + j*(-472)
-2747 + j*(-110)
-534 + j*(-3237)
134 + j*(-891)
546 + j*(-372)
-636 + j*(304)
685 + j*(-372)
149 + j*(208)
-264 + j*(548)
-358 + j*(-337)
-799 + j*(-776)
-756 + j*(833)
-9120 + j*(-16576)
5687 + j*(14934)
16436 + j*(-7516)
17145 + j*(-9171)
1544 + j*(-17739)
10901 + j*(13393)
1376 + j*(-16850)
2322 + j*(-15153)
-2287 + j*(15179)
-14376 + j*(-2820)
12456 + j*(568)
1877 + j*(-11389)
-4801 + j*(10502)
12429 + j*(5997)
-11362 + j*(-5462)
10776 + j*(6482)
-6365 + j*(9231)
9171 + j*(-10059)
-10422 + j*(10579)
10802 + j*(-8158)
-9309 + j*(-11209)
-11750 + j*(8338)
13415 + j*(-9860)
-9063 + j*(-14355)
15476 + j*(-8093)
16534 + j*(-8649)
17538 + j*(-8714)
-18739 + j*(7990)
3408 + j*(19879)
-4930 + j*(-20094)
-19528 + j*(6654)
7698 + j*(19148)
19339 + j*(-4154)
-9087 + j*(-16174)
7172 + j*(17898)
2287 + j*(16694)
-484 + j*(-17642)
-17781 + j*(1065)
17867 + j*(-519)
-14431 + j*(-471)
15647 + j*(1027)
-12404 + j*(-1772)
2158 + j*(-14109)
13499 + j*(2767)
10910 + j*(3952)
-12468 + j*(-4312)
-6391 + j*(10477)
7046 + j*(-10164)
10285 + j*(10434)
-11199 + j*(-11745)
16063 + j*(3259)
-2756 + j*(15942)
11061 + j*(-9178)
9912 + j*(15464)
10980 + j*(-12260)
-12598 + j*(9062)
15288 + j*(-8310)
-16624 + j*(8209)
17724 + j*(-8255)
18119 + j*(-8622)
-20723 + j*(4470)
-5796 + j*(-20321)
19677 + j*(-6436)
-7504 + j*(-19311)
6353 + j*(16499)
-15705 + j*(7345)
6716 + j*(15852)
-14930 + j*(10131)
-17101 + j*(-1470)
-16473 + j*(-679)
-14449 + j*(9147)
14826 + j*(2801)
156 + j*(-211)
-133 + j*(-37)
114 + j*(-615)
-40 + j*(-176)
-410 + j*(-625)
956 + j*(-212)
529 + j*(-160)
-656 + j*(311)
853 + j*(824)
-2366 + j*(685)
500 + j*(-434)
1390 + j*(756)
232 + j*(-404)
1432 + j*(976)
336 + j*(-512)
621 + j*(-2151)
-1489 + j*(-854)
1157 + j*(246)
1215 + j*(203)
1355 + j*(-82)
1115 + j*(310)
-1403 + j*(-427)
611 + j*(-1254)
-1166 + j*(-571)
1047 + j*(-1291)
-1534 + j*(-776)
974 + j*(-763)
350 + j*(988)
-916 + j*(-1522)
262 + j*(-121)
-236 + j*(-601)
51 + j*(-463)
141 + j*(-329)
155 + j*(31)
-94 + j*(-260)
138 + j*(-144)
-908 + j*(-4)
-78 + j*(519)
-631 + j*(-45)
505 + j*(-2)
-1064 + j*(-3099)
964 + j*(2897)
2732 + j*(-2698)
2600 + j*(1582)
-588 + j*(212)
-1902 + j*(-2202)
-823 + j*(-2669)
-2017 + j*(429)
-1716 + j*(-489)
1446 + j*(566)
-1474 + j*(-498)
1427 + j*(715)
48 + j*(-1276)
1397 + j*(-326)
-209 + j*(1552)
1436 + j*(179)
1796 + j*(55)
-928 + j*(-902)
1754 + j*(-228)
-922 + j*(365)
-2761 + j*(291)
1668 + j*(-1721)
-149 + j*(-1675)
-2521 + j*(647)
-1778 + j*(-2190)
2252 + j*(-1773)
-885 + j*(-703)
-524 + j*(497)
1727 + j*(118)
-1706 + j*(1956)
-2093 + j*(42)
1942 + j*(-55)
880 + j*(-580)
-444 + j*(-435)
-1797 + j*(-490)
-873 + j*(1080)
-1959 + j*(618)
931 + j*(-394)
-1121 + j*(-2189)
-1313 + j*(55)
-1475 + j*(-144)
-201 + j*(-1799)
-194 + j*(-1776)
-1272 + j*(85)
814 + j*(1828)
64 + j*(1419)
180 + j*(-1696)
-1709 + j*(-175)
-500 + j*(-309)
453 + j*(2806)
-1283 + j*(-263)
543 + j*(-816)
-1008 + j*(-751)
1762 + j*(1311)
745 + j*(426)
1953 + j*(-325)
1556 + j*(1140)
-1332 + j*(498)
-880 + j*(1839)
2148 + j*(594)
575 + j*(-710)
1788 + j*(314)
-1268 + j*(-846)
1167 + j*(819)
-1448 + j*(846)
-1343 + j*(668)
1237 + j*(-1255)
-2367 + j*(-1564)
-218 + j*(-484)
-1684 + j*(789)
-1968 + j*(1660)
892 + j*(192)
-119 + j*(-24)
48 + j*(407)
-136 + j*(-456)
316 + j*(-16)
-227 + j*(-242)
50 + j*(-78)
-300 + j*(444)
452 + j*(301)
492 + j*(2676)
3337 + j*(-2100)
-2173 + j*(1780)
-1831 + j*(-2240)
1211 + j*(2139)
2212 + j*(-1149)
-1824 + j*(2002)
-1506 + j*(-1669)
181 + j*(-163)
24 + j*(-110)
-189 + j*(235)
204 + j*(287)
192 + j*(245)
-200 + j*(664)
58 + j*(299)
-183 + j*(-257)
566 + j*(-834)
424 + j*(1716)
-23 + j*(349)
-753 + j*(-487)
409 + j*(28)
482 + j*(-951)
-341 + j*(418)
15 + j*(-1241)
-318 + j*(778)
659 + j*(241)
745 + j*(214)
-119 + j*(867)
-406 + j*(-290)
-1190 + j*(-230)
-521 + j*(-162)
-130 + j*(447)
144 + j*(1020)
-2058 + j*(-635)
-366 + j*(-181)
51 + j*(-134)
450 + j*(705)
-54 + j*(-49)
-1085 + j*(-326)
49 + j*(440)
303 + j*(103)
0 + j*(-55)
-57 + j*(44)
245 + j*(-170)
209 + j*(269)
-38 + j*(228)
83 + j*(-392)
-196 + j*(535)
2000 + j*(41)
1832 + j*(-542)
1381 + j*(1819)
1010 + j*(-1702)
394 + j*(-134)
1888 + j*(-553)
-1911 + j*(1027)
-224 + j*(767)
-1389 + j*(196)
1454 + j*(89)
-1453 + j*(-79)
-297 + j*(-1461)
41 + j*(1234)
-1194 + j*(-214)
151 + j*(1377)
1385 + j*(-143)
-858 + j*(-1503)
952 + j*(902)
-1144 + j*(-437)
647 + j*(1905)
927 + j*(-96)
445 + j*(-355)
-1016 + j*(1329)
1239 + j*(-371)
840 + j*(-448)
653 + j*(955)
51 + j*(599)
777 + j*(191)
-656 + j*(-360)
-663 + j*(-351)
-1050 + j*(653)
937 + j*(-698)
-316 + j*(-59)
134 + j*(-443)
-120 + j*(-36)
421 + j*(-275)
-427 + j*(441)
223 + j*(-56)
-604 + j*(-111)
58 + j*(-308)
-200 + j*(358)
-108 + j*(-399)
-41 + j*(-384)
-126 + j*(-409)
-388 + j*(-580)
-416 + j*(331)
-498 + j*(-245)
-222 + j*(506)
-151 + j*(-350)
88 + j*(282)
429 + j*(-255)
132 + j*(-111)
-86 + j*(-462)
-559 + j*(-387)
63 + j*(461)
-201 + j*(776)
364 + j*(15)
224 + j*(579)
184 + j*(-470)
736 + j*(104)
8 + j*(-265)
-228 + j*(-246)
237 + j*(-223)
-276 + j*(376)
-559 + j*(-110)
-824 + j*(-619)
-710 + j*(175)
-194 + j*(323)
-611 + j*(-448)
-126 + j*(-53)
16 + j*(-93)
-222 + j*(403)
-131 + j*(858)
258 + j*(-775)
-210 + j*(789)
1096 + j*(353)
703 + j*(28)
-32 + j*(959)
703 + j*(-124)
-166 + j*(-625)
-97 + j*(100)
463 + j*(-163)
-8 + j*(210)
-266 + j*(41)
148 + j*(405)
-367 + j*(295)
-225 + j*(-299)
-165 + j*(-140)
187 + j*(-110)
33 + j*(3)
-34 + j*(-154)
371 + j*(-72)
-267 + j*(24)
90 + j*(-110)
-409 + j*(408)
357 + j*(-462)
-453 + j*(-179)
231 + j*(450)
-147 + j*(-263)
180 + j*(101)
208 + j*(-24)
-421 + j*(-92)
-19 + j*(495)
25 + j*(98)
125 + j*(-93)
156 + j*(227)
214 + j*(228)
-244 + j*(-139)
-133 + j*(176)
-568 + j*(-126)
187 + j*(-33)
-49 + j*(-202)
90 + j*(-274)
-667 + j*(-265)
32 + j*(804)
-230 + j*(368)
-198 + j*(-418)
-79 + j*(111)
169 + j*(361)
-169 + j*(-180)
-65 + j*(254)
19 + j*(18)
41 + j*(76)
194 + j*(-53)
-199 + j*(-52)
-164 + j*(-261)
22 + j*(-120)
-32 + j*(246)
-345 + j*(157)
-102 + j*(117)
183 + j*(-64)
-172 + j*(94)
-16 + j*(161)
-375 + j*(265)
281 + j*(-135)
8 + j*(-130)
84 + j*(-283)
37 + j*(166)
-74 + j*(-110)
326 + j*(-36)
136 + j*(156)
-57 + j*(-65)
-83 + j*(72)
47 + j*(74)
160 + j*(-64)
194 + j*(-534)
288 + j*(370)
272 + j*(-125)
89 + j*(300)
-221 + j*(-39)
-159 + j*(-31)
109 + j*(230)
-195 + j*(61)
39 + j*(-23)
136 + j*(-93)
57 + j*(-393)
46 + j*(50)
-184 + j*(-107)
-387 + j*(487)
350 + j*(-542)
127 + j*(-49)
-116 + j*(250)
-517 + j*(-127)
-8 + j*(-176)
66 + j*(-42)
40 + j*(-254)
71 + j*(262)
110 + j*(-231)
-226 + j*(151)
99 + j*(306)
151 + j*(324)
-65 + j*(-138)
60 + j*(-85)
-475 + j*(-193)
-118 + j*(-150)
-129 + j*(84)
10 + j*(73)
-199 + j*(-220)
159 + j*(100)
223 + j*(229)
-227 + j*(124)
-134 + j*(-92)
125 + j*(183)
66 + j*(-103)
-15 + j*(-233)
25 + j*(-10)
143 + j*(-171)
-74 + j*(-90)
-240 + j*(-165)
-175 + j*(134)
-163 + j*(75)
172 + j*(38)
84 + j*(-15)
-86 + j*(-264)
50 + j*(318)
-442 + j*(412)
71 + j*(47)
99 + j*(124)
-76 + j*(-210)
2 + j*(502)
-24 + j*(285)
-52 + j*(-362)
28 + j*(371)
167 + j*(-297)
-372 + j*(33)
-47 + j*(-297)
308 + j*(156)
142 + j*(-323)
288 + j*(100)
618 + j*(-219)
189 + j*(482)
221 + j*(-143)
-303 + j*(-263)
-84 + j*(-206)
-41 + j*(327)
350 + j*(82)
171 + j*(-58)
9 + j*(-22)
-12 + j*(224)
163 + j*(-154)
207 + j*(31)
-157 + j*(238)
-436 + j*(205)
425 + j*(-280)
43 + j*(11)
302 + j*(339)
194 + j*(-45)
35 + j*(103)
-212 + j*(64)
209 + j*(-3)
-70 + j*(-42)
131 + j*(370)
-158 + j*(88)
-42 + j*(125)
-16 + j*(149)
41 + j*(104)
177 + j*(-36)
-146 + j*(-79)
-137 + j*(-194)
-175 + j*(124)
-49 + j*(240)
-42 + j*(-56)
256 + j*(290)
-55 + j*(-146)
-23 + j*(10)
50 + j*(-46)
104 + j*(152)
23 + j*(23)
-189 + j*(-31)
11 + j*(-31)
40 + j*(-30)
94 + j*(37)
75 + j*(158)
82 + j*(-97)
127 + j*(-192)
-78 + j*(298)
198 + j*(-2)
