rxdataF_rot = [-8104 + j*(-11100)
9027 + j*(-10456)
11569 + j*(6549)
6239 + j*(-5967)
14173 + j*(7547)
9578 + j*(-11831)
14351 + j*(5161)
13945 + j*(-280)
-10711 + j*(-2286)
12713 + j*(-703)
13419 + j*(-5409)
13549 + j*(-2138)
-1885 + j*(-12359)
-5092 + j*(-11330)
-9050 + j*(-5847)
2311 + j*(19020)
-10122 + j*(-10919)
11032 + j*(7275)
-12724 + j*(-6705)
10875 + j*(8095)
-4548 + j*(10254)
12099 + j*(3012)
11108 + j*(380)
12818 + j*(3919)
-2164 + j*(-12196)
-539 + j*(-14862)
4692 + j*(17833)
392 + j*(-12080)
6246 + j*(10878)
-7850 + j*(-15436)
11947 + j*(-8185)
8736 + j*(10809)
-11677 + j*(7868)
12525 + j*(8563)
-13015 + j*(-6499)
-11966 + j*(-3098)
10974 + j*(9390)
2822 + j*(-13903)
706 + j*(-13177)
-17330 + j*(2381)
9888 + j*(14818)
7974 + j*(15538)
10012 + j*(-3214)
-15628 + j*(2590)
15381 + j*(-2777)
6321 + j*(13055)
11469 + j*(10021)
9829 + j*(14353)
-10108 + j*(-13989)
-6988 + j*(11765)
12825 + j*(-11218)
-11102 + j*(11069)
1440 + j*(-12985)
12577 + j*(6028)
-12931 + j*(-6370)
-3341 + j*(12816)
16640 + j*(3507)
-4422 + j*(-12557)
-16765 + j*(6139)
248 + j*(16387)
-5276 + j*(-17885)
13780 + j*(-7365)
-15946 + j*(7998)
12480 + j*(-8829)
6108 + j*(9679)
14694 + j*(6829)
11447 + j*(-9386)
-3849 + j*(9829)
4403 + j*(-15324)
-11210 + j*(10470)
-8316 + j*(13685)
5365 + j*(-13319)
13454 + j*(-722)
-2228 + j*(-13415)
12290 + j*(-11290)
-13765 + j*(4660)
11864 + j*(-6101)
8717 + j*(13258)
6440 + j*(8787)
-9797 + j*(-8847)
-1118 + j*(15736)
6006 + j*(-8755)
2812 + j*(-16856)
-6483 + j*(11927)
-3152 + j*(12016)
3709 + j*(-13847)
10522 + j*(12487)
929 + j*(12765)
12801 + j*(4891)
14634 + j*(-322)
-156 + j*(-12240)
4468 + j*(10817)
14653 + j*(-7770)
-8076 + j*(-13957)
-12074 + j*(-8613)
17451 + j*(-7908)
-11595 + j*(8427)
-8127 + j*(8912)
11673 + j*(-11205)
-9694 + j*(8313)
-11243 + j*(-5212)
15620 + j*(3880)
-11238 + j*(-7157)
-16447 + j*(397)
-366 + j*(16561)
-12759 + j*(163)
14017 + j*(-244)
4526 + j*(16216)
6706 + j*(18553)
16014 + j*(-4205)
-9451 + j*(-10904)
11680 + j*(-9758)
-13413 + j*(-8588)
-9710 + j*(12648)
-12198 + j*(-8863)
12154 + j*(5775)
4630 + j*(-12464)
12600 + j*(2432)
-12549 + j*(-3129)
-2099 + j*(-15243)
-1303 + j*(-12106)
-18328 + j*(3351)
-14960 + j*(-79)
5929 + j*(15344)
14973 + j*(-8450)
-11113 + j*(7365)
-13391 + j*(10232)
-10810 + j*(-9210)
-9975 + j*(-10265)
13793 + j*(-10078)
-9369 + j*(11119)
6235 + j*(-14610)
-12723 + j*(-4344)
13336 + j*(8974)
-2465 + j*(13007)
-1784 + j*(13539)
2457 + j*(12257)
-12830 + j*(2410)
11443 + j*(-5097)
-7281 + j*(-16201)
2789 + j*(14168)
-15071 + j*(8070)
-5243 + j*(-13146)
-9352 + j*(-11183)
9651 + j*(-12236)
-11302 + j*(-9609)
-6042 + j*(12533)
5963 + j*(-13962)
-10539 + j*(-9917)
14779 + j*(2567)
387 + j*(-15456)
-13418 + j*(329)
-3817 + j*(-16767)
13423 + j*(286)
3721 + j*(14918)
-4310 + j*(-11546)
-14180 + j*(4573)
-14208 + j*(5517)
-4680 + j*(-10699)
9413 + j*(9304)
-8929 + j*(8597)
8778 + j*(-10498)
12691 + j*(5482)
4732 + j*(-12202)
11674 + j*(2344)
-3837 + j*(11653)
13586 + j*(-573)
-2903 + j*(12379)
1612 + j*(-982)
3837 + j*(2670)
-1389 + j*(3825)
2851 + j*(408)
-585 + j*(-3319)
3930 + j*(454)
-2270 + j*(-2377)
2973 + j*(2776)
1968 + j*(1738)
-2244 + j*(1461)
1648 + j*(-1775)
-3767 + j*(152)
-106 + j*(611)
-3723 + j*(-3886)
-804 + j*(-2477)
-1389 + j*(1896)
-876 + j*(433)
-747 + j*(-362)
-1117 + j*(1347)
4625 + j*(-1013)
-1588 + j*(3564)
327 + j*(257)
-3152 + j*(-876)
4470 + j*(-565)
-2492 + j*(-2075)
861 + j*(-2405)
-2554 + j*(1314)
1131 + j*(-1023)
-371 + j*(304)
-2782 + j*(354)
-4441 + j*(-649)
-1455 + j*(2618)
-1361 + j*(1472)
4627 + j*(-4933)
-5095 + j*(-503)
-451 + j*(-2168)
4306 + j*(-1611)
-3177 + j*(1463)
-5127 + j*(-2449)
1581 + j*(2265)
1346 + j*(-1147)
1866 + j*(-1271)
-2683 + j*(-1496)
2096 + j*(2205)
-354 + j*(-1073)
-2307 + j*(-1888)
-2238 + j*(76)
-3910 + j*(3222)
-1107 + j*(-1169)
-526 + j*(-750)
2138 + j*(-242)
536 + j*(-2539)
2053 + j*(-303)
339 + j*(-996)
3402 + j*(-843)
-554 + j*(4502)
-1969 + j*(1510)
-523 + j*(-4903)
2031 + j*(979)
3058 + j*(-470)
1510 + j*(3848)
2088 + j*(-2515)
-711 + j*(4781)
-1544 + j*(3532)
-1769 + j*(1828)
-1162 + j*(1728)
-1505 + j*(1956)
-569 + j*(-665)
1332 + j*(956)
84 + j*(-1820)
1797 + j*(-408)
1953 + j*(-1437)
2239 + j*(148)
-2504 + j*(-451)
2027 + j*(30)
-349 + j*(1063)
1516 + j*(1987)
59 + j*(-3032)
2944 + j*(-699)
1673 + j*(-2889)
109 + j*(-2487)
-1097 + j*(-487)
-64 + j*(-630)
223 + j*(756)
414 + j*(366)
-3657 + j*(1321)
-1043 + j*(-1499)
2247 + j*(-1322)
2190 + j*(1177)
758 + j*(3379)
1855 + j*(2408)
797 + j*(525)
3336 + j*(1767)
-1355 + j*(-2791)
-58 + j*(-77)
1335 + j*(545)
-1714 + j*(-1327)
-1502 + j*(462)
-1110 + j*(346)
538 + j*(2131)
2759 + j*(297)
1773 + j*(-918)
2225 + j*(-317)
816 + j*(1877)
-3051 + j*(2616)
88 + j*(1151)
60 + j*(-500)
-2055 + j*(-370)
-234 + j*(-879)
-1744 + j*(-814)
3089 + j*(713)
-3619 + j*(-1548)
-214 + j*(-1307)
1593 + j*(-2921)
1595 + j*(2980)
-1849 + j*(1335)
-369 + j*(1229)
1995 + j*(-1470)
715 + j*(-3359)
674 + j*(-1042)
-1902 + j*(1894)
-738 + j*(1912)
1126 + j*(-1136)
1064 + j*(-629)
1014 + j*(-3480)
-1382 + j*(-36)
2587 + j*(-870)
1373 + j*(-746)
-1048 + j*(-1746)
-592 + j*(611)
-528 + j*(-700)
-1250 + j*(-1096)
-1599 + j*(2400)
222 + j*(-37)
-841 + j*(-490)
-199 + j*(174)
985 + j*(979)
-1211 + j*(-411)
-385 + j*(958)
-1033 + j*(-395)
-1499 + j*(-623)
-919 + j*(-859)
1815 + j*(1437)
-95 + j*(1536)
-1822 + j*(-479)
-869 + j*(-415)
1071 + j*(1704)
498 + j*(83)
159 + j*(-639)
819 + j*(-1226)
-569 + j*(267)
-1119 + j*(-1523)
384 + j*(172)
1114 + j*(-439)
218 + j*(-420)
-1561 + j*(-391)
492 + j*(-553)
-2499 + j*(-1849)
1242 + j*(-1254)
-91 + j*(689)
-1328 + j*(647)
-1072 + j*(1637)
-707 + j*(-999)
1222 + j*(198)
-695 + j*(1431)
-430 + j*(-850)
-362 + j*(254)
2505 + j*(3029)
-279 + j*(114)
-308 + j*(458)
556 + j*(1773)
223 + j*(-1422)
940 + j*(193)
-844 + j*(-938)
-1161 + j*(-553)
1398 + j*(146)
-2101 + j*(-1978)
17 + j*(-767)
-454 + j*(-3650)
-1264 + j*(-1129)
2071 + j*(123)
448 + j*(-3234)
-1536 + j*(-1647)
-1092 + j*(1557)
-1364 + j*(1664)
1228 + j*(-1775)
3040 + j*(1185)
-2508 + j*(-683)
-465 + j*(1977)
240 + j*(-1271)
-1683 + j*(-273)
497 + j*(-1752)
-562 + j*(793)
345 + j*(1100)
-125 + j*(-251)
-392 + j*(-576)
-444 + j*(-229)
-792 + j*(488)
-232 + j*(1157)
-105 + j*(954)
-670 + j*(-438)
189 + j*(-353)
38 + j*(683)
73 + j*(357)
347 + j*(99)
-1359 + j*(697)
-3 + j*(339)
790 + j*(247)
-845 + j*(-450)
1177 + j*(257)
-592 + j*(421)
1161 + j*(467)
374 + j*(-774)
-459 + j*(781)
-561 + j*(1675)
285 + j*(572)
-381 + j*(-1626)
-494 + j*(45)
-361 + j*(62)
-80 + j*(307)
-163 + j*(-971)
556 + j*(296)
-771 + j*(141)
-165 + j*(-729)
169 + j*(385)
-420 + j*(-258)
-124 + j*(-394)
788 + j*(1428)
1140 + j*(-485)
1693 + j*(-977)
-700 + j*(-79)
775 + j*(577)
-840 + j*(-1043)
-213 + j*(-563)
-12 + j*(-24)
1002 + j*(-1689)
-1003 + j*(-289)
-2047 + j*(1211)
-358 + j*(449)
-22 + j*(-206)
-2151 + j*(112)
-199 + j*(156)
333 + j*(489)
890 + j*(-735)
-547 + j*(715)
-1570 + j*(325)
777 + j*(-1583)
-1546 + j*(-449)
-401 + j*(644)
-448 + j*(515)
-362 + j*(1627)
60 + j*(754)
-961 + j*(-33)
1053 + j*(24)
948 + j*(-813)
-446 + j*(-381)
-511 + j*(405)
-39 + j*(370)
-710 + j*(-630)
-372 + j*(367)
-196 + j*(395)
-4 + j*(-624)
465 + j*(-258)
-476 + j*(223)
-271 + j*(-100)
399 + j*(15)
749 + j*(49)
-427 + j*(-1339)
-447 + j*(-112)
-722 + j*(161)
505 + j*(564)
-575 + j*(-22)
-402 + j*(-917)
283 + j*(279)
-541 + j*(-200)
-157 + j*(-296)
415 + j*(530)
404 + j*(-183)
892 + j*(683)
-34 + j*(-478)
69 + j*(188)
739 + j*(-114)
356 + j*(-761)
288 + j*(-361)
-589 + j*(689)
-21 + j*(419)
-151 + j*(-141)
-515 + j*(-96)
-393 + j*(-30)
-160 + j*(-169)
665 + j*(-764)
-167 + j*(-210)
-745 + j*(1128)
-472 + j*(-348)
212 + j*(-32)
-251 + j*(-1006)
121 + j*(-388)
221 + j*(-631)
-436 + j*(-1060)
-55 + j*(-590)
-242 + j*(247)
254 + j*(570)
-324 + j*(388)
106 + j*(94)
61 + j*(111)
348 + j*(296)
-496 + j*(-373)
-694 + j*(519)
-63 + j*(-267)
-475 + j*(257)
439 + j*(-488)
257 + j*(-806)
26 + j*(673)
-127 + j*(1082)
181 + j*(-333)
106 + j*(-709)
