rxdataF_fftw = [-12599 + j*(27173)
12671 + j*(-27166)
-12645 + j*(27146)
-12655 + j*(27173)
-12664 + j*(27164)
-12657 + j*(27168)
12601 + j*(-27164)
-12617 + j*(27166)
12645 + j*(-27168)
12650 + j*(-27138)
-12664 + j*(27199)
12665 + j*(-27142)
12614 + j*(-27156)
-12640 + j*(27169)
12641 + j*(-27140)
-12630 + j*(27175)
12637 + j*(-27168)
12646 + j*(-27153)
12633 + j*(-27138)
12645 + j*(-27160)
-12679 + j*(27172)
-12639 + j*(27154)
12622 + j*(-27159)
12644 + j*(-27166)
12657 + j*(-27168)
12624 + j*(-27146)
-12645 + j*(27193)
-12658 + j*(27134)
12630 + j*(-27197)
12651 + j*(-27176)
12646 + j*(-27171)
12645 + j*(-27142)
12617 + j*(-27167)
-12648 + j*(27131)
-12672 + j*(27157)
-12650 + j*(27186)
12638 + j*(-27133)
-12654 + j*(27176)
12671 + j*(-27175)
-12665 + j*(27161)
-12628 + j*(27164)
-12641 + j*(27164)
-12602 + j*(27177)
-12641 + j*(27162)
12675 + j*(-27165)
12584 + j*(-27158)
-12651 + j*(27159)
-12654 + j*(27166)
-12644 + j*(27174)
12658 + j*(-27170)
-12693 + j*(27157)
-12620 + j*(27183)
-12624 + j*(27156)
12625 + j*(-27160)
-12612 + j*(27159)
-12613 + j*(27188)
12602 + j*(-27164)
12645 + j*(-27194)
12641 + j*(-27187)
-12630 + j*(27169)
12632 + j*(-27138)
12638 + j*(-27174)
12674 + j*(-27122)
-19 + j*(25)
-25 + j*(6)
3 + j*(23)
40 + j*(-6)
24 + j*(-25)
14 + j*(-1)
7 + j*(33)
-5 + j*(32)
14 + j*(2)
28054 + j*(-12169)
28081 + j*(-12149)
-28091 + j*(12149)
12162 + j*(28066)
28079 + j*(-12111)
-12163 + j*(-28074)
-28053 + j*(12147)
-12154 + j*(-28064)
-28089 + j*(12152)
12167 + j*(28074)
28075 + j*(-12170)
-12144 + j*(-28046)
-28137 + j*(12139)
-28090 + j*(12131)
28083 + j*(-12187)
12149 + j*(28108)
-28072 + j*(12151)
28092 + j*(-12202)
-12156 + j*(-28083)
-12137 + j*(-28062)
28103 + j*(-12141)
-28102 + j*(12137)
-12187 + j*(-28079)
-12190 + j*(-28090)
-12167 + j*(-28087)
-12134 + j*(-28101)
-12108 + j*(-28117)
-28098 + j*(12149)
28055 + j*(-12137)
12139 + j*(28069)
-12169 + j*(-28087)
12150 + j*(28092)
28079 + j*(-12127)
-12147 + j*(-28072)
-12150 + j*(-28088)
-28058 + j*(12134)
-12183 + j*(-28109)
-28114 + j*(12158)
28084 + j*(-12118)
-28065 + j*(12149)
12161 + j*(28088)
12167 + j*(28081)
12190 + j*(28100)
28107 + j*(-12163)
12203 + j*(28087)
12145 + j*(28082)
12154 + j*(28106)
-12189 + j*(-28075)
17 + j*(19)
0 + j*(-12)
27 + j*(15)
22 + j*(5)
0 + j*(-14)
-8 + j*(7)
16 + j*(30)
20 + j*(19)
9 + j*(40)
9 + j*(1)
12 + j*(13)
-10 + j*(-5)
20 + j*(-1)
9 + j*(8)
6 + j*(-8)
23 + j*(-9)
-56 + j*(0)
-14 + j*(5)
-5 + j*(-22)
0 + j*(31)
16 + j*(24)
-4 + j*(-2)
-39 + j*(-9)
-3 + j*(49)
13 + j*(16)
-24 + j*(-31)
6 + j*(2)
-18 + j*(25)
14 + j*(-3)
8 + j*(2)
26 + j*(-5)
10 + j*(-24)
-28 + j*(-9)
-31 + j*(25)
-17 + j*(-22)
38 + j*(-5)
-11 + j*(10)
-30 + j*(39)
13 + j*(20)
7 + j*(19)
14 + j*(1)
13 + j*(-2)
-2 + j*(26)
9 + j*(-5)
17 + j*(4)
-30 + j*(15)
-1 + j*(20)
-8 + j*(-38)
-19 + j*(-24)
18 + j*(16)
-9 + j*(-12)
-14 + j*(-2)
-6 + j*(-46)
27 + j*(16)
0 + j*(-3)
12 + j*(-16)
19 + j*(-11)
9 + j*(19)
18 + j*(-1)
16 + j*(-11)
-9 + j*(22)
32 + j*(20)
-13 + j*(19)
20 + j*(16)
3 + j*(7)
-22 + j*(-28)
-22 + j*(-39)
42 + j*(3)
30 + j*(1)
-2 + j*(28)
-28 + j*(1)
-11 + j*(21)
5 + j*(19)
30 + j*(-14)
-14 + j*(25)
29 + j*(7)
16 + j*(6)
-6 + j*(17)
10 + j*(42)
19 + j*(-21)
13 + j*(-7)
0 + j*(-13)
3 + j*(-19)
-12 + j*(-17)
-32 + j*(9)
-43 + j*(23)
-26 + j*(-31)
9 + j*(7)
17 + j*(49)
0 + j*(20)
-6 + j*(-5)
13 + j*(12)
-10 + j*(-3)
-2 + j*(4)
7 + j*(-5)
-17 + j*(0)
-25 + j*(3)
22 + j*(22)
-14 + j*(-13)
-21 + j*(16)
8 + j*(6)
-14 + j*(-16)
18 + j*(-12)
6 + j*(17)
6 + j*(0)
21 + j*(14)
6 + j*(6)
-2 + j*(-2)
12 + j*(26)
-8 + j*(9)
-9 + j*(-31)
36 + j*(17)
-4 + j*(12)
-26 + j*(-37)
-19 + j*(-4)
-52 + j*(1)
18 + j*(11)
14 + j*(5)
-5 + j*(13)
-11 + j*(-4)
-18 + j*(8)
28 + j*(5)
-2 + j*(9)
0 + j*(-32)
25 + j*(1)
-14 + j*(-25)
-30 + j*(26)
14 + j*(-32)
3 + j*(40)
31 + j*(-22)
8 + j*(24)
10 + j*(24)
-21 + j*(28)
38 + j*(3)
-21 + j*(22)
6 + j*(-1)
8 + j*(-34)
5 + j*(17)
-15 + j*(-30)
34 + j*(25)
13 + j*(-18)
-23 + j*(10)
5 + j*(24)
-2 + j*(7)
-5 + j*(9)
30 + j*(-11)
-14 + j*(31)
-6 + j*(5)
-20 + j*(-1)
-4 + j*(-17)
-22 + j*(-3)
-11 + j*(-54)
5 + j*(64)
-14 + j*(-15)
-7 + j*(13)
-14 + j*(15)
-14 + j*(-29)
-2 + j*(-3)
43 + j*(3)
-23 + j*(15)
-5 + j*(-26)
2 + j*(27)
-12 + j*(-10)
-8 + j*(20)
15 + j*(18)
2 + j*(18)
-30 + j*(35)
-1 + j*(-1)
-11 + j*(-22)
9 + j*(3)
29 + j*(18)
9 + j*(-18)
-3 + j*(-1)
4 + j*(-28)
16 + j*(-15)
10 + j*(7)
-10 + j*(29)
-6 + j*(3)
1 + j*(17)
33 + j*(13)
-3 + j*(-12)
-16 + j*(4)
-4 + j*(9)
0 + j*(1)
3 + j*(-3)
-22 + j*(8)
-8 + j*(13)
19 + j*(-33)
-7 + j*(-15)
29 + j*(9)
11 + j*(-12)
-28 + j*(1)
-3 + j*(-8)
13 + j*(12)
23 + j*(8)
13 + j*(-2)
1 + j*(11)
-5 + j*(-21)
-1 + j*(-4)
3 + j*(8)
-4 + j*(27)
1 + j*(3)
5 + j*(20)
-19 + j*(25)
13 + j*(-6)
19 + j*(14)
7 + j*(27)
8 + j*(-15)
7 + j*(-2)
12 + j*(-11)
7 + j*(8)
-30 + j*(5)
21 + j*(30)
-4 + j*(-15)
15 + j*(-17)
-7 + j*(6)
-2 + j*(8)
-9 + j*(-16)
-17 + j*(-20)
11 + j*(-15)
1 + j*(-3)
-5 + j*(33)
4 + j*(72)
-9 + j*(0)
38 + j*(-19)
-9 + j*(-27)
10 + j*(-1)
12 + j*(4)
-5 + j*(9)
13 + j*(4)
-6 + j*(6)
15 + j*(-3)
0 + j*(-3)
-33 + j*(-16)
6 + j*(-19)
8 + j*(33)
-12 + j*(5)
28 + j*(0)
-27 + j*(-28)
1 + j*(20)
-17 + j*(-50)
-16 + j*(1)
19 + j*(-11)
-11 + j*(12)
1 + j*(-5)
-16 + j*(2)
9 + j*(4)
-13 + j*(-3)
1 + j*(7)
-18 + j*(17)
33 + j*(-20)
-8 + j*(-16)
0 + j*(-9)
56 + j*(12)
-1 + j*(0)
36 + j*(-11)
-13 + j*(10)
-67 + j*(14)
22 + j*(20)
-5 + j*(-12)
-4 + j*(13)
10 + j*(-18)
-18 + j*(27)
0 + j*(-7)
11 + j*(-21)
-7 + j*(9)
-16 + j*(10)
-31 + j*(5)
-21 + j*(-1)
-4 + j*(-52)
14 + j*(-6)
15 + j*(-17)
19 + j*(41)
-4 + j*(-15)
-16 + j*(20)
7 + j*(47)
2 + j*(8)
8 + j*(-16)
-16 + j*(2)
-14 + j*(12)
-15 + j*(-16)
12 + j*(7)
0 + j*(13)
18 + j*(-6)
26 + j*(22)
-17 + j*(14)
-2 + j*(6)
1 + j*(22)
-4 + j*(15)
-4 + j*(-2)
6 + j*(-13)
-46 + j*(-33)
28 + j*(-3)
4 + j*(27)
-24 + j*(-11)
-5 + j*(25)
-6 + j*(-4)
-28 + j*(14)
0 + j*(6)
-33 + j*(25)
11 + j*(-2)
15 + j*(11)
20 + j*(12)
3 + j*(-21)
28 + j*(-19)
8 + j*(-18)
-3 + j*(6)
0 + j*(12)
-7 + j*(11)
13 + j*(-22)
3 + j*(16)
6 + j*(38)
-21 + j*(-5)
20 + j*(-27)
-6 + j*(0)
-18 + j*(14)
48 + j*(-3)
-2 + j*(-23)
-9 + j*(2)
-1 + j*(-22)
14 + j*(-17)
13 + j*(-5)
7 + j*(-7)
6 + j*(-21)
10 + j*(-24)
5 + j*(-5)
40 + j*(-3)
13 + j*(19)
3 + j*(18)
-41 + j*(16)
30 + j*(26)
20 + j*(4)
9 + j*(-7)
-6 + j*(8)
-15 + j*(-3)
-2 + j*(18)
2 + j*(-55)
28 + j*(23)
-13 + j*(5)
12 + j*(-10)
24 + j*(4)
10 + j*(12)
21 + j*(27)
9 + j*(-1)
12 + j*(-4)
30 + j*(-1)
-7 + j*(-14)
8 + j*(-15)
-10 + j*(-30)
16 + j*(-23)
-13 + j*(-19)
-24 + j*(20)
-21 + j*(-23)
-6 + j*(0)
-30 + j*(-12)
17 + j*(21)
-11 + j*(9)
11 + j*(6)
10 + j*(15)
18 + j*(-1)
-15 + j*(11)
-6 + j*(0)
-28 + j*(-21)
23 + j*(-4)
-2 + j*(-11)
6 + j*(59)
-18 + j*(-6)
-2 + j*(11)
-9 + j*(-35)
-12 + j*(-13)
-9 + j*(1)
19 + j*(14)
-76 + j*(-15)
11 + j*(25)
-11 + j*(3)
-12 + j*(-35)
-6 + j*(-34)
2 + j*(0)
33 + j*(7)
-31 + j*(13)
15 + j*(22)
27 + j*(-5)
-7 + j*(19)
-13 + j*(4)
-7 + j*(-24)
-5 + j*(-14)
36 + j*(-19)
-11 + j*(-11)
24 + j*(-4)
-31 + j*(20)
15 + j*(-18)
8 + j*(24)
4 + j*(-20)
26 + j*(-5)
50 + j*(21)
17 + j*(13)
14 + j*(49)
-8 + j*(12)
-21 + j*(10)
24 + j*(15)
2 + j*(11)
-11 + j*(-9)
-2 + j*(25)
0 + j*(-24)
30 + j*(26)
27 + j*(-16)
25 + j*(-1)
0 + j*(-9)
5 + j*(-3)
15 + j*(-13)
30 + j*(30)
-17 + j*(3)
7 + j*(22)
38 + j*(14)
7 + j*(-23)
-6 + j*(24)
6 + j*(-38)
-25 + j*(6)
-32 + j*(13)
-43 + j*(-33)
5 + j*(-8)
8 + j*(-2)
-46 + j*(-43)
19 + j*(-46)
37 + j*(9)
-13 + j*(5)
-22 + j*(2)
1 + j*(4)
-2 + j*(27)
5 + j*(-55)
20 + j*(8)
30 + j*(12)
-17 + j*(-11)
-55 + j*(4)
0 + j*(18)
-33 + j*(-1)
0 + j*(-13)
38 + j*(15)
29 + j*(35)
9 + j*(-14)
44 + j*(38)
28 + j*(32)
-16 + j*(-8)
23 + j*(25)
-22 + j*(-4)
58 + j*(7)
-14 + j*(-2)
25 + j*(20)
-4 + j*(13)
10 + j*(-17)
-37 + j*(-7)
13 + j*(35)
20 + j*(-55)
-8 + j*(39)
-1 + j*(22)
6 + j*(-9)
-36 + j*(5)
39 + j*(25)
-10 + j*(-9)
28 + j*(16)
31 + j*(24)
-29 + j*(8)
18 + j*(-6)
-9 + j*(33)
5 + j*(-14)
-34 + j*(13)
-41 + j*(-23)
-26 + j*(-3)
45 + j*(-13)
0 + j*(62)
38 + j*(11)
30 + j*(66)
-9 + j*(-1)
15 + j*(-19)
-25 + j*(-1)
