rxdata = [-304 + j*(-2743)
-311 + j*(-1897)
-328 + j*(-948)
-360 + j*(90)
-428 + j*(1174)
-514 + j*(2272)
-644 + j*(3352)
-783 + j*(4374)
-948 + j*(5311)
-1106 + j*(6135)
-1255 + j*(6824)
-1376 + j*(7361)
-1451 + j*(7739)
-1479 + j*(7950)
-1428 + j*(7998)
-1314 + j*(7892)
-1116 + j*(7643)
-840 + j*(7267)
-499 + j*(6785)
-83 + j*(6208)
373 + j*(5569)
871 + j*(4876)
1387 + j*(4151)
1895 + j*(3412)
2395 + j*(2667)
2848 + j*(1928)
3256 + j*(1206)
3595 + j*(494)
3863 + j*(-187)
4049 + j*(-856)
4159 + j*(-1495)
4189 + j*(-2116)
4147 + j*(-2713)
4048 + j*(-3283)
3890 + j*(-3829)
3706 + j*(-4339)
3483 + j*(-4815)
3262 + j*(-5242)
3030 + j*(-5619)
2811 + j*(-5929)
2610 + j*(-6174)
2421 + j*(-6332)
2260 + j*(-6414)
2112 + j*(-6402)
1979 + j*(-6305)
1852 + j*(-6118)
1730 + j*(-5856)
1592 + j*(-5515)
1448 + j*(-5127)
1275 + j*(-4681)
1085 + j*(-4228)
866 + j*(-3749)
625 + j*(-3302)
363 + j*(-2866)
98 + j*(-2492)
-173 + j*(-2165)
-418 + j*(-1913)
-646 + j*(-1730)
-816 + j*(-1619)
-935 + j*(-1577)
-975 + j*(-1589)
-935 + j*(-1642)
-805 + j*(-1723)
-583 + j*(-1800)
-274 + j*(-1864)
119 + j*(-1884)
572 + j*(-1841)
1081 + j*(-1728)
1614 + j*(-1508)
2149 + j*(-1201)
2664 + j*(-779)
3122 + j*(-266)
3511 + j*(341)
3793 + j*(1019)
3965 + j*(1748)
3996 + j*(2501)
3896 + j*(3245)
3647 + j*(3956)
3271 + j*(4589)
2766 + j*(5128)
2163 + j*(5530)
1482 + j*(5787)
753 + j*(5867)
8 + j*(5775)
-714 + j*(5496)
-1394 + j*(5040)
-1975 + j*(4425)
-2456 + j*(3659)
-2798 + j*(2784)
-2986 + j*(1819)
-3021 + j*(805)
-2885 + j*(-219)
-2603 + j*(-1225)
-2167 + j*(-2165)
-1624 + j*(-3017)
-970 + j*(-3750)
-267 + j*(-4338)
484 + j*(-4777)
1222 + j*(-5046)
1928 + j*(-5154)
2571 + j*(-5105)
3113 + j*(-4907)
3546 + j*(-4589)
3848 + j*(-4157)
3997 + j*(-3651)
4021 + j*(-3082)
3886 + j*(-2486)
3637 + j*(-1880)
3264 + j*(-1286)
2802 + j*(-719)
2271 + j*(-192)
1688 + j*(294)
1090 + j*(725)
486 + j*(1121)
-93 + j*(1471)
-634 + j*(1800)
-1125 + j*(2111)
-1557 + j*(2413)
-1927 + j*(2733)
-2237 + j*(3054)
-2494 + j*(3415)
-2702 + j*(3786)
-2880 + j*(4192)
-3035 + j*(4611)
-3178 + j*(5037)
-3329 + j*(5456)
-3480 + j*(5847)
-3659 + j*(6191)
-3847 + j*(6463)
-4055 + j*(6648)
-4267 + j*(6708)
-4486 + j*(6651)
-4678 + j*(6433)
-4853 + j*(6070)
-4965 + j*(5543)
-5018 + j*(4860)
-4982 + j*(4035)
-4854 + j*(3069)
-4606 + j*(2007)
-4252 + j*(846)
-3769 + j*(-350)
-3179 + j*(-1583)
-2483 + j*(-2787)
-1700 + j*(-3955)
-847 + j*(-5036)
44 + j*(-6011)
953 + j*(-6856)
1836 + j*(-7551)
2678 + j*(-8080)
3435 + j*(-8446)
4086 + j*(-8640)
4605 + j*(-8678)
4973 + j*(-8561)
5175 + j*(-8321)
5210 + j*(-7957)
5066 + j*(-7514)
4767 + j*(-6997)
4305 + j*(-6440)
3725 + j*(-5861)
3022 + j*(-5274)
2251 + j*(-4709)
1419 + j*(-4158)
570 + j*(-3652)
-271 + j*(-3175)
-1080 + j*(-2741)
-1822 + j*(-2344)
-2490 + j*(-1976)
-3058 + j*(-1638)
-3520 + j*(-1314)
-3870 + j*(-1011)
-4108 + j*(-705)
-4236 + j*(-415)
-4267 + j*(-117)
-4207 + j*(164)
-4068 + j*(443)
-3873 + j*(700)
-3621 + j*(934)
-3339 + j*(1130)
-3027 + j*(1275)
-2700 + j*(1365)
-2360 + j*(1381)
-2012 + j*(1324)
-1656 + j*(1185)
-1289 + j*(960)
-911 + j*(660)
-514 + j*(287)
-95 + j*(-144)
344 + j*(-616)
816 + j*(-1115)
1305 + j*(-1610)
1820 + j*(-2084)
2342 + j*(-2508)
2874 + j*(-2864)
3382 + j*(-3128)
3877 + j*(-3285)
4309 + j*(-3320)
4681 + j*(-3237)
4964 + j*(-3018)
5137 + j*(-2697)
5192 + j*(-2257)
5107 + j*(-1745)
4882 + j*(-1171)
4508 + j*(-570)
3995 + j*(26)
3350 + j*(582)
2589 + j*(1065)
1741 + j*(1441)
827 + j*(1686)
-110 + j*(1771)
-1042 + j*(1690)
-1932 + j*(1417)
-2731 + j*(974)
-3423 + j*(344)
-3951 + j*(-437)
-4313 + j*(-1356)
-4470 + j*(-2383)
-4424 + j*(-3483)
-4161 + j*(-4613)
-3692 + j*(-5743)
-3028 + j*(-6820)
-2193 + j*(-7821)
-1214 + j*(-8705)
-132 + j*(-9442)
1026 + j*(-10019)
2199 + j*(-10414)
3365 + j*(-10627)
4464 + j*(-10664)
5473 + j*(-10530)
6347 + j*(-10250)
7071 + j*(-9848)
7615 + j*(-9350)
7985 + j*(-8798)
8158 + j*(-8217)
8168 + j*(-7651)
8004 + j*(-7126)
7719 + j*(-6669)
7311 + j*(-6310)
6840 + j*(-6055)
6325 + j*(-5920)
5806 + j*(-5904)
5330 + j*(-5995)
4900 + j*(-6186)
4577 + j*(-6450)
4347 + j*(-6767)
4243 + j*(-7105)
4264 + j*(-7428)
4396 + j*(-7718)
4634 + j*(-7929)
4959 + j*(-8050)
5330 + j*(-8049)
5739 + j*(-7919)
6127 + j*(-7652)
6475 + j*(-7242)
6744 + j*(-6712)
6894 + j*(-6059)
6918 + j*(-5327)
6777 + j*(-4525)
6473 + j*(-3702)
5997 + j*(-2883)
5355 + j*(-2112)
4569 + j*(-1420)
3654 + j*(-837)
2657 + j*(-396)
1597 + j*(-109)
540 + j*(-3)
-491 + j*(-63)
-1424 + j*(-306)
-2242 + j*(-703)
-2877 + j*(-1237)
-3318 + j*(-1891)
-3522 + j*(-2609)
-3478 + j*(-3372)
-3181 + j*(-4131)
-2632 + j*(-4839)
-1842 + j*(-5472)
-847 + j*(-5976)
333 + j*(-6330)
1645 + j*(-6516)
3044 + j*(-6501)
4482 + j*(-6301)
5895 + j*(-5898)
7240 + j*(-5323)
8465 + j*(-4585)
9515 + j*(-3720)
10373 + j*(-2758)
10984 + j*(-1746)
11359 + j*(-715)
11464 + j*(278)
11320 + j*(1208)
10934 + j*(2023)
10328 + j*(2705)
9545 + j*(3221)
8613 + j*(3568)
7583 + j*(3726)
6503 + j*(3716)
5414 + j*(3539)
4375 + j*(3226)
3411 + j*(2810)
2576 + j*(2322)
1882 + j*(1813)
1361 + j*(1319)
1016 + j*(895)
851 + j*(566)
849 + j*(391)
1005 + j*(376)
1276 + j*(567)
1641 + j*(954)
2063 + j*(1556)
2488 + j*(2343)
2901 + j*(3314)
3234 + j*(4419)
3484 + j*(5628)
3596 + j*(6888)
3570 + j*(8141)
3377 + j*(9342)
3030 + j*(10413)
2520 + j*(11321)
1877 + j*(11996)
1116 + j*(12407)
266 + j*(12514)
-624 + j*(12292)
-1528 + j*(11737)
-2392 + j*(10840)
-3180 + j*(9630)
-3849 + j*(8120)
-4370 + j*(6360)
-4701 + j*(4397)
-4837 + j*(2282)
-4753 + j*(96)
-4452 + j*(-2113)
-3940 + j*(-4259)
-3233 + j*(-6292)
-2358 + j*(-8131)
-1346 + j*(-9741)
-239 + j*(-11055)
921 + j*(-12055)
2087 + j*(-12701)
3212 + j*(-12992)
4249 + j*(-12928)
5159 + j*(-12511)
5903 + j*(-11786)
6452 + j*(-10760)
6784 + j*(-9506)
6886 + j*(-8048)
6755 + j*(-6454)
6392 + j*(-4781)
5820 + j*(-3069)
5046 + j*(-1403)
4114 + j*(209)
3047 + j*(1678)
1881 + j*(3004)
666 + j*(4133)
-574 + j*(5054)
-1791 + j*(5752)
-2949 + j*(6225)
-4028 + j*(6472)
-4988 + j*(6510)
-5822 + j*(6348)
-6506 + j*(6012)
-7038 + j*(5530)
-7414 + j*(4922)
-7642 + j*(4220)
-7721 + j*(3456)
-7677 + j*(2645)
-7509 + j*(1833)
-7255 + j*(1018)
-6908 + j*(245)
-6511 + j*(-494)
-6055 + j*(-1158)
-5583 + j*(-1765)
-5081 + j*(-2273)
-4581 + j*(-2709)
-4078 + j*(-3044)
-3586 + j*(-3283)
-3103 + j*(-3432)
-2635 + j*(-3472)
-2181 + j*(-3420)
-1746 + j*(-3269)
-1323 + j*(-3019)
-922 + j*(-2677)
-537 + j*(-2241)
-174 + j*(-1722)
159 + j*(-1120)
464 + j*(-449)
728 + j*(283)
946 + j*(1066)
1119 + j*(1879)
1217 + j*(2713)
1269 + j*(3540)
1231 + j*(4352)
1136 + j*(5115)
961 + j*(5826)
713 + j*(6446)
410 + j*(6973)
41 + j*(7385)
-363 + j*(7667)
-802 + j*(7818)
-1248 + j*(7826)
-1698 + j*(7695)
-2111 + j*(7433)
-2497 + j*(7047)
-2805 + j*(6549)
-3055 + j*(5966)
-3203 + j*(5312)
-3258 + j*(4614)
-3208 + j*(3906)
-3048 + j*(3196)
-2785 + j*(2534)
-2427 + j*(1919)
-1975 + j*(1393)
-1454 + j*(960)
-876 + j*(641)
-257 + j*(438)
372 + j*(356)
1005 + j*(395)
1607 + j*(538)
2170 + j*(785)
2669 + j*(1107)
3093 + j*(1491)
3434 + j*(1911)
3677 + j*(2345)
3823 + j*(2761)
3873 + j*(3153)
3826 + j*(3468)
3690 + j*(3723)
3480 + j*(3866)
3195 + j*(3912)
2863 + j*(3836)
2483 + j*(3637)
2085 + j*(3318)
1667 + j*(2880)
1258 + j*(2332)
855 + j*(1685)
483 + j*(955)
143 + j*(152)
-160 + j*(-695)
-408 + j*(-1581)
-611 + j*(-2475)
-757 + j*(-3363)
-845 + j*(-4230)
-883 + j*(-5049)
-862 + j*(-5817)
-784 + j*(-6509)
-664 + j*(-7116)
-486 + j*(-7632)
-267 + j*(-8036)
-12 + j*(-8336)
291 + j*(-8516)
609 + j*(-8577)
963 + j*(-8520)
1324 + j*(-8337)
1701 + j*(-8044)
2063 + j*(-7634)
2432 + j*(-7124)
2751 + j*(-6514)
3067 + j*(-5825)
3306 + j*(-5063)
3514 + j*(-4251)
3641 + j*(-3401)
3694 + j*(-2538)
3676 + j*(-1680)
3559 + j*(-847)
3370 + j*(-67)
3090 + j*(646)
2730 + j*(1267)
2311 + j*(1781)
1825 + j*(2170)
1301 + j*(2428)
762 + j*(2541)
201 + j*(2510)
-321 + j*(2335)
-825 + j*(2025)
-1256 + j*(1589)
-1623 + j*(1050)
-1888 + j*(416)
-2062 + j*(-273)
-2109 + j*(-1006)
-2053 + j*(-1741)
-1873 + j*(-2459)
-1592 + j*(-3134)
