rxdataF_rot = [-11164 + j*(-12777)
14 + j*(-19)
9135 + j*(8652)
12 + j*(-19)
3852 + j*(-12844)
9 + j*(-10)
-14601 + j*(-5181)
9 + j*(-10)
-240 + j*(-10965)
8 + j*(-12)
1241 + j*(11439)
7 + j*(-13)
4921 + j*(13162)
7 + j*(-13)
-16813 + j*(7948)
5 + j*(-12)
8069 + j*(11698)
5 + j*(-10)
-15057 + j*(2183)
5 + j*(-12)
13564 + j*(3891)
4 + j*(-9)
1393 + j*(11604)
4 + j*(-10)
-3459 + j*(-10969)
4 + j*(-9)
-16111 + j*(-1675)
2 + j*(-9)
3394 + j*(11910)
2 + j*(-9)
4183 + j*(7783)
2 + j*(-8)
9072 + j*(-6190)
2 + j*(-8)
-10480 + j*(-10376)
2 + j*(-9)
-7037 + j*(15829)
1 + j*(-8)
1905 + j*(-15585)
1 + j*(-7)
14366 + j*(1894)
2 + j*(-8)
-12798 + j*(1545)
2 + j*(-7)
15130 + j*(-6427)
2 + j*(-8)
14453 + j*(-8949)
2 + j*(-7)
-5642 + j*(-13951)
1 + j*(-7)
-11662 + j*(-2776)
3 + j*(-6)
13236 + j*(3994)
2 + j*(-7)
-14781 + j*(355)
2 + j*(-5)
14581 + j*(-3628)
1 + j*(-7)
-1352 + j*(15883)
2 + j*(-6)
-6858 + j*(-13637)
2 + j*(-6)
-11922 + j*(-1005)
2 + j*(-5)
8263 + j*(15733)
3 + j*(-2)
10967 + j*(10651)
3 + j*(-1)
-1507 + j*(11556)
1 + j*(-1)
-1033 + j*(12751)
2 + j*(-2)
1392 + j*(-16177)
2 + j*(-2)
-2462 + j*(-10130)
2 + j*(-3)
-9265 + j*(-72)
2 + j*(-3)
5963 + j*(10067)
2 + j*(-3)
6302 + j*(11358)
1 + j*(-3)
5333 + j*(14559)
1 + j*(-3)
15497 + j*(5260)
1 + j*(-1)
-12987 + j*(-855)
1 + j*(-3)
13626 + j*(-26)
1 + j*(-3)
-3677 + j*(11496)
0 + j*(-3)
5738 + j*(13886)
1 + j*(-2)
-4392 + j*(-5178)
0 + j*(-2)
-5578 + j*(8688)
0 + j*(-3)
-7426 + j*(4750)
1 + j*(-3)
-4137 + j*(13476)
0 + j*(-3)
-11933 + j*(-2525)
0 + j*(-2)
-3018 + j*(-13652)
0 + j*(-2)
-9899 + j*(14099)
1 + j*(-2)
-9787 + j*(-15278)
1 + j*(-2)
8869 + j*(13926)
1 + j*(-2)
-10706 + j*(14670)
0 + j*(-2)
-9101 + j*(11038)
2 + j*(-1)
-11778 + j*(-3118)
1 + j*(-2)
14384 + j*(145)
0 + j*(-2)
13222 + j*(-4107)
1 + j*(-2)
9122 + j*(-14364)
1 + j*(-1)
-2619 + j*(-12003)
1 + j*(-1)
4389 + j*(-14034)
1 + j*(-1)
11553 + j*(11318)
1 + j*(-2)
-12262 + j*(-8286)
2 + j*(-3)
-14837 + j*(7571)
1 + j*(-2)
-5024 + j*(9228)
1 + j*(-1)
-12257 + j*(4015)
1 + j*(-1)
5446 + j*(13228)
1 + j*(-3)
-2672 + j*(-11365)
1 + j*(-3)
-12724 + j*(8363)
2 + j*(-3)
-12541 + j*(13728)
1 + j*(-3)
5674 + j*(-9497)
0 + j*(-3)
8386 + j*(-12066)
1 + j*(-2)
-14649 + j*(-4651)
1 + j*(-2)
-15122 + j*(-4104)
1 + j*(-3)
-15551 + j*(-8689)
0 + j*(-1)
7405 + j*(14306)
0 + j*(-2)
-12098 + j*(-13204)
0 + j*(-2)
-13176 + j*(-9445)
2 + j*(-1)
13461 + j*(5648)
2 + j*(-2)
-7690 + j*(-14709)
1 + j*(-2)
4565 + j*(-9122)
0 + j*(-3)
4934 + j*(873)
0 + j*(-1)
4470 + j*(540)
0 + j*(-2)
-3083 + j*(-3975)
1 + j*(-2)
-2973 + j*(521)
0 + j*(0)
1874 + j*(-856)
0 + j*(-2)
-2275 + j*(2201)
0 + j*(-2)
-1883 + j*(177)
1 + j*(-3)
1628 + j*(1675)
1 + j*(-3)
1673 + j*(514)
0 + j*(-1)
-4613 + j*(2095)
2 + j*(-2)
-2097 + j*(2863)
1 + j*(-1)
-7555 + j*(-4546)
2 + j*(-2)
501 + j*(-449)
1 + j*(-2)
4735 + j*(-2092)
2 + j*(-2)
3743 + j*(-391)
2 + j*(-2)
3045 + j*(2550)
2 + j*(-2)
5992 + j*(-5473)
2 + j*(-2)
-2211 + j*(2169)
1 + j*(-2)
-2727 + j*(2028)
0 + j*(-3)
1489 + j*(-1379)
0 + j*(-3)
855 + j*(-1506)
0 + j*(-2)
4223 + j*(-2168)
1 + j*(-2)
3212 + j*(-2564)
1 + j*(-2)
1255 + j*(-1202)
0 + j*(-2)
-2261 + j*(-7722)
0 + j*(-2)
653 + j*(-438)
2 + j*(-2)
-1221 + j*(-313)
2 + j*(-3)
8551 + j*(-6378)
0 + j*(-2)
-773 + j*(3661)
0 + j*(-2)
-1754 + j*(753)
0 + j*(-2)
-773 + j*(289)
0 + j*(-1)
-1938 + j*(-1415)
0 + j*(-2)
1416 + j*(1642)
1 + j*(-2)
-3212 + j*(1204)
0 + j*(-1)
4704 + j*(-967)
1 + j*(-2)
-1172 + j*(1644)
1 + j*(-1)
-586 + j*(-1158)
1 + j*(-1)
-560 + j*(-2144)
1 + j*(-2)
-2303 + j*(-3586)
1 + j*(-2)
34 + j*(2197)
0 + j*(-2)
-1449 + j*(3001)
0 + j*(-2)
683 + j*(3164)
1 + j*(-1)
-1386 + j*(4713)
1 + j*(-1)
5375 + j*(6173)
1 + j*(-1)
415 + j*(364)
1 + j*(-3)
-3113 + j*(368)
1 + j*(-3)
-891 + j*(-3678)
2 + j*(-2)
2346 + j*(-2375)
1 + j*(-2)
426 + j*(-3361)
1 + j*(-3)
2449 + j*(-840)
1 + j*(-1)
-88 + j*(-1752)
1 + j*(-2)
1512 + j*(-1194)
2 + j*(-2)
1612 + j*(2605)
1 + j*(-2)
3306 + j*(-1492)
1 + j*(-2)
1792 + j*(-3231)
1 + j*(-2)
1146 + j*(5050)
1 + j*(-3)
-3686 + j*(-4577)
1 + j*(-2)
78 + j*(-809)
1 + j*(-1)
330 + j*(-4048)
0 + j*(-3)
-4170 + j*(-363)
2 + j*(-3)
-2682 + j*(904)
1 + j*(-2)
-608 + j*(3713)
1 + j*(-3)
1131 + j*(-3630)
1 + j*(-3)
461 + j*(-206)
3 + j*(-3)
-1369 + j*(780)
1 + j*(-2)
2459 + j*(-2100)
0 + j*(-2)
1158 + j*(-2446)
1 + j*(-2)
252 + j*(-829)
2 + j*(-3)
-5136 + j*(255)
1 + j*(-3)
-139 + j*(601)
1 + j*(-3)
-92 + j*(2987)
1 + j*(-3)
475 + j*(-1952)
1 + j*(-2)
670 + j*(-3573)
0 + j*(-2)
-1987 + j*(-45)
1 + j*(-3)
1871 + j*(772)
1 + j*(-3)
1602 + j*(1532)
1 + j*(-3)
-369 + j*(2850)
1 + j*(-2)
429 + j*(-2684)
1 + j*(-2)
-261 + j*(-1826)
2 + j*(-2)
877 + j*(-296)
1 + j*(-2)
-1394 + j*(807)
1 + j*(-2)
-1633 + j*(-312)
0 + j*(-1)
-22 + j*(-3181)
0 + j*(-2)
-1107 + j*(1979)
1 + j*(-2)
941 + j*(-1312)
0 + j*(-2)
62 + j*(-2361)
1 + j*(-2)
-1700 + j*(-1549)
1 + j*(-1)
693 + j*(241)
0 + j*(-2)
1268 + j*(140)
1 + j*(-2)
-2691 + j*(2712)
0 + j*(-2)
-1214 + j*(-1223)
0 + j*(-2)
-1987 + j*(-1279)
1 + j*(-2)
156 + j*(-2718)
-1 + j*(-3)
790 + j*(2341)
0 + j*(-3)
299 + j*(-1498)
0 + j*(-2)
-2094 + j*(-118)
1 + j*(-2)
2847 + j*(1847)
0 + j*(-2)
656 + j*(-3)
1 + j*(-3)
36 + j*(-2769)
0 + j*(-2)
1612 + j*(1863)
0 + j*(-3)
-171 + j*(1127)
0 + j*(-1)
-3204 + j*(-109)
0 + j*(-1)
920 + j*(1123)
0 + j*(-2)
-147 + j*(-408)
1 + j*(-1)
170 + j*(-739)
0 + j*(-2)
913 + j*(-1940)
1 + j*(-1)
1493 + j*(121)
-1 + j*(-2)
2164 + j*(-672)
0 + j*(-2)
221 + j*(-1119)
0 + j*(-2)
-1481 + j*(147)
0 + j*(-2)
-1073 + j*(-1408)
1 + j*(-3)
-846 + j*(1871)
1 + j*(-2)
-93 + j*(-465)
0 + j*(-2)
-2100 + j*(1246)
1 + j*(-2)
-473 + j*(-391)
0 + j*(0)
-1272 + j*(-509)
0 + j*(-3)
3313 + j*(629)
-1 + j*(-2)
270 + j*(-1936)
0 + j*(-2)
-679 + j*(-119)
0 + j*(-1)
723 + j*(-1118)
-1 + j*(-3)
217 + j*(-243)
0 + j*(-2)
-1309 + j*(-2702)
-1 + j*(-3)
-1650 + j*(-505)
0 + j*(-2)
-2572 + j*(1034)
0 + j*(-2)
344 + j*(1227)
1 + j*(-2)
402 + j*(-1696)
0 + j*(-2)
-137 + j*(-2198)
0 + j*(-2)
-229 + j*(-1124)
-1 + j*(-3)
-1084 + j*(1554)
1 + j*(-2)
-671 + j*(49)
0 + j*(-2)
1471 + j*(-489)
0 + j*(-3)
600 + j*(-400)
1 + j*(-1)
-356 + j*(-1702)
0 + j*(-2)
896 + j*(356)
0 + j*(0)
-530 + j*(903)
0 + j*(-2)
159 + j*(477)
0 + j*(-1)
-1131 + j*(-842)
0 + j*(-2)
691 + j*(1103)
0 + j*(-1)
901 + j*(-788)
0 + j*(-1)
-91 + j*(-3430)
0 + j*(-2)
10 + j*(-891)
0 + j*(-1)
200 + j*(-865)
1 + j*(-1)
-84 + j*(-518)
0 + j*(-1)
-297 + j*(-1029)
0 + j*(-1)
-574 + j*(-554)
1 + j*(-2)
-394 + j*(-491)
1 + j*(-1)
-675 + j*(-562)
0 + j*(-1)
375 + j*(747)
0 + j*(-2)
-354 + j*(737)
0 + j*(-2)
1040 + j*(-198)
1 + j*(-1)
-698 + j*(-476)
0 + j*(-2)
-253 + j*(756)
0 + j*(-2)
180 + j*(-714)
-1 + j*(-2)
126 + j*(-131)
1 + j*(-2)
-56 + j*(-713)
1 + j*(-2)
273 + j*(-1147)
0 + j*(-3)
-590 + j*(314)
-1 + j*(-3)
1154 + j*(1338)
0 + j*(-3)
-491 + j*(657)
1 + j*(-1)
171 + j*(-982)
2 + j*(-1)
-1139 + j*(679)
0 + j*(-2)
-213 + j*(235)
0 + j*(-1)
1229 + j*(752)
0 + j*(-2)
73 + j*(-110)
1 + j*(-2)
-167 + j*(-1266)
0 + j*(-1)
249 + j*(-686)
0 + j*(-1)
-84 + j*(979)
0 + j*(-1)
-404 + j*(263)
-1 + j*(-2)
39 + j*(-12)
1 + j*(-1)
237 + j*(-948)
0 + j*(-2)
240 + j*(861)
0 + j*(-1)
-129 + j*(959)
0 + j*(-1)
328 + j*(-960)
-1 + j*(-3)
-211 + j*(1272)
0 + j*(-2)
1410 + j*(334)
-1 + j*(-3)
813 + j*(273)
1 + j*(-1)
738 + j*(-288)
1 + j*(-1)
-280 + j*(761)
1 + j*(-2)
-913 + j*(-203)
1 + j*(-1)
-340 + j*(207)
0 + j*(-2)
242 + j*(742)
1 + j*(-2)
-91 + j*(-521)
0 + j*(-2)
-680 + j*(-55)
1 + j*(-3)
-459 + j*(708)
-1 + j*(-1)
332 + j*(-66)
0 + j*(-2)
-465 + j*(-172)
0 + j*(-1)
-727 + j*(-22)
0 + j*(-1)
-1868 + j*(870)
1 + j*(-2)
162 + j*(167)
0 + j*(-2)
-397 + j*(465)
0 + j*(-2)
-927 + j*(960)
1 + j*(-1)
-255 + j*(864)
1 + j*(-2)
183 + j*(-1)
0 + j*(-2)
-149 + j*(-971)
1 + j*(-3)
140 + j*(481)
1 + j*(-2)
773 + j*(-389)
1 + j*(-2)
-23 + j*(516)
0 + j*(-1)
-926 + j*(-49)
0 + j*(-1)
557 + j*(488)
0 + j*(-2)
476 + j*(-166)
1 + j*(-2)
-279 + j*(291)
0 + j*(-2)
-312 + j*(218)
1 + j*(-1)
-79 + j*(311)
-1 + j*(-3)
-2014 + j*(843)
1 + j*(-1)
868 + j*(-201)
-1 + j*(-2)
219 + j*(-273)
0 + j*(-1)
