rxdataF_fftw = [20573 + j*(21361)
20571 + j*(21351)
-21363 + j*(20567)
21366 + j*(-20556)
-21343 + j*(20579)
21328 + j*(-20570)
-20599 + j*(-21377)
20588 + j*(21385)
-20551 + j*(-21335)
21356 + j*(-20566)
-20583 + j*(-21342)
20566 + j*(21362)
21360 + j*(-20555)
-20586 + j*(-21359)
20597 + j*(21349)
-20585 + j*(-21335)
-20578 + j*(-21369)
21362 + j*(-20575)
21342 + j*(-20597)
21353 + j*(-20574)
-21369 + j*(20547)
21342 + j*(-20593)
20605 + j*(21362)
20598 + j*(21357)
21363 + j*(-20552)
20574 + j*(21336)
21310 + j*(-20564)
-20567 + j*(-21369)
-21367 + j*(20589)
-21343 + j*(20582)
20580 + j*(21336)
-21360 + j*(20559)
20564 + j*(21374)
20595 + j*(21362)
-20575 + j*(-21382)
21349 + j*(-20592)
-21341 + j*(20582)
20550 + j*(21362)
20588 + j*(21360)
21365 + j*(-20566)
-20546 + j*(-21325)
20600 + j*(21367)
-21338 + j*(20563)
21336 + j*(-20531)
-21335 + j*(20593)
-21356 + j*(20603)
20588 + j*(21357)
21385 + j*(-20598)
-20603 + j*(-21356)
-21359 + j*(20594)
-20557 + j*(-21356)
-21357 + j*(20566)
-20577 + j*(-21349)
20608 + j*(21358)
20568 + j*(21349)
20590 + j*(21375)
20562 + j*(21380)
20530 + j*(21349)
21352 + j*(-20544)
20581 + j*(21334)
-21337 + j*(20557)
-21321 + j*(20535)
-21385 + j*(20571)
-21380 + j*(20575)
-21353 + j*(20571)
20577 + j*(21337)
-20538 + j*(-21361)
20601 + j*(21345)
21348 + j*(-20553)
-20580 + j*(-21329)
20610 + j*(21389)
20585 + j*(21324)
-21370 + j*(20581)
21356 + j*(-20595)
20569 + j*(21363)
21368 + j*(-20574)
-20572 + j*(-21382)
-20573 + j*(-21355)
21366 + j*(-20556)
-21340 + j*(20595)
20535 + j*(21358)
21374 + j*(-20591)
20595 + j*(21341)
21369 + j*(-20595)
20557 + j*(21356)
21349 + j*(-20577)
20569 + j*(21361)
-20583 + j*(-21392)
-21366 + j*(20626)
-21357 + j*(20555)
-21353 + j*(20552)
-21357 + j*(20566)
-20600 + j*(-21342)
-20536 + j*(-21353)
21349 + j*(-20586)
-21345 + j*(20571)
21350 + j*(-20580)
-20582 + j*(-21394)
20583 + j*(21335)
21361 + j*(-20580)
-20556 + j*(-21348)
20591 + j*(21354)
21342 + j*(-20574)
-20579 + j*(-21372)
-21319 + j*(20596)
-21323 + j*(20601)
20613 + j*(21346)
21373 + j*(-20571)
20552 + j*(21358)
-20594 + j*(-21329)
-20548 + j*(-21360)
21352 + j*(-20602)
20567 + j*(21291)
21320 + j*(-20575)
20592 + j*(21378)
20583 + j*(21368)
20588 + j*(21311)
-20597 + j*(-21347)
21347 + j*(-20620)
20529 + j*(21347)
7 + j*(-8)
-14 + j*(11)
29 + j*(10)
31 + j*(-13)
59 + j*(12)
24 + j*(-18)
29 + j*(3)
-4 + j*(-3)
-48 + j*(25)
10 + j*(5)
-21 + j*(-11)
-16 + j*(-14)
31 + j*(-11)
1 + j*(-12)
14 + j*(0)
-2 + j*(22)
-5 + j*(11)
29 + j*(10)
-14 + j*(11)
9 + j*(20)
3 + j*(-25)
8 + j*(0)
-14 + j*(4)
-1 + j*(-19)
4 + j*(31)
-15 + j*(42)
0 + j*(-14)
-6 + j*(-9)
-13 + j*(17)
13 + j*(1)
-9 + j*(-16)
2 + j*(3)
20 + j*(-1)
0 + j*(3)
16 + j*(-3)
-9 + j*(-13)
-39 + j*(40)
-40 + j*(10)
2 + j*(-35)
16 + j*(7)
-26 + j*(-1)
-31 + j*(-17)
-12 + j*(10)
-22 + j*(14)
-1 + j*(24)
7 + j*(18)
56 + j*(-30)
6 + j*(-8)
-27 + j*(-2)
4 + j*(-15)
-13 + j*(-16)
23 + j*(33)
16 + j*(10)
-5 + j*(-1)
-2 + j*(20)
31 + j*(19)
-11 + j*(-11)
-9 + j*(29)
36 + j*(2)
15 + j*(34)
-36 + j*(-10)
9 + j*(11)
9 + j*(24)
20 + j*(-15)
20 + j*(5)
25 + j*(-5)
-28 + j*(-25)
-16 + j*(-31)
11 + j*(44)
11 + j*(-3)
4 + j*(-42)
-4 + j*(-42)
0 + j*(-7)
-24 + j*(-35)
-20 + j*(16)
-13 + j*(8)
-17 + j*(-11)
-3 + j*(-12)
12 + j*(-15)
-7 + j*(-5)
-19 + j*(-22)
17 + j*(7)
29 + j*(-6)
-24 + j*(-18)
26 + j*(13)
-18 + j*(19)
-1 + j*(-29)
1 + j*(-14)
27 + j*(0)
-14 + j*(-12)
-23 + j*(1)
0 + j*(-20)
8 + j*(8)
27 + j*(18)
4 + j*(18)
17 + j*(27)
8 + j*(5)
27 + j*(18)
-27 + j*(-5)
-20 + j*(-6)
8 + j*(-38)
31 + j*(0)
14 + j*(-36)
9 + j*(-23)
20 + j*(23)
14 + j*(14)
35 + j*(-33)
9 + j*(-37)
-14 + j*(47)
-35 + j*(13)
7 + j*(-4)
-10 + j*(-27)
4 + j*(3)
-8 + j*(19)
37 + j*(1)
3 + j*(0)
18 + j*(13)
17 + j*(-1)
4 + j*(41)
-37 + j*(41)
-10 + j*(3)
-15 + j*(-2)
-6 + j*(14)
-1 + j*(-18)
12 + j*(-27)
-29 + j*(-24)
-35 + j*(0)
-18 + j*(40)
-23 + j*(5)
38 + j*(-10)
24 + j*(-46)
5 + j*(5)
-8 + j*(-25)
2 + j*(10)
-29 + j*(7)
-3 + j*(-1)
-14 + j*(-3)
40 + j*(15)
-20 + j*(-11)
-1 + j*(27)
0 + j*(-10)
0 + j*(-25)
-21 + j*(10)
-24 + j*(-36)
24 + j*(-17)
8 + j*(13)
11 + j*(-2)
0 + j*(31)
2 + j*(-6)
3 + j*(-23)
26 + j*(-3)
0 + j*(-40)
45 + j*(-28)
5 + j*(22)
-8 + j*(14)
14 + j*(-40)
-34 + j*(22)
-12 + j*(5)
-3 + j*(-12)
10 + j*(13)
35 + j*(-33)
14 + j*(23)
-34 + j*(-19)
14 + j*(12)
-8 + j*(0)
-38 + j*(-2)
0 + j*(21)
-25 + j*(8)
0 + j*(42)
8 + j*(-6)
-37 + j*(-1)
40 + j*(-8)
-13 + j*(41)
-16 + j*(6)
-33 + j*(60)
-16 + j*(1)
36 + j*(-2)
31 + j*(0)
32 + j*(9)
-1 + j*(-31)
-10 + j*(-16)
4 + j*(-4)
-20 + j*(4)
3 + j*(-1)
15 + j*(-1)
0 + j*(4)
-22 + j*(22)
5 + j*(0)
-6 + j*(3)
-4 + j*(3)
2 + j*(-13)
15 + j*(5)
-5 + j*(-6)
-19 + j*(0)
5 + j*(-25)
-28 + j*(-21)
-12 + j*(3)
20 + j*(16)
-8 + j*(21)
2 + j*(16)
30 + j*(37)
-7 + j*(14)
10 + j*(-1)
-9 + j*(18)
13 + j*(-24)
-4 + j*(19)
-30 + j*(44)
21 + j*(-37)
24 + j*(57)
-30 + j*(7)
-5 + j*(11)
-28 + j*(5)
23 + j*(-26)
-2 + j*(15)
6 + j*(-4)
14 + j*(-23)
24 + j*(-15)
-27 + j*(-27)
41 + j*(-34)
17 + j*(31)
-4 + j*(16)
11 + j*(42)
11 + j*(14)
25 + j*(-40)
20 + j*(-9)
14 + j*(26)
9 + j*(6)
24 + j*(-28)
-2 + j*(11)
6 + j*(-16)
2 + j*(-14)
-6 + j*(-50)
-10 + j*(-7)
8 + j*(3)
-29 + j*(-12)
-22 + j*(-28)
14 + j*(16)
-4 + j*(-5)
-10 + j*(17)
6 + j*(-8)
25 + j*(1)
-10 + j*(7)
-22 + j*(3)
6 + j*(-11)
1 + j*(33)
38 + j*(-7)
-3 + j*(-11)
-1 + j*(21)
1 + j*(-6)
3 + j*(-4)
23 + j*(3)
36 + j*(7)
-1 + j*(22)
8 + j*(-11)
-14 + j*(-1)
0 + j*(-11)
-17 + j*(-13)
-10 + j*(-27)
29 + j*(31)
-38 + j*(6)
9 + j*(-4)
-31 + j*(13)
19 + j*(-36)
-5 + j*(24)
33 + j*(0)
-4 + j*(36)
-1 + j*(-35)
-1 + j*(7)
-16 + j*(11)
-29 + j*(40)
34 + j*(-29)
0 + j*(11)
14 + j*(18)
0 + j*(10)
2 + j*(0)
-20 + j*(-2)
-19 + j*(-22)
-23 + j*(-18)
45 + j*(0)
17 + j*(10)
-4 + j*(-29)
29 + j*(-29)
2 + j*(-11)
11 + j*(-24)
33 + j*(0)
29 + j*(17)
7 + j*(51)
4 + j*(0)
-2 + j*(5)
11 + j*(-20)
0 + j*(-7)
6 + j*(9)
-2 + j*(-26)
14 + j*(11)
-2 + j*(-12)
6 + j*(-1)
-14 + j*(20)
-10 + j*(27)
12 + j*(13)
10 + j*(10)
20 + j*(17)
-12 + j*(2)
8 + j*(5)
33 + j*(-7)
-17 + j*(39)
-21 + j*(-18)
39 + j*(24)
-15 + j*(2)
3 + j*(14)
33 + j*(3)
-31 + j*(0)
0 + j*(9)
27 + j*(19)
-6 + j*(-1)
43 + j*(2)
-2 + j*(6)
-15 + j*(-13)
10 + j*(21)
1 + j*(-8)
14 + j*(-21)
4 + j*(-24)
-17 + j*(18)
12 + j*(-17)
9 + j*(18)
10 + j*(-4)
17 + j*(43)
15 + j*(13)
1 + j*(-5)
-22 + j*(10)
-14 + j*(47)
-20 + j*(-3)
40 + j*(-20)
3 + j*(-26)
4 + j*(23)
2 + j*(-35)
-13 + j*(-1)
40 + j*(-26)
-17 + j*(-12)
20 + j*(26)
0 + j*(-8)
-4 + j*(5)
-9 + j*(-16)
-5 + j*(-10)
-4 + j*(-5)
1 + j*(39)
18 + j*(16)
1 + j*(-32)
26 + j*(-12)
26 + j*(23)
-27 + j*(18)
-5 + j*(-14)
5 + j*(-44)
25 + j*(11)
26 + j*(-32)
-8 + j*(19)
21 + j*(5)
-29 + j*(14)
8 + j*(-29)
-21 + j*(35)
0 + j*(-3)
32 + j*(-14)
25 + j*(4)
-28 + j*(-1)
19 + j*(27)
38 + j*(10)
2 + j*(1)
16 + j*(-26)
-38 + j*(-27)
4 + j*(-43)
4 + j*(30)
3 + j*(-1)
15 + j*(-4)
-44 + j*(-23)
34 + j*(20)
20 + j*(43)
-28 + j*(40)
-9 + j*(56)
4 + j*(-10)
-16 + j*(2)
-18 + j*(-57)
-4 + j*(0)
-8 + j*(-7)
-22 + j*(0)
19 + j*(-18)
17 + j*(-30)
8 + j*(-6)
-9 + j*(-1)
22 + j*(-7)
-8 + j*(-16)
34 + j*(-8)
-20 + j*(16)
31 + j*(-3)
8 + j*(2)
5 + j*(-10)
6 + j*(13)
-39 + j*(23)
19 + j*(-31)
18 + j*(37)
-17 + j*(-5)
12 + j*(-1)
51 + j*(40)
40 + j*(-6)
30 + j*(12)
-7 + j*(26)
-15 + j*(-10)
13 + j*(-2)
21 + j*(8)
2 + j*(-48)
-10 + j*(33)
-16 + j*(17)
13 + j*(1)
20 + j*(1)
-3 + j*(9)
6 + j*(-7)
-22 + j*(11)
-7 + j*(7)
8 + j*(16)
-20 + j*(-3)
27 + j*(12)
62 + j*(16)
-17 + j*(32)
-1 + j*(-6)
-14 + j*(12)
50 + j*(0)
28 + j*(1)
23 + j*(-39)
44 + j*(0)
12 + j*(18)
-1 + j*(36)
-12 + j*(-38)
8 + j*(0)
16 + j*(-39)
4 + j*(16)
29 + j*(12)
-55 + j*(14)
11 + j*(11)
15 + j*(-22)
23 + j*(14)
12 + j*(1)
4 + j*(35)
39 + j*(1)
-13 + j*(-1)
37 + j*(11)
11 + j*(-17)
-51 + j*(37)
-11 + j*(-24)
22 + j*(0)
11 + j*(-2)
26 + j*(-9)
11 + j*(27)
0 + j*(32)
-11 + j*(38)
-21 + j*(15)
22 + j*(-13)
-15 + j*(-32)
-14 + j*(-46)
27 + j*(23)
0 + j*(47)
-8 + j*(41)
3 + j*(4)
10 + j*(8)
-35 + j*(-45)
-5 + j*(-4)
-17 + j*(17)
0 + j*(6)
0 + j*(8)
14 + j*(52)
32 + j*(20)
32 + j*(-16)
2 + j*(11)
24 + j*(-57)
